0.352497 -0.935795 0.00587234 -189.909 0.935662 0.352546 0.0157725 -113.805 -0.01683 -6.52149e-05 0.999858 -0.130847
0.352453 -0.935811 0.00582023 -189.911 0.935678 0.352501 0.0157889 -113.808 -0.0168271 -0.000118999 0.999858 -0.120647
0.352456 -0.93581 0.00577515 -189.904 0.935677 0.352503 0.0158039 -113.803 -0.0168252 -0.00016651 0.999858 -0.129246
0.352338 -0.935856 0.00572029 -189.907 0.935721 0.352384 0.0158752 -113.806 -0.0168726 -0.000240828 0.999858 -0.124546
0.352331 -0.935858 0.00571526 -189.907 0.935723 0.352377 0.0158906 -113.809 -0.0168853 -0.000250857 0.999857 -0.124547
0.352352 -0.93585 0.00574182 -189.903 0.935714 0.352399 0.0159363 -113.804 -0.0169374 -0.000242486 0.999857 -0.128846
0.352407 -0.935828 0.0060026 -189.904 0.935693 0.352458 0.0158615 -113.807 -0.0169593 2.6905e-05 0.999856 -0.128246
0.35235 -0.935848 0.00611476 -189.907 0.935714 0.352403 0.0158506 -113.809 -0.0169886 0.000136727 0.999856 -0.126947
0.352258 -0.935883 0.0061376 -189.904 0.935749 0.352312 0.0158052 -113.809 -0.0169542 0.000175725 0.999856 -0.131446
0.352265 -0.93588 0.0061322 -189.899 0.935746 0.352318 0.0158273 -113.813 -0.016973 0.00016278 0.999856 -0.129446
0.349523 -0.936915 0.00486811 -189.887 0.936781 0.349555 0.0158859 -113.778 -0.0165854 -0.000992136 0.999862 -0.113745
0.350868 -0.936405 0.00607262 -189.865 0.936262 0.350921 0.0163803 -113.692 -0.0174696 -6.17839e-05 0.999847 -0.108243
0.350263 -0.936626 0.0068916 -189.819 0.93646 0.35033 0.017653 -113.571 -0.0189486 0.0002705 0.99982 -0.10794
0.348362 -0.937337 0.00665546 -189.752 0.937201 0.348425 0.0159664 -113.418 -0.0172848 0.000675412 0.99985 -0.108235
0.345037 -0.938563 0.00699949 -189.612 0.93847 0.345102 0.0133539 -113.041 -0.014949 0.00196122 0.999886 -0.089724
0.343392 -0.939139 0.00997701 -189.421 0.938964 0.343524 0.0184135 -112.547 -0.0207201 0.003045 0.999781 -0.0981096
0.341984 -0.939677 0.00733066 -189.319 0.939521 0.342061 0.017184 -112.247 -0.018655 0.00101065 0.999825 -0.0892012
0.3413 -0.939918 0.00825367 -189.242 0.939742 0.341397 0.0182678 -112.045 -0.019988 0.00152151 0.999799 -0.102695
0.341972 -0.939669 0.00885229 -189.155 0.939459 0.342083 0.0198856 -111.838 -0.0217141 0.00151607 0.999763 -0.0847892
0.339765 -0.940473 0.0083478 -189.033 0.940253 0.339866 0.0203895 -111.526 -0.0220129 0.000921415 0.999757 -0.07958
0.337939 -0.941121 0.00942517 -188.888 0.940977 0.338055 0.0167407 -111.184 -0.0189413 0.00321153 0.999815 -0.0782697
0.338237 -0.941003 0.0104546 -188.764 0.940828 0.33838 0.0185093 -110.859 -0.0209549 0.00357545 0.999774 -0.0491604
0.336427 -0.941655 0.0101887 -188.632 0.941518 0.336557 0.0165397 -110.508 -0.0190037 0.00402849 0.999811 -0.0614504
0.335836 -0.941849 0.0115944 -188.59 0.94175 0.335984 0.0148527 -110.402 -0.0178846 0.00593091 0.999822 -0.0460473
0.336598 -0.941583 0.01108 -188.458 0.941447 0.336746 0.0167408 -110.06 -0.019494 0.00479632 0.999798 -0.0754375
0.336888 -0.941484 0.0106618 -188.376 0.941315 0.337035 0.0182864 -109.819 -0.0208097 0.00387567 0.999776 -0.0373308
0.335373 -0.942024 0.010755 -188.276 0.9419 0.335512 0.0160058 -109.582 -0.0186863 0.00476227 0.999814 -0.0404238
0.334788 -0.942236 0.0104074 -188.181 0.942127 0.334916 0.015116 -109.34 -0.0177285 0.00474447 0.999832 -0.0275168
0.335995 -0.941708 0.0171332 -187.948 0.941709 0.336214 0.0120171 -108.713 -0.0170771 0.0120968 0.999781 -0.0679992
0.336555 -0.941553 0.0144743 -187.842 0.941562 0.336704 0.0094967 -108.468 -0.0138152 0.0104323 0.99985 -0.0557919
0.336426 -0.941621 0.0129381 -187.747 0.941651 0.336527 0.00656058 -108.227 -0.0105316 0.00997602 0.999895 -0.052485
0.336436 -0.941642 0.011028 -187.646 0.94167 0.336502 0.00482679 -107.968 -0.00825607 0.00876086 0.999928 -0.0704776
0.336805 -0.941517 0.0103627 -187.55 0.941558 0.336844 0.00213623 -107.714 -0.00550189 0.00903754 0.999944 -0.0551704
0.336635 -0.941599 0.00822622 -187.446 0.941635 0.336617 -0.00349408 -107.446 0.000520942 0.00892233 0.99996 -0.0719628
0.337027 -0.94147 0.00690093 -187.35 0.941486 0.336982 -0.00691631 -107.203 0.00418601 0.00882811 0.999952 -0.0561559
0.336923 -0.941504 0.00733821 -187.248 0.941517 0.336863 -0.00832424 -106.939 0.00536533 0.00971368 0.999938 -0.0581485
0.336078 -0.941786 0.00951722 -187.098 0.941781 0.335934 -0.0140217 -106.55 0.0100083 0.0136755 0.999856 -0.0542375
0.335991 -0.941831 0.00798813 -187.051 0.941774 0.335828 -0.0167911 -106.423 0.0131317 0.0131647 0.999827 -0.068634
0.339362 -0.940636 0.0062013 -186.896 0.940621 0.339285 -0.0108107 -106.046 0.00806493 0.00950181 0.999922 -0.0632231
0.339301 -0.940649 0.00732346 -186.663 0.940618 0.339182 -0.0138916 -105.406 0.0105831 0.011602 0.999877 -0.0399057
0.338549 -0.940914 0.00812021 -186.505 0.940912 0.338446 -0.0118133 -105 0.00836703 0.0116398 0.999897 -0.0308943
0.339155 -0.940715 0.00545731 -186.318 0.940667 0.339059 -0.013579 -104.552 0.0109236 0.0097389 0.999893 -0.0603815
0.339789 -0.940492 0.00417413 -186.215 0.940457 0.339727 -0.0112203 -104.249 0.00913458 0.00773814 0.999928 -0.0526734
0.33875 -0.940875 0.00138169 -185.971 0.940819 0.338713 -0.0115736 -103.633 0.0104213 0.00522047 0.999932 -0.0444563
0.33939 -0.940644 0.00162822 -185.845 0.940603 0.339358 -0.0101172 -103.314 0.00896414 0.00496519 0.999947 -0.0283474
0.339348 -0.940656 0.00306704 -185.735 0.940603 0.339289 -0.0122063 -103.003 0.0104413 0.00702705 0.999921 -0.0284391
0.338721 -0.940859 0.00716589 -185.611 0.940833 0.33861 -0.013301 -102.689 0.0100879 0.0112472 0.999886 -0.0116304
0.34066 -0.940152 0.00810538 -185.493 0.94014 0.340545 -0.0128522 -102.371 0.00932277 0.0119984 0.999885 -0.0236219
0.34088 -0.940072 0.00804069 -185.192 0.940014 0.340714 -0.0169466 -101.606 0.0131915 0.0133351 0.999824 -0.0206008
0.340796 -0.940068 0.0113825 -185.075 0.940071 0.340603 -0.0160102 -101.283 0.0111737 0.0161565 0.999807 -0.0266923
0.341088 -0.939991 0.00872929 -184.951 0.939951 0.340923 -0.0162128 -100.989 0.0122639 0.0137351 0.99983 -0.036284
0.341908 -0.939707 0.00707007 -184.837 0.939635 0.341755 -0.0170068 -100.684 0.0135652 0.0124581 0.99983 -0.0123758
0.340743 -0.940123 0.00791444 -184.533 0.940041 0.340558 -0.0185089 -99.9258 0.0147054 0.0137467 0.999797 -0.018855
0.34257 -0.939461 0.0077476 -184.279 0.939401 0.342409 -0.0167823 -99.3203 0.0131134 0.0130272 0.999829 -0.00893819
0.341699 -0.9398 0.00410652 -184.123 0.939662 0.341565 -0.0191985 -98.8731 0.0166401 0.0104188 0.999807 -0.0098267
0.34419 -0.938864 0.00819575 -183.944 0.93879 0.344004 -0.0183009 -98.4029 0.0143627 0.0139931 0.999799 -0.0299142
0.34374 -0.93905 0.00523193 -183.82 0.938927 0.343589 -0.0190274 -98.0977 0.0160701 0.0114529 0.999805 -0.0354059
0.345873 -0.938268 0.00490949 -183.638 0.938152 0.345733 -0.0184307 -97.6348 0.0155955 0.0109805 0.999818 -0.0384936
0.344231 -0.938885 0.000813589 -183.515 0.938713 0.344151 -0.0194498 -97.3352 0.0179811 0.00745894 0.999811 -0.0321854
0.345741 -0.93831 0.00617539 -183.294 0.938214 0.345587 -0.0179899 -96.7244 0.014746 0.0120137 0.999819 -0.0309697
0.345243 -0.938493 0.00612298 -183.173 0.938368 0.345067 -0.019864 -96.4257 0.0165294 0.0126035 0.999784 -0.0322617
0.345206 -0.938501 0.00694655 -183.042 0.938369 0.345002 -0.0209187 -96.1246 0.0172357 0.0137397 0.999757 -0.0348534
0.347029 -0.93784 0.00515737 -182.943 0.937716 0.346879 -0.0190577 -95.8106 0.0160841 0.0114497 0.999805 -0.0339458
0.3474 -0.937697 0.00608254 -182.816 0.937532 0.347195 -0.0221071 -95.5121 0.0186179 0.0133826 0.999737 -0.0355376
0.347516 -0.937671 0.00235765 -182.566 0.937507 0.347406 -0.0197362 -94.9051 0.017687 0.00906898 0.999802 -0.0159214
0.347739 -0.937485 0.0141323 -182.101 0.937507 0.347466 -0.0186722 -93.6775 0.0125944 0.0197422 0.999726 -0.00758983
0.348223 -0.937407 0.00291622 -181.749 0.937283 0.348122 -0.0176771 -92.7654 0.0155555 0.00888892 0.999839 -0.0229664
0.348757 -0.937201 0.00469892 -181.57 0.937051 0.348598 -0.0203714 -92.309 0.017454 0.0115078 0.999781 -0.0100546
0.350941 -0.93639 0.00385225 -181.204 0.936249 0.350809 -0.0192565 -91.3905 0.0166801 0.0103645 0.999807 -0.00593095
0.351424 -0.936205 0.00460546 -181.04 0.936075 0.351281 -0.019114 -90.9281 0.0162768 0.0110282 0.999807 -0.00791964
0.353645 -0.935376 0.00258089 -180.734 0.935238 0.353542 -0.0183735 -90.1785 0.0162737 0.00891145 0.999828 -0.0147003
0.351803 -0.936051 0.00655286 -180.489 0.935941 0.351627 -0.0193058 -89.5766 0.0157671 0.0129249 0.999792 -0.0189848
0.353773 -0.935318 0.0049483 -180.262 0.935212 0.353638 -0.0178669 -88.9644 0.0149613 0.0109485 0.999828 -0.00476979
0.354604 -0.935005 0.00468465 -179.84 0.934897 0.354474 -0.0177523 -87.9134 0.0149379 0.0106747 0.999831 -0.0339432
0.354296 -0.935126 0.00358085 -179.721 0.934977 0.354164 -0.0196223 -87.6228 0.0170811 0.0103001 0.999801 -0.0237359
0.354638 -0.934967 0.00828872 -179.432 0.934854 0.354409 -0.0210366 -86.8871 0.0167309 0.0152091 0.999744 -0.00721759
0.354998 -0.934848 0.00597149 -179.324 0.934716 0.354819 -0.0202181 -86.5934 0.016782 0.012759 0.999778 -0.00911056
0.356069 -0.934456 0.0028283 -179.212 0.934353 0.35598 -0.0162045 -86.2906 0.0141356 0.00841254 0.999865 -0.000903274
0.354357 -0.93511 0.000182201 -179.086 0.934987 0.354307 -0.016327 -85.994 0.015203 0.00595593 0.999867 -0.00479573
0.364015 -0.931388 0.00302664 -178.795 0.931321 0.363945 -0.0135762 -85.2511 0.0115432 0.00776073 0.999903 -0.00917754
0.392936 -0.919565 0.00154303 -178.535 0.919496 0.392885 -0.0130001 -84.6718 0.0113482 0.006527 0.999914 -0.00436251
0.406447 -0.913668 0.00351464 -178.337 0.913617 0.406375 -0.0128044 -84.2335 0.0102707 0.00841533 0.999912 0.00654887
0.420151 -0.907375 0.011985 -177.792 0.907384 0.419918 -0.0180016 -83.0882 0.0113014 0.0184384 0.999766 -2.0824e-05
0.422681 -0.906185 0.0130144 -177.657 0.906202 0.422415 -0.0190958 -82.8106 0.0118069 0.0198651 0.999733 -0.0114134
0.425914 -0.904745 0.00584406 -177.045 0.904648 0.425747 -0.0187684 -81.5603 0.0144926 0.0132806 0.999807 0.00101977
0.42783 -0.903856 0.00231769 -176.776 0.903722 0.427719 -0.018528 -80.9942 0.0157553 0.0100214 0.999826 0.0175345
0.427382 -0.904069 0.00191627 -176.639 0.903968 0.427301 -0.0159677 -80.7083 0.013617 0.00855654 0.999871 0.0263419
0.420358 -0.907334 0.0067081 -176.524 0.907223 0.420155 -0.0204044 -80.4431 0.0156951 0.0146629 0.999769 0.000848482
0.411275 -0.911511 0.00108945 -176.335 0.911401 0.411206 -0.0160298 -80.0289 0.0141633 0.00758557 0.999871 -0.00154107
0.409536 -0.912292 0.00166555 -176.154 0.912172 0.409452 -0.0170591 -79.625 0.014881 0.00850561 0.999853 6.90162e-05
0.412434 -0.910936 0.00967781 -175.636 0.910894 0.412217 -0.0186658 -78.5169 0.013014 0.0165139 0.999779 -0.0016029
0.414328 -0.910028 0.0134375 -175.511 0.910044 0.414045 -0.0196515 -78.2294 0.0123197 0.0203709 0.999717 -0.0056959
0.413716 -0.91033 0.0117802 -175.381 0.910301 0.413436 -0.0205813 -77.9496 0.0138654 0.0192383 0.999719 0.00781112
0.413064 -0.910694 0.00376548 -175.252 0.910561 0.412925 -0.0192666 -77.6762 0.0159911 0.011387 0.999807 -0.008182
0.415873 -0.909413 0.00416172 -174.998 0.909319 0.415753 -0.016989 -77.1132 0.0137197 0.0108496 0.999847 0.00763185
0.415831 -0.909436 0.00315257 -174.862 0.909315 0.415713 -0.0181433 -76.8385 0.0151896 0.0104112 0.99983 -0.0112611
0.415915 -0.909396 0.00381875 -174.735 0.909264 0.415773 -0.0192861 -76.5582 0.0159509 0.0114936 0.999807 0.00314577
0.41733 -0.908729 0.00692535 -174.533 0.908631 0.417134 -0.0197209 -76.1362 0.0150322 0.0145227 0.999782 0.00675639
0.418408 -0.908255 0.00287214 -174.336 0.908091 0.418268 -0.0205579 -75.7206 0.0174705 0.0112098 0.999785 0.0166667
0.420697 -0.907199 0.00182828 -174.203 0.907077 0.420605 -0.0173852 -75.4407 0.0150029 0.0089723 0.999847 0.0228737
0.421069 -0.907022 0.00354526 -174.01 0.90688 0.420926 -0.0197518 -75.013 0.016423 0.011532 0.999799 0.022084
0.420926 -0.907091 0.00255348 -173.887 0.906965 0.420817 -0.0181116 -74.731 0.0153543 0.00993955 0.999833 0.0204907
0.421816 -0.90668 0.00182511 -173.836 0.906567 0.421729 -0.0167765 -74.5705 0.0144412 0.00873115 0.999858 0.00909399
0.422875 -0.906187 0.00102933 -173.632 0.906052 0.422792 -0.0177912 -74.1507 0.015687 0.0084561 0.999841 0.0239045
0.425353 -0.905025 0.00195904 -173.242 0.904859 0.425232 -0.020187 -73.2808 0.0174367 0.0103593 0.999794 0.0497252
0.427175 -0.904169 0.000396057 -172.95 0.903976 0.427075 -0.0208463 -72.7132 0.0186794 0.00926304 0.999783 0.0311396
0.42615 -0.904653 -0.000127392 -172.668 0.904403 0.426036 -0.0234152 -72.1115 0.0212369 0.00986316 0.999726 0.0345541
0.42908 -0.903266 0.000508883 -172.493 0.903059 0.42897 -0.0216693 -71.7706 0.0193549 0.00975743 0.999765 0.0380627
0.427994 -0.903778 0.00250759 -172.339 0.903537 0.427812 -0.024455 -71.4243 0.0210291 0.0127323 0.999698 0.0389708
0.429306 -0.903045 -0.0143582 -172.085 0.902969 0.429487 -0.0137068 -70.9134 0.0185445 -0.00708055 0.999803 0.0531834
0.430264 -0.902701 0.00200675 -171.923 0.902522 0.430133 -0.0209646 -70.5139 0.0180616 0.0108314 0.999778 0.0532922
0.43063 -0.902526 0.00207229 -171.374 0.902314 0.430477 -0.0227711 -69.405 0.0196594 0.0116758 0.999739 0.0413192
0.432121 -0.901812 0.00249269 -171.036 0.90158 0.431943 -0.0240682 -68.684 0.0206283 0.0126477 0.999707 0.0504361
0.435127 -0.900365 -0.0025945 -170.617 0.90018 0.435093 -0.0192261 -67.7662 0.0184394 0.00603028 0.999812 0.0445572
0.436684 -0.899614 0.00123783 -170.193 0.899449 0.436577 -0.0198025 -66.8581 0.0172742 0.00976081 0.999803 0.0459782
0.435547 -0.900146 0.00589792 -170.034 0.90001 0.435341 -0.0214442 -66.5097 0.0167353 0.0146482 0.999753 0.0463861
0.437918 -0.898993 0.00624719 -169.879 0.898893 0.437734 -0.0195066 -66.1559 0.0148017 0.0141579 0.99979 0.0567939
0.43921 -0.898369 0.00516292 -169.712 0.898232 0.439023 -0.0209266 -65.8314 0.0165332 0.0138287 0.999768 0.0436017
0.440036 -0.897976 0.0027246 -169.553 0.897832 0.439907 -0.0194739 -65.4927 0.0162885 0.0110154 0.999807 0.0573094
0.440055 -0.897968 0.00212338 -169.374 0.897848 0.439955 -0.0175625 -65.1806 0.0148364 0.00963495 0.999844 0.0546174
0.441917 -0.897049 0.00344542 -168.991 0.896919 0.441778 -0.0191991 -64.3226 0.0157004 0.0115746 0.99981 0.0684363
0.444673 -0.89569 0.00235096 -168.631 0.895565 0.444564 -0.0180739 -63.5535 0.0151434 0.0101424 0.999834 0.0840536
0.443866 -0.89608 0.00478737 -168.485 0.895957 0.443699 -0.0197947 -63.252 0.0156135 0.0130755 0.999793 0.0723604
0.447078 -0.89448 0.00515456 -167.962 0.894357 0.4469 -0.0201709 -62.1175 0.0157389 0.013628 0.999783 0.0816855
0.447878 -0.894046 0.0093611 -167.665 0.89399 0.447641 -0.0200045 -61.5013 0.0136945 0.0173283 0.999756 0.0601993
0.44886 -0.893556 0.00905973 -167.519 0.893469 0.448594 -0.0218413 -61.1649 0.0154523 0.0178983 0.99972 0.0552064
0.450806 -0.892579 0.00873346 -167.285 0.89254 0.450612 -0.0179064 -60.6933 0.0120475 0.0158673 0.999802 0.066617
0.454591 -0.890628 0.0113825 -166.682 0.890611 0.454328 -0.0199292 -59.4368 0.0125781 0.019197 0.999737 0.0629447
0.455691 -0.890094 0.00886153 -166.319 0.890033 0.455462 -0.0198752 -58.6653 0.0136547 0.016944 0.999763 0.0626613
0.460317 -0.887733 0.00619038 -165.62 0.887613 0.460108 -0.0210404 -57.2141 0.01583 0.0151799 0.999759 0.0537928
0.460402 -0.887707 0.0025726 -165.352 0.887544 0.460258 -0.0207064 -56.6623 0.0171971 0.0118166 0.999782 0.0329047
0.463303 -0.886193 0.00340979 -164.453 0.886044 0.463146 -0.0205284 -54.8201 0.0166129 0.0125321 0.999783 0.0438441
0.464347 -0.885614 0.00831528 -164.181 0.885548 0.464126 -0.0198115 -54.2424 0.013686 0.016563 0.999769 0.0693561
0.467519 -0.883943 0.00838941 -163.624 0.883869 0.467285 -0.0205201 -53.0796 0.0142183 0.0170087 0.999754 0.0566802
0.467839 -0.883789 0.00670094 -163.429 0.883699 0.467642 -0.0196851 -52.6901 0.0142638 0.0151311 0.999784 0.0497885
0.467458 -0.883939 0.0116224 -163.039 0.883896 0.467139 -0.0225421 -51.8796 0.0144965 0.0208105 0.999678 0.0653051
0.468066 -0.88362 0.0114331 -162.944 0.883597 0.467784 -0.0208606 -51.6644 0.0130846 0.0198664 0.999717 0.0608093
0.468897 -0.88321 0.00874316 -162.733 0.883135 0.468649 -0.0209914 -51.262 0.0144423 0.0175642 0.999741 0.0549179
0.471973 -0.881595 0.00559209 -161.83 0.881465 0.471768 -0.0213073 -49.4145 0.0161463 0.0149857 0.999757 0.0480556
0.473125 -0.880975 0.00597269 -161.531 0.880855 0.472918 -0.0210472 -48.784 0.0157175 0.015219 0.999761 0.041268
0.473828 -0.880597 0.00599081 -161.316 0.880415 0.473561 -0.024697 -48.3936 0.0189111 0.0169765 0.999677 0.0437764
0.475182 -0.879868 0.00582561 -161.13 0.879739 0.474969 -0.0215389 -47.9744 0.0161844 0.0153599 0.999751 0.0457843
0.475411 -0.879743 0.00609915 -160.911 0.879599 0.475177 -0.0226471 -47.5602 0.0170254 0.0161315 0.999725 0.018893
0.477071 -0.878833 0.00747204 -160.711 0.878711 0.47681 -0.0227907 -47.1332 0.0164665 0.0174385 0.999712 0.0278012
0.476859 -0.878963 0.00540533 -160.502 0.878824 0.476651 -0.0217208 -46.7137 0.0165153 0.0151081 0.999749 0.0378096
0.477666 -0.878477 0.0106209 -160.192 0.878407 0.477347 -0.0232884 -46.0597 0.0153885 0.0204535 0.999672 0.0373221
0.479071 -0.877741 0.0078634 -159.972 0.877596 0.478773 -0.0245235 -45.6226 0.0177605 0.0186494 0.999668 0.0204308
0.481032 -0.876684 0.00575732 -159.866 0.87654 0.480805 -0.0224733 -45.4052 0.0169338 0.0158569 0.999731 0.028735
0.483886 -0.87511 0.00611431 -159.099 0.87491 0.483595 -0.0258433 -43.8107 0.0196589 0.0178547 0.999647 0.0145654
0.485149 -0.874397 0.00775599 -158.76 0.874231 0.484829 -0.0257181 -43.1199 0.0187275 0.0192576 0.999639 0.0218786
0.486894 -0.873452 0.00403948 -158.536 0.873288 0.4867 -0.0221519 -42.6784 0.0173826 0.0143132 0.999746 0.00478714
0.487273 -0.873232 0.00558752 -158.31 0.873028 0.486995 -0.0256469 -42.2153 0.0196746 0.0173751 0.999655 -0.00570415
0.488421 -0.872571 0.00802845 -157.965 0.872432 0.488116 -0.024602 -41.5081 0.0175482 0.0190204 0.999665 0.0161091
0.489431 -0.872033 0.00397982 -157.837 0.871825 0.489203 -0.0245143 -41.2736 0.0194303 0.0154678 0.999692 0.0137138
0.491481 -0.870882 0.00320433 -157.495 0.870705 0.491299 -0.0223198 -40.5806 0.0178636 0.0137598 0.999746 0.00902668
0.494492 -0.869181 0.00128885 -157.15 0.869054 0.494393 -0.0178861 -39.8549 0.0149091 0.00996461 0.999839 -0.000360232
0.493387 -0.869801 0.00396857 -156.913 0.869657 0.49321 -0.0209847 -39.3912 0.0162952 0.0138049 0.999772 -0.00255149
0.496348 -0.867991 0.015197 -156.213 0.868043 0.495986 -0.0223651 -37.9556 0.0118752 0.0242925 0.999634 -0.0371256
0.497907 -0.867119 0.0138921 -155.971 0.867128 0.497538 -0.0233493 -37.4827 0.0133348 0.023672 0.999631 -0.0359168
0.499717 -0.866078 0.0138903 -155.741 0.866129 0.499429 -0.0197948 -36.9952 0.0102066 0.0219226 0.999708 -0.0282083
0.501624 -0.865063 0.00628064 -155.396 0.864917 0.50137 -0.0234035 -36.3148 0.0170965 0.017172 0.999706 -0.014496
0.50477 -0.86325 0.0025975 -155.171 0.863147 0.504658 -0.0172277 -35.8747 0.0135609 0.010938 0.999848 -0.029888
0.505231 -0.862954 0.00725575 -154.954 0.862926 0.505081 -0.0158722 -35.4476 0.0100322 0.0142803 0.999848 -0.0323804
0.507793 -0.861468 0.0044774 -154.68 0.861391 0.50766 -0.0169424 -34.8605 0.0123223 0.01246 0.999846 -0.0328705
0.505638 -0.862616 0.014946 -154.411 0.862668 0.505283 -0.0221875 -34.3506 0.0115873 0.0241123 0.999642 -0.0345612
0.506595 -0.862167 0.00539765 -154.264 0.86208 0.506426 -0.0187478 -34.0841 0.0134302 0.0141507 0.99981 -0.0595562
0.508824 -0.860828 0.00858713 -154.264 0.860762 0.508576 -0.0209751 -34.0841 0.0136888 0.0180641 0.999743 -0.0595562
0.508045 -0.861295 0.0078732 -154.182 0.861213 0.507803 -0.0211997 -33.9154 0.0142611 0.0175509 0.999744 -0.0555533
0.51033 -0.859844 0.0152287 -153.768 0.859785 0.509759 -0.0302684 -33.0859 0.0182631 0.0285402 0.999426 -0.0447389
0.515121 -0.857085 0.00747639 -153.551 0.856933 0.514809 -0.0252577 -32.6676 0.0177991 0.0194175 0.999653 -0.0477315
0.517733 -0.855533 -0.00399841 -153.331 0.855236 0.517667 -0.0243305 -32.2101 0.0228854 0.00917711 0.999696 -0.0269239
0.518412 -0.855128 0.00226122 -153.21 0.854918 0.518222 -0.0237061 -31.9632 0.0190999 0.0142227 0.999716 -0.0313197
0.519301 -0.851297 -0.0749703 -153.029 0.854414 0.518979 0.025245 -31.5961 0.0174171 -0.0771654 0.996866 0.0209864
0.513289 -0.857641 0.0314059 -152.893 0.85799 0.511971 -0.0416944 -31.305 0.0196799 0.0483472 0.998637 -0.0205089
0.512972 -0.853861 0.0882138 -152.784 0.858226 0.508048 -0.0730446 -31.098 0.0175531 0.113177 0.99342 -0.0383052
0.514433 -0.855805 0.0543703 -152.746 0.857425 0.512343 -0.0482353 -31.0045 0.0134238 0.0714323 0.997355 -0.0254039
0.517293 -0.855801 0.003461 -152.502 0.855633 0.517102 -0.0223031 -30.5311 0.0172973 0.0144986 0.999745 -0.0195957
0.519686 -0.854349 0.00382049 -152.301 0.854197 0.519497 -0.0217114 -30.148 0.0165644 0.0145466 0.999757 -0.0234891
0.518385 -0.85513 0.00540804 -152.075 0.854964 0.518132 -0.0240102 -29.7302 0.0177297 0.0170702 0.999697 -0.0282817
0.518928 -0.85481 0.00360425 -151.764 0.854685 0.518769 -0.0198234 -29.1058 0.0150755 0.0133674 0.999797 -0.0301714
0.51766 -0.855565 0.00606825 -151.513 0.85538 0.517367 -0.0256187 -28.6178 0.018779 0.0184524 0.999653 -0.0494633
0.520198 -0.854046 0.000229622 -151.026 0.853857 0.520078 -0.0211584 -27.6269 0.0179508 0.0112026 0.999776 -0.0410473
0.523281 -0.852148 0.00447126 -149.938 0.852056 0.523129 -0.0183497 -25.4563 0.0132976 0.0134118 0.999822 -0.0637126
0.521786 -0.853075 0.00124692 -149.564 0.852974 0.521701 -0.0162118 -24.7246 0.0131794 0.00952268 0.999868 -0.0593009
0.523702 -0.851891 0.00422009 -148.782 0.851749 0.523508 -0.021506 -23.233 0.0161115 0.0148572 0.99976 -0.062077
0.524464 -0.851406 0.00663994 -148.411 0.85122 0.524144 -0.0263966 -22.4895 0.018994 0.0194962 0.999629 -0.0634657
0.525975 -0.850496 0.00276241 -148.167 0.850262 0.525748 -0.0253487 -22.0076 0.0201066 0.0156815 0.999675 -0.0702583
0.52574 -0.850637 0.00365093 -147.326 0.8504 0.525481 -0.0262638 -20.3653 0.0204225 0.0169127 0.999648 -0.0730334
0.547099 -0.837052 0.00518011 -146.949 0.836864 0.54682 -0.0254146 -19.7048 0.0184407 0.0182393 0.999664 -0.0596226
0.568315 -0.82281 -0.00141133 -145.987 0.822509 0.568152 -0.0260994 -17.983 0.0222767 0.0136718 0.999658 -0.0564954
0.569119 -0.822254 0.000743428 -145.743 0.821964 0.568894 -0.0270999 -17.5581 0.0218601 0.0160341 0.999632 -0.0719886
0.579479 -0.81496 -0.00664277 -145.112 0.814679 0.579465 -0.0227707 -16.4998 0.0224064 0.0077834 0.999719 -0.0629714
0.578836 -0.815438 -0.00314428 -144.985 0.815158 0.578731 -0.0242376 -16.2874 0.0215839 0.0114665 0.999701 -0.061368
0.588325 -0.808624 0.00134051 -144.735 0.80836 0.588089 -0.0265613 -15.8666 0.0206898 0.0167103 0.999646 -0.0667612
0.592378 -0.805659 0.0012906 -144.301 0.805353 0.592108 -0.0285383 -15.1546 0.022228 0.0179449 0.999592 -0.0531496
0.597408 -0.801934 0.00247387 -143.836 0.801671 0.597127 -0.027615 -14.4087 0.0206682 0.0184807 0.999616 -0.0693374
0.597755 -0.801673 0.00306976 -143.427 0.801422 0.597463 -0.0275782 -13.7574 0.0202746 0.0189452 0.999615 -0.0870268
0.59809 -0.801404 0.00633655 -143.203 0.801108 0.597609 -0.0330078 -13.442 0.0226658 0.0248179 0.999435 -0.084621
0.599712 -0.800199 0.00526171 -142.985 0.799969 0.59935 -0.0287888 -13.0869 0.0198831 0.0214742 0.999572 -0.0986154
0.597863 -0.801577 0.00581777 -142.882 0.801315 0.597443 -0.0309192 -12.9071 0.0213083 0.0231473 0.999505 -0.0902127
0.600222 -0.799832 0.00110629 -142.244 0.799727 0.60012 -0.0171363 -11.8526 0.0130422 0.0111703 0.999853 -0.0832964
0.605294 -0.795986 0.00504846 -141.755 0.795743 0.604922 -0.0293795 -11.0887 0.0203317 0.0218005 0.999556 -0.117084
0.608187 -0.793769 0.00620429 -141.616 0.793577 0.607821 -0.0280892 -10.8743 0.0185253 0.0220071 0.999586 -0.123381
0.603799 -0.795057 -0.0575366 -141.286 0.796948 0.603652 0.0218766 -10.3448 0.0173389 -0.0590627 0.998104 -0.0545725
0.611037 -0.791465 -0.0147086 -141.107 0.791338 0.611208 -0.0144891 -10.0285 0.0204577 -0.00278612 0.999787 -0.097068
0.609274 -0.790016 0.0682594 -140.897 0.792786 0.605076 -0.0733061 -9.67416 0.0166109 0.0987786 0.994971 -0.0713629
0.613768 -0.789479 0.00338836 -140.483 0.78932 0.613544 -0.0231848 -9.04883 0.016225 0.0169046 0.999725 -0.109453
0.614198 -0.789141 0.00427738 -140.2 0.788984 0.613946 -0.0239793 -8.61319 0.0162969 0.0181028 0.999703 -0.117346
0.614189 -0.789153 0.00302507 -140.009 0.788997 0.613981 -0.02261 -8.30612 0.0159854 0.0162736 0.99974 -0.118341
0.615588 -0.788068 -0.000846224 -139.703 0.787957 0.615519 -0.0161223 -7.82065 0.0132263 0.0092579 0.99987 -0.101434
0.616439 -0.787395 0.0036077 -139.488 0.787272 0.616246 -0.0210946 -7.49043 0.0143865 0.0158437 0.999771 -0.104829
0.617415 -0.786631 0.0032051 -139.177 0.786534 0.617262 -0.0187675 -7.00297 0.0127847 0.0141083 0.999819 -0.120222
0.618223 -0.785988 0.00474809 -138.871 0.78588 0.618009 -0.0213984 -6.53544 0.0138845 0.0169604 0.99976 -0.118314
0.618296 -0.785938 0.00351191 -138.65 0.785793 0.618082 -0.022436 -6.20278 0.0154626 0.0166317 0.999742 -0.120409
0.618496 -0.785769 0.00544971 -138.411 0.785602 0.618184 -0.0260541 -5.83458 0.0171036 0.0203956 0.999646 -0.122804
0.623622 -0.781711 0.0048869 -138.16 0.781567 0.623356 -0.0240827 -5.449 0.0157794 0.0188379 0.999698 -0.130698
0.644548 -0.764559 0.00278331 -137.769 0.764421 0.644353 -0.0216728 -4.88811 0.0147767 0.0160968 0.999761 -0.127089
0.664046 -0.74768 0.00416029 -136.987 0.74755 0.663801 -0.0232 -3.77731 0.0145846 0.0185159 0.999722 -0.128271
0.687857 -0.725825 0.00548432 -136.567 0.725687 0.687529 -0.026124 -3.24411 0.0151909 0.0219495 0.999644 -0.122162
0.706063 -0.708147 0.00203236 -135.995 0.707923 0.705761 -0.0273129 -2.56242 0.0179072 0.0207234 0.999625 -0.15845
0.741092 -0.671393 -0.00365801 -134.537 0.671197 0.740989 -0.0207468 -0.912996 0.0166398 0.0129201 0.999778 -0.153618
0.742627 -0.669696 -0.00358058 -134.201 0.669517 0.742534 -0.0197424 -0.54679 0.0158801 0.012264 0.999799 -0.166011
0.744578 -0.667533 -0.00193535 -133.687 0.667344 0.744431 -0.0217999 0.0253861 0.0159929 0.0149402 0.999761 -0.1598
0.745427 -0.666539 -0.00794578 -133.319 0.666229 0.745365 -0.0239007 0.40776 0.0218532 0.0125225 0.999683 -0.142793
0.748293 -0.66322 -0.0140031 -132.948 0.662968 0.748408 -0.0189132 0.81062 0.0230237 0.00486899 0.999723 -0.144785
0.770636 -0.637224 -0.00818146 -131.98 0.636736 0.770447 -0.0312814 1.82729 0.0262367 0.0188972 0.999477 -0.148265
0.817372 -0.576086 -0.00528638 -131.147 0.575795 0.817194 -0.0255614 2.56535 0.0190456 0.0178493 0.999659 -0.140648
0.836178 -0.548428 -0.00572153 -130.718 0.548197 0.836057 -0.022133 2.89335 0.0169219 0.0153706 0.999739 -0.15934
0.865729 -0.500507 -0.00267128 -130.04 0.500328 0.86554 -0.022628 3.39388 0.0136376 0.0182532 0.99974 -0.157126
0.893054 -0.449938 -0.00316903 -129.344 0.449726 0.89281 -0.0252248 3.82487 0.0141789 0.0211019 0.999677 -0.175412
0.905332 -0.424646 -0.00711706 -128.886 0.424442 0.905233 -0.020046 4.10314 0.014955 0.0151275 0.999774 -0.171003
0.916232 -0.400603 -0.00602433 -128.205 0.400369 0.916051 -0.0235587 4.48917 0.0149563 0.0191733 0.999704 -0.161689
0.948138 -0.317718 -0.00951175 -127.006 0.317411 0.947965 -0.0247597 5.04008 0.0168834 0.0204564 0.999648 -0.172866
0.962617 -0.270414 -0.0156716 -126.29 0.270084 0.962622 -0.0203341 5.32965 0.0205844 0.0153413 0.99967 -0.171352
0.966327 -0.256807 -0.0161703 -125.807 0.256545 0.966389 -0.0166427 5.51558 0.0199008 0.0119339 0.999731 -0.164643
0.967567 -0.252066 -0.0166304 -125.083 0.251919 0.967692 -0.0104281 5.78544 0.0187216 0.00590036 0.999807 -0.166029
0.97834 -0.206562 -0.0135535 -123.368 0.206414 0.978396 -0.0115934 6.37023 0.0156554 0.00854467 0.999841 -0.161596
0.984793 -0.173534 -0.00824483 -122.861 0.173402 0.984742 -0.0146543 6.51064 0.010662 0.0130018 0.999859 -0.165886
0.997898 -0.0632375 0.0141728 -120.34 0.0634243 0.9979 -0.013139 7.01625 -0.0133122 0.0140103 0.999813 -0.149939
0.998859 -0.0459269 0.0130793 -119.076 0.0460898 0.99886 -0.0124392 7.21247 -0.0124931 0.0130279 0.999837 -0.148315
0.99931 -0.0369613 0.00364446 -118.311 0.0369508 0.999313 0.00290774 7.31234 -0.00374943 -0.00277107 0.999989 -0.136101
0.999701 -0.0223197 -0.00995169 -117.254 0.0220882 0.999496 -0.0227942 7.44434 0.0104554 0.0225676 0.999691 -0.132782
0.999889 -0.0140404 -0.00490335 -116.473 0.0139912 0.999853 -0.00992229 7.542 0.00504194 0.00985259 0.999939 -0.116867
0.999972 -0.0024264 -0.00710564 -115.957 0.0023348 0.999914 -0.0128707 7.57965 0.00713626 0.0128537 0.999892 -0.129658
0.999554 0.0269418 -0.0129165 -115.162 -0.0271217 0.999535 -0.0139656 7.64066 0.0125342 0.0143097 0.999819 -0.126344
0.996092 0.0870418 -0.014956 -113.854 -0.0872949 0.996034 -0.0171949 7.67055 0.0134 0.0184333 0.99974 -0.13442
0.992371 0.122836 -0.0105101 -111.993 -0.123035 0.992179 -0.0210413 7.64794 0.0078433 0.0221739 0.999723 -0.135187
0.990875 0.134232 -0.0121471 -111.451 -0.134507 0.990581 -0.0256215 7.62756 0.00859345 0.0270216 0.999598 -0.145478
0.989271 0.144786 -0.0194859 -110.125 -0.145104 0.989287 -0.0160274 7.55746 0.0169566 0.018683 0.999682 -0.166355
0.988857 0.148246 -0.0136274 -109.055 -0.14846 0.988784 -0.0163344 7.50396 0.011053 0.0181755 0.999774 -0.155436
0.985553 0.16871 -0.0148826 -108.235 -0.168949 0.985484 -0.0166289 7.43153 0.0118611 0.0189031 0.999751 -0.172922
0.984757 0.172861 -0.0192831 -107.698 -0.173235 0.984682 -0.019783 7.38004 0.015568 0.0228219 0.999618 -0.189213
0.978734 0.203985 -0.0216707 -106.394 -0.20422 0.978882 -0.00921643 7.24238 0.019333 0.013446 0.999723 -0.172491
0.968143 0.249815 -0.0170973 -105.331 -0.249952 0.968237 -0.00640467 7.07051 0.0149542 0.0104741 0.999833 -0.171273
0.967527 0.252302 -0.0153623 -104.812 -0.252459 0.967563 -0.00929366 6.99188 0.0125192 0.0128702 0.999839 -0.177865
0.966206 0.257712 -0.00548921 -103.547 -0.257685 0.966215 0.00518184 6.76985 0.00663918 -0.00359224 0.999972 -0.164344
0.965722 0.259443 -0.00834201 -103.01 -0.259432 0.965758 0.00246842 6.66985 0.00869679 -0.000219626 0.999962 -0.161235
0.964752 0.262871 -0.0123609 -101.724 -0.263004 0.964735 -0.0107274 6.42633 0.00910505 0.0136003 0.999866 -0.152214
0.936384 0.350941 -0.00505338 -100.492 -0.350951 0.936393 -0.00133735 6.09754 0.00426262 0.00302576 0.999986 -0.149394
0.919234 0.393674 -0.00538324 -100.001 -0.393705 0.919212 -0.00676944 5.92899 0.00228339 0.0083421 0.999963 -0.144586
0.887506 0.46071 -0.00893345 -98.8053 -0.460782 0.887464 -0.00932791 5.44207 0.00363065 0.0123949 0.999917 -0.136267
0.882082 0.47104 -0.00720361 -98.3592 -0.471081 0.882071 -0.00573861 5.24462 0.00365098 0.00845541 0.999958 -0.12846
0.876449 0.481344 -0.0120616 -96.7466 -0.481459 0.876414 -0.00972929 4.52305 0.0058878 0.0143344 0.99988 -0.109935
0.875363 0.48338 -0.00906782 -96.2752 -0.483437 0.87536 -0.00567598 4.31176 0.00519396 0.00935227 0.999943 -0.112528
0.875734 0.482611 -0.0132979 -95.5893 -0.482734 0.875726 -0.00841292 3.9925 0.00758519 0.0137868 0.999876 -0.0958172
0.874383 0.485221 0.00392724 -93.9577 -0.485159 0.874358 -0.0108678 3.27513 -0.00870712 0.00759731 0.999933 -0.101593
0.87252 0.488331 -0.0155533 -91.1745 -0.488399 0.87262 -0.000709285 1.96487 0.0132257 0.00821508 0.999879 -0.112452
0.872554 0.488297 -0.0146591 -90.7274 -0.488337 0.872655 0.000997314 1.76088 0.0132793 0.00628837 0.999892 -0.0933452
0.871726 0.489761 -0.0150573 -90.2509 -0.489833 0.871815 -0.00125005 1.54605 0.0125149 0.00846524 0.999886 -0.0918384
0.873436 0.486748 -0.0136122 -87.6775 -0.486894 0.873393 -0.0108922 0.37266 0.00658699 0.0161414 0.999848 -0.0762023
0.872278 0.488871 -0.0116306 -87.2175 -0.488982 0.872236 -0.0100693 0.15838 0.00522203 0.0144703 0.999882 -0.064296
0.872484 0.488598 -0.00657209 -86.5033 -0.48864 0.872444 -0.00850365 -0.162873 0.00157891 0.0106307 0.999942 -0.0667863
0.872608 0.488359 -0.00782529 -86.0356 -0.488418 0.872553 -0.00999829 -0.389002 0.00194523 0.0125466 0.999919 -0.07628
0.872017 0.489415 -0.00767566 -85.5692 -0.489473 0.871951 -0.010875 -0.604611 0.00137042 0.0132402 0.999911 -0.0754737
0.873614 0.486545 -0.00857411 -84.8683 -0.486617 0.873536 -0.0117732 -0.92376 0.00176162 0.0144575 0.999894 -0.0878644
0.889185 0.457525 -0.00451178 -83.699 -0.457547 0.889127 -0.0102075 -1.43316 -0.000658663 0.0111407 0.999938 -0.104149
0.892413 0.451184 -0.00570223 -82.9973 -0.451215 0.89239 -0.00670848 -1.71621 0.00206186 0.00855966 0.999961 -0.09144
0.900446 0.434943 -0.00468083 -82.5269 -0.434968 0.900407 -0.00836283 -1.90203 0.000577289 0.00956629 0.999954 -0.0981339
0.91144 0.411418 -0.00351756 -82.0579 -0.411433 0.911401 -0.00845214 -2.06625 -0.000271458 0.00915086 0.999958 -0.0837279
0.919443 0.393222 0.000742872 -81.595 -0.393205 0.919418 -0.00777054 -2.22317 -0.00373856 0.00685247 0.99997 -0.0858221
0.926649 0.375876 0.00618491 -80.652 -0.375822 0.926654 -0.00832792 -2.52383 -0.00886154 0.00539264 0.999946 -0.0640102
0.928277 0.37185 0.00548106 -80.1896 -0.371812 0.928283 -0.00679148 -2.67898 -0.00761338 0.00426645 0.999962 -0.0580044
0.929598 0.368508 0.0070188 -79.7109 -0.368451 0.929611 -0.00821203 -2.83246 -0.00955095 0.00504781 0.999942 -0.0496985
0.929978 0.367444 0.0112268 -78.9889 -0.367355 0.930035 -0.0092536 -3.06224 -0.0138415 0.00448142 0.999894 -0.0396896
0.931444 0.363723 0.0108953 -78.2649 -0.363679 0.931506 -0.00581682 -3.29181 -0.0122648 0.00145564 0.999924 -0.0467808
0.931451 0.363663 0.0121382 -77.7829 -0.363621 0.93153 -0.00562986 -3.4505 -0.0133544 0.000830245 0.99991 -0.028575
0.9323 0.361553 0.00980231 -76.8136 -0.361523 0.932351 -0.0047565 -3.75946 -0.0108589 0.000890729 0.999941 -0.0240634
0.956173 0.292793 0.0023697 -75.1353 -0.292734 0.956092 -0.0139938 -4.24649 -0.00636293 0.0126868 0.999899 0.0153562
0.966855 0.255278 0.00487109 -74.4037 -0.255251 0.966859 -0.00555843 -4.38414 -0.0061286 0.00413085 0.999973 -0.0170353
0.969704 0.244277 0.00191489 -73.4524 -0.244237 0.96964 -0.0120991 -4.593 -0.00481228 0.0112648 0.999925 0.0099756
0.971149 0.238396 0.00602137 -72.708 -0.23832 0.971122 -0.0111881 -4.74493 -0.00851468 0.00943028 0.999919 -0.00141599
0.971821 0.235692 0.00376902 -71.7314 -0.235636 0.971773 -0.0115147 -4.94438 -0.00637655 0.0103021 0.999927 0.0231949
0.973935 0.226819 0.00177325 -70.7302 -0.226784 0.973874 -0.0117997 -5.10362 -0.00440334 0.01109 0.999929 -0.00109404
0.97744 0.211196 0.00275487 -70.25 -0.21115 0.97738 -0.0120159 -5.17992 -0.00523028 0.0111632 0.999924 0.0034112
0.980067 0.198619 0.0043878 -68.7655 -0.198536 0.979983 -0.0147154 -5.41447 -0.00722272 0.013551 0.999882 -0.00657282
0.98043 0.19679 0.00563122 -68.2785 -0.19669 0.980354 -0.0147763 -5.48789 -0.00842843 0.0133795 0.999875 -0.0293677
0.981045 0.193369 0.0126004 -67.315 -0.193158 0.981033 -0.0162452 -5.63507 -0.0155028 0.0135034 0.999789 -0.00765755
0.93418 0.356412 0.016692 -65.6268 -0.356319 0.934327 -0.00833731 -6.0623 -0.0185673 0.00184088 0.999826 0.0429596
0.909508 0.415218 0.0197201 -65.3293 -0.415327 0.909671 0.00163948 -6.1871 -0.0172581 -0.00968144 0.999804 0.0486626
0.863466 0.504291 0.0108491 -64.9027 -0.504315 0.86352 -0.000601327 -6.44556 -0.00967162 -0.00495212 0.999941 0.0487667
0.827667 0.561171 0.00735963 -64.6211 -0.561182 0.827692 -0.000654498 -6.64766 -0.00645879 -0.00358839 0.999973 0.0626693
0.768312 0.640054 0.00526057 -64.2196 -0.640048 0.768329 -0.0030081 -6.97644 -0.0059672 -0.00105585 0.999982 0.076273
0.671466 0.741008 0.00636729 -63.7104 -0.741029 0.67147 0.00181536 -7.50256 -0.00293025 -0.00593731 0.999978 0.0854775
0.61747 0.786591 0.00241838 -63.4941 -0.786587 0.617474 -0.00261497 -7.79889 -0.0035502 -0.000287602 0.999994 0.0857793
0.543658 0.839283 0.00636182 -63.2227 -0.839307 0.543644 0.00381094 -8.21006 -0.000260108 -0.00741137 0.999973 0.104481
0.442391 0.896822 -0.000459157 -62.9201 -0.896817 0.44239 0.00328416 -8.81248 0.00314843 -0.0010411 0.999995 0.133384
0.38812 0.921608 0.00102226 -62.7768 -0.921609 0.388119 0.00117126 -9.15244 0.000682686 -0.00139672 0.999999 0.120685
0.263764 0.964587 -0.000117502 -62.5831 -0.964587 0.263764 -0.000240865 -9.84012 -0.000201342 0.000176872 1 0.125885
0.208143 0.978097 0.00173854 -62.5127 -0.978098 0.208142 0.000810966 -10.1913 0.000431341 -0.00186926 0.999998 0.127786
0.144788 0.989462 0.000651854 -62.4639 -0.989462 0.144787 0.00166478 -10.5509 0.00155285 -0.000886024 0.999998 0.144186
0.0552616 0.998467 0.00314823 -62.4362 -0.998466 0.0552508 0.00342798 -11.063 0.00324879 -0.00333284 0.999989 0.147685
-0.124017 0.992279 -0.0014698 -62.5653 -0.992269 -0.124008 0.00503264 -12.6792 0.00481152 0.00208256 0.999986 0.160981
-0.134472 0.990805 0.0148929 -62.6252 -0.990908 -0.134523 0.00241637 -13.2359 0.00439758 -0.0144325 0.999886 0.154479
-0.13686 0.990567 -0.00684318 -62.8018 -0.990579 -0.136822 0.00565671 -14.6429 0.00466705 0.00755289 0.999961 0.176974
-0.136409 0.990567 -0.0130535 -62.9859 -0.990621 -0.136288 0.00976279 -16.0475 0.00789166 0.0142628 0.999867 0.186169
-0.136752 0.990512 -0.0136007 -63.0736 -0.990594 -0.136673 0.00659924 -16.6523 0.00467777 0.0143752 0.999886 0.181666
-0.138708 0.990193 -0.0166563 -63.1228 -0.99033 -0.138648 0.00471056 -17.0938 0.00235499 0.0171487 0.99985 0.187665
-0.138787 0.99019 -0.0161604 -63.2029 -0.990315 -0.138704 0.00618996 -17.7154 0.00388773 0.016863 0.99985 0.183662
-0.129149 0.991494 -0.0161493 -63.2815 -0.991574 -0.12896 0.0122836 -18.3326 0.0100965 0.0175997 0.999794 0.18016
-0.115472 0.993138 -0.0185295 -63.3517 -0.993287 -0.11532 0.00909259 -18.928 0.00689338 0.0194551 0.999787 0.183857
-0.0576382 0.998219 -0.0154049 -63.3917 -0.998327 -0.0575602 0.00545717 -19.7226 0.00456074 0.0156937 0.999866 0.177254
-0.0401713 0.999127 -0.0114431 -63.4313 -0.999139 -0.0400474 0.0108485 -21.1729 0.0103807 0.0118691 0.999876 0.181049
-0.0373008 0.999192 -0.0149761 -63.4373 -0.99925 -0.0371391 0.0109371 -21.5967 0.010372 0.0153728 0.999828 0.179848
-0.0341713 0.999377 -0.00877111 -63.4595 -0.999379 -0.0340937 0.00884841 -22.0282 0.00854386 0.00906803 0.999922 0.183446
-0.0302545 0.999484 -0.0107958 -63.4787 -0.999498 -0.0301504 0.00967753 -22.8977 0.00934703 0.0110832 0.999895 0.173043
-0.0293988 0.999512 -0.0105794 -63.5018 -0.999539 -0.0293161 0.00789212 -23.7901 0.00757812 0.0108065 0.999913 0.174539
-0.0249859 0.999628 -0.0109477 -63.5102 -0.999668 -0.0249149 0.00657503 -24.6581 0.00629982 0.0111083 0.999918 0.190836
-0.00895762 0.999856 -0.0144223 -63.5087 -0.999955 -0.00891089 0.00330563 -25.4746 0.00317664 0.0144513 0.999891 0.206633
-0.00771058 0.99985 -0.0155334 -63.5008 -0.999964 -0.00765514 0.00362555 -26.6152 0.0035061 0.0155608 0.999873 0.197828
-0.0087496 0.999871 -0.0134409 -63.5147 -0.999948 -0.0086776 0.00539888 -27.3298 0.00528155 0.0134875 0.999895 0.206625
-0.00987077 0.999867 -0.0129516 -63.5104 -0.99994 -0.00980842 0.00486537 -27.8031 0.00473768 0.0129989 0.999904 0.203023
-0.00896871 0.999794 -0.0182113 -63.5212 -0.999957 -0.00892806 0.00231439 -29.2706 0.00215132 0.0182313 0.999831 0.209416
-0.00844347 0.99984 -0.0157948 -63.5217 -0.999961 -0.00839758 0.0029726 -31.0369 0.00283949 0.0158193 0.999871 0.213308
-0.00739872 0.999915 -0.0107266 -63.5249 -0.999965 -0.00735605 0.00400386 -31.549 0.00392461 0.0107558 0.999934 0.192205
0.00448054 0.999935 -0.0104781 -63.5291 -0.999947 0.00457674 0.00918046 -34.028 0.00922782 0.0104364 0.999903 0.207293
0.00616562 0.999952 -0.00766322 -63.5219 -0.999953 0.00622302 0.00748481 -35.5088 0.00753213 0.0076167 0.999943 0.207084
0.00651342 0.999917 -0.0111462 -63.5214 -0.99995 0.00659704 0.00748253 -36.2525 0.00755544 0.0110969 0.99991 0.22218
0.0084275 0.999896 -0.0116771 -63.5161 -0.999937 0.00851369 0.00735122 -37.498 0.00744987 0.0116144 0.999905 0.236873
0.00904822 0.999881 -0.0124602 -63.5189 -0.999946 0.00911146 0.00503069 -37.9728 0.00514362 0.012414 0.99991 0.20697
0.00995815 0.999802 -0.0172025 -63.5102 -0.999925 0.0100792 0.00696376 -39.7541 0.00713577 0.0171319 0.999828 0.228659
0.010551 0.999837 -0.0146719 -63.5043 -0.999927 0.0106368 0.0057849 -40.2562 0.00594002 0.0146098 0.999876 0.228756
0.010951 0.999782 -0.0177626 -63.4908 -0.999904 0.0110998 0.0082952 -40.7518 0.00849056 0.0176701 0.999808 0.252453
0.00828153 0.999826 -0.0166807 -63.5254 -0.999908 0.00845879 0.0105848 -41.4848 0.010724 0.0165915 0.999805 0.192048
0.00702381 0.999757 -0.0208975 -63.5369 -0.99991 0.00726122 0.0113082 -43.4343 0.0114572 0.0208162 0.999718 0.173135
0.00340879 0.999801 -0.0196462 -63.5321 -0.999933 0.00362504 0.010983 -43.8932 0.0110521 0.0196075 0.999747 0.190532
0.00706595 0.999638 -0.0259765 -63.5278 -0.999928 0.00731593 0.00954164 -44.8233 0.00972822 0.0259072 0.999617 0.194225
0.00261897 0.999897 -0.0140871 -63.5279 -0.999974 0.00271308 0.00666564 -45.9738 0.00670317 0.0140693 0.999879 0.202317
0.00565511 0.999731 -0.0224901 -63.5488 -0.999951 0.00583559 0.00796818 -49.2636 0.00809728 0.0224439 0.999715 0.172992
0.00517273 0.999734 -0.0224783 -63.5654 -0.999943 0.00538015 0.00917737 -49.7294 0.00929586 0.0224295 0.999705 0.168089
0.00363159 0.99977 -0.0211487 -63.5823 -0.999786 0.00406039 0.0202693 -50.6327 0.0203505 0.0210706 0.999571 0.153381
0.00391525 0.999744 -0.0222893 -63.5886 -0.999748 0.00440609 0.0220159 -51.073 0.0221085 0.0221975 0.999509 0.155278
0.00120395 0.999776 -0.021115 -63.6038 -0.999591 0.0018065 0.028541 -51.7681 0.0285727 0.021072 0.99937 0.165972
0.000332952 0.99964 -0.0268371 -63.6211 -0.999506 0.00117588 0.0313986 -52.672 0.0314188 0.0268134 0.999147 0.152664
-0.00178266 0.999966 -0.00801043 -63.6379 -0.999446 -0.00151551 0.0332413 -53.316 0.0332281 0.00806525 0.999415 0.157759
0.0275313 0.999619 0.0022091 -63.6135 -0.999171 0.0274525 0.0300732 -53.7536 0.0300011 -0.00303522 0.999545 0.162155
0.0924745 0.995711 -0.00294075 -63.551 -0.995613 0.0925069 0.0140386 -54.3831 0.0142504 0.00162963 0.999897 0.18135
0.267295 0.96353 -0.0127534 -63.1072 -0.963511 0.267437 0.0111234 -56.2696 0.0141285 0.00931484 0.999857 0.183538
0.270697 0.962544 -0.01524 -62.9884 -0.962503 0.270908 0.0140524 -56.7137 0.0176547 0.0108646 0.999785 0.169236
0.274332 0.96153 -0.0142161 -62.8144 -0.961509 0.274506 0.0121156 -57.3685 0.015552 0.0103452 0.999826 0.171831
0.277826 0.960534 -0.0136879 -62.6908 -0.9605 0.277995 0.0125967 -57.8224 0.0159047 0.00964756 0.999827 0.181829
0.279796 0.959899 -0.0175456 -62.5786 -0.959966 0.279978 0.00884212 -58.2438 0.0133999 0.0143692 0.999807 0.173826
0.2826 0.959017 -0.0206065 -62.4619 -0.959124 0.282831 0.00931428 -58.689 0.0147607 0.017132 0.999744 0.163023
0.279218 0.960149 -0.0123315 -62.3356 -0.960162 0.279326 0.00808609 -59.125 0.0112084 0.00958249 0.999891 0.17952
0.281814 0.959331 -0.0162505 -62.2202 -0.959413 0.28194 0.00601101 -59.555 0.0103482 0.013897 0.99985 0.183017
0.28261 0.959156 -0.0123177 -62.0406 -0.959198 0.282689 0.00517354 -60.2089 0.00844432 0.010353 0.999911 0.166413
0.267042 0.963468 -0.0204448 -61.3726 -0.963562 0.267287 0.0102912 -62.7928 0.0153798 0.0169517 0.999738 0.142394
0.230077 0.97305 -0.0154242 -61.2813 -0.973108 0.230216 0.00790512 -63.2161 0.011243 0.0131906 0.99985 0.183291
0.172352 0.984848 -0.0192105 -61.2469 -0.984951 0.17256 0.00969553 -63.6526 0.0128636 0.0172503 0.999768 0.148087
0.0698007 0.997289 -0.0232793 -61.1951 -0.997509 0.0700161 0.00857232 -64.7363 0.010179 0.022623 0.999692 0.131876
0.056635 0.998051 -0.0261831 -61.172 -0.998363 0.0568228 0.00648307 -65.4262 0.00795823 0.0257731 0.999636 0.128769
0.0486902 0.998574 -0.0219077 -61.1591 -0.998806 0.0487658 0.00292722 -66.0858 0.00399139 0.021739 0.999756 0.144663
0.0463479 0.998707 -0.0208914 -61.1554 -0.998918 0.0464154 0.00275699 -66.5516 0.00372311 0.020741 0.999778 0.115358
0.0422682 0.999036 -0.0118387 -61.1371 -0.999102 0.0422986 0.00232175 -66.9897 0.00282027 0.01173 0.999927 0.118853
0.0262 0.999494 -0.0180399 -61.1336 -0.999648 0.0262698 0.00364247 -67.4355 0.00411453 0.0179381 0.999831 0.161249
0.0147002 0.999742 -0.0172877 -61.1431 -0.999882 0.0147746 0.00418545 -67.8811 0.00443979 0.0172241 0.999842 0.150244
0.00843912 0.999796 -0.018344 -61.1555 -0.999951 0.00853342 0.00506825 -68.9872 0.00522375 0.0183003 0.999819 0.132032
0.0101635 0.999701 -0.0222182 -61.1682 -0.999934 0.0102815 0.00520409 -69.6336 0.00543098 0.0221638 0.99974 0.103925
0.0256619 0.999505 -0.0181988 -61.1606 -0.999656 0.0257548 0.0048914 -70.0543 0.00535768 0.018067 0.999822 0.13392
0.0402395 0.998976 -0.0207075 -61.1592 -0.999172 0.0403552 0.00520307 -70.4958 0.0060334 0.020481 0.999772 0.106715
0.0634851 0.997699 -0.0237904 -61.0967 -0.997969 0.0635912 0.00372754 -71.8227 0.00523182 0.0235054 0.99971 0.140401
0.0648921 0.997734 -0.0177709 -61.0436 -0.997891 0.0649097 0.000414174 -72.9667 0.00156674 0.0177065 0.999842 0.126788
0.0634454 0.99762 -0.0269915 -61.0152 -0.997983 0.0634766 0.000298941 -73.6999 0.00201156 0.0269181 0.999636 0.12148
0.0650945 0.997815 -0.0113153 -61.0031 -0.997873 0.0651292 0.00272131 -74.1144 0.00345231 0.011114 0.999932 0.137276
0.0682111 0.997516 -0.0176054 -60.8256 -0.997667 0.0682524 0.00175823 -78.8233 0.00295548 0.0174444 0.999843 0.0371205
0.0673361 0.997581 -0.0172947 -60.7876 -0.997729 0.0672982 -0.00276531 -80.054 -0.00159472 0.0174416 0.999847 0.0731054
0.0611292 0.997936 -0.0196587 -60.7347 -0.998097 0.0609565 -0.0092666 -81.5762 -0.00804915 0.0201877 0.999764 0.0657866
0.0451284 0.998719 -0.0228854 -60.7201 -0.998958 0.0449584 -0.0078885 -82.3357 -0.0068495 0.0232176 0.999707 0.0371769
0.0386626 0.999049 -0.0201587 -60.725 -0.999252 0.0386572 -0.000661447 -84.4999 0.000118457 0.0201692 0.999797 0.0606484
0.0465311 0.998545 -0.0272428 -60.7178 -0.998914 0.0465748 0.00097084 -86.6805 0.00223825 0.027168 0.999628 0.052119
0.0449626 0.998776 -0.0206006 -60.7092 -0.998988 0.0449634 -0.000422751 -87.1811 0.00050404 0.0205988 0.999788 -0.0206877
0.044289 0.99877 -0.0223011 -60.6782 -0.999017 0.0443181 0.000810814 -87.9548 0.00179816 0.0222433 0.999751 -0.00969813
0.0444196 0.998819 -0.0197088 -60.6808 -0.999011 0.0444461 0.000906266 -88.4545 0.00178118 0.0196491 0.999805 -0.0241051
0.0483288 0.998566 -0.0230353 -60.673 -0.99883 0.0483509 0.000403567 -88.966 0.00151677 0.0229889 0.999735 -0.0159122
0.0438238 0.998761 -0.0235673 -60.6885 -0.999037 0.0438629 0.00114621 -89.4756 0.00217852 0.0234944 0.999722 0.0137805
0.0455413 0.998704 -0.0227114 -60.6736 -0.998959 0.0455884 0.00155921 -90.2458 0.00259256 0.0226168 0.999741 -0.0223303
0.0447099 0.998779 -0.0210113 -60.671 -0.998995 0.0447666 0.00223546 -90.9858 0.00317334 0.0208902 0.999777 -0.0289408
0.0434595 0.998917 -0.0166412 -60.6482 -0.999043 0.0435345 0.00417366 -91.7497 0.00489361 0.0164438 0.999853 -0.0769516
0.0457335 0.998765 -0.0194359 -60.6709 -0.998947 0.0457937 0.00266513 -92.2512 0.00355188 0.0192936 0.999808 -0.0596591
0.0444608 0.998851 -0.0179079 -60.6802 -0.999001 0.0445334 0.00367535 -92.4971 0.00446863 0.0177266 0.999833 -0.0404627
0.0433888 0.998848 -0.0204788 -60.6821 -0.999046 0.0434812 0.00408913 -93.5374 0.00497486 0.0202818 0.999782 -0.044778
0.0443611 0.998893 -0.0156699 -60.6614 -0.998965 0.0445117 0.00939196 -96.0919 0.0100791 0.015237 0.999833 -0.042116
0.0454702 0.998763 -0.0201192 -60.6718 -0.998948 0.0455796 0.00501179 -97.3395 0.00592261 0.0198701 0.999785 -0.0294351
0.0447478 0.998775 -0.0211379 -60.6828 -0.998976 0.0448777 0.00571179 -97.6201 0.00665341 0.0208607 0.99976 -0.0459395
0.0480106 0.998516 -0.0257057 -60.6665 -0.998838 0.0481056 0.00309163 -98.6315 0.00432363 0.0255274 0.999665 -0.079455
0.0445596 0.998723 -0.0238111 -60.6641 -0.999004 0.0445977 0.00107369 -99.1524 0.00213424 0.0237395 0.999716 -0.0274631
0.0442573 0.998696 -0.0254341 -60.6598 -0.999019 0.0442775 0.000229361 -99.643 0.00135522 0.025399 0.999676 -0.0320707
0.060452 0.998082 -0.0133481 -60.6433 -0.99817 0.0604676 0.000769699 -102.793 0.00157535 0.0132772 0.999911 -0.0676208
0.055935 0.998213 -0.0210288 -60.6482 -0.998432 0.0559666 0.000919608 -103.249 0.00209487 0.0209444 0.999778 -0.0794283
0.0566818 0.998247 -0.0170201 -60.6459 -0.998387 0.0567268 0.00217271 -103.963 0.0031344 0.0168695 0.999853 -0.10394
0.0558294 0.998138 -0.0245862 -60.6612 -0.998433 0.0559074 0.00249405 -104.432 0.00386395 0.0244084 0.999695 -0.0813478
0.0575603 0.998162 -0.0189332 -60.6421 -0.998335 0.0576211 0.00267688 -105.148 0.00376291 0.0187476 0.999817 -0.122059
0.058477 0.998133 -0.0176534 -60.6398 -0.998281 0.0585387 0.00299586 -105.893 0.00402367 0.0174478 0.99984 -0.114172
0.0553656 0.99835 -0.0152025 -60.6204 -0.998465 0.0553801 0.000535215 -107.072 0.00137625 0.0151495 0.999884 -0.102091
0.056071 0.998369 -0.01076 -60.6324 -0.998421 0.0561045 0.00284027 -108.027 0.00343932 0.0105838 0.999938 -0.0749077
0.0542847 0.998475 -0.0100798 -60.6539 -0.998525 0.0542943 0.000681868 -109.213 0.00122811 0.0100279 0.999949 -0.102628
0.0559284 0.99836 -0.0122444 -60.6506 -0.998433 0.0559509 0.00149983 -110.167 0.00218246 0.0121414 0.999924 -0.0992447
0.052797 0.998536 -0.0117942 -60.6388 -0.998601 0.0528294 0.00245162 -110.655 0.00307111 0.0116482 0.999927 -0.101953
0.0532349 0.998542 -0.00897711 -60.6426 -0.998548 0.0533047 0.00772869 -111.627 0.00819594 0.00855264 0.99993 -0.14367
0.0539561 0.998415 -0.0159869 -60.6323 -0.998503 0.0540913 0.00814958 -112.118 0.00900142 0.0155232 0.999839 -0.130979
0.0519409 0.998614 -0.0085647 -60.6028 -0.998613 0.0520109 0.0081639 -113.094 0.00859804 0.00812878 0.99993 -0.0945957
0.0507185 0.998594 -0.0154245 -60.608 -0.998683 0.0508302 0.00693674 -113.932 0.00771102 0.0150523 0.999857 -0.0884107
0.0469045 0.998729 -0.0184174 -60.6391 -0.998863 0.047051 0.00760422 -114.425 0.00846111 0.0180398 0.999801 -0.0912199
0.0462759 0.998706 -0.0210753 -60.6445 -0.998892 0.046445 0.00760538 -114.993 0.00857439 0.0207 0.999749 -0.0775302
0.0451199 0.998799 -0.0190823 -60.6406 -0.998965 0.0452205 0.00487085 -115.539 0.00572791 0.0188428 0.999806 -0.12014
0.0428246 0.998993 -0.0134208 -60.6322 -0.99902 0.042968 0.0105826 -116.68 0.0111486 0.0129545 0.999854 -0.139861
0.0419917 0.99893 -0.0193785 -60.6553 -0.999061 0.0421885 0.00986152 -117.568 0.0106685 0.0189462 0.999764 -0.151078
0.0409091 0.999008 -0.0176253 -60.6357 -0.999103 0.0410936 0.0102391 -118.993 0.0109533 0.0171906 0.999792 -0.157304
0.0400998 0.99901 -0.0192758 -60.6505 -0.999148 0.0402782 0.00895868 -119.589 0.0097262 0.0189001 0.999774 -0.118215
0.0404248 0.999088 -0.013715 -60.6675 -0.999129 0.0405609 0.00980004 -120.147 0.0103474 0.0133069 0.999858 -0.040326
0.0386261 0.999105 -0.0172183 -60.6546 -0.999202 0.0387945 0.00955468 -120.724 0.0102141 0.0168355 0.999806 -0.0914368
0.0381504 0.999132 -0.0167271 -60.6287 -0.999227 0.0383016 0.00882048 -121.3 0.0094535 0.0163777 0.999821 -0.0954475
0.0410651 0.998957 -0.0199488 -60.6314 -0.999134 0.0411897 0.00587344 -125.024 0.00668899 0.0196903 0.999784 -0.0551198
0.0395675 0.999092 -0.0158064 -60.63 -0.999202 0.0396468 0.0047339 -126.213 0.00535628 0.0156065 0.999864 -0.119243
0.0394888 0.999014 -0.020288 -60.6202 -0.999205 0.0395903 0.00462739 -126.793 0.00542603 0.0200891 0.999783 -0.130655
0.0378234 0.999059 -0.0212082 -60.6245 -0.999275 0.0379072 0.00356443 -127.357 0.00436503 0.021058 0.999769 -0.0947662
0.0390474 0.998927 -0.0249163 -60.57 -0.999207 0.039229 0.0068467 -128.174 0.0078168 0.0246292 0.999666 -0.0839821
0.0391102 0.998881 -0.0265994 -60.5713 -0.999203 0.0393088 0.00698414 -128.744 0.00802192 0.026305 0.999622 -0.119094
0.0392866 0.999041 -0.0193182 -60.569 -0.999193 0.0394403 0.00764026 -130.511 0.00839485 0.0190024 0.999784 -0.22813
0.0388335 0.999052 -0.0196596 -60.5946 -0.999192 0.039027 0.00955464 -131.118 0.0103128 0.0192727 0.999761 -0.258642
0.0390071 0.999076 -0.0180593 -60.6021 -0.999222 0.0391052 0.0051124 -132.804 0.00581389 0.0178458 0.999824 -0.255878
0.0374163 0.999121 -0.0189048 -60.6175 -0.999296 0.0374585 0.00188301 -133.376 0.0025895 0.018821 0.99982 -0.25239
0.0386788 0.999001 -0.0223921 -60.6253 -0.99925 0.0387146 0.00116615 -134.215 0.00203189 0.0223302 0.999749 -0.283408
0.0360447 0.999112 -0.0217915 -60.6408 -0.999345 0.0361085 0.00254214 -134.761 0.00332674 0.0216856 0.999759 -0.287119
0.0355185 0.999143 -0.02127 -60.6309 -0.999366 0.0355646 0.00179201 -135.335 0.00254694 0.0211928 0.999772 -0.362431
0.0312948 0.999383 -0.0159586 -60.6918 -0.999506 0.0313351 0.00227811 -136.731 0.00277677 0.0158795 0.99987 -0.248762
0.0326449 0.999213 -0.0225432 -60.8104 -0.999464 0.0326889 0.00158476 -137.386 0.00232042 0.0224794 0.999745 -0.175277
0.0276067 0.999458 -0.0179335 -60.8143 -0.999613 0.0276654 0.00303745 -137.913 0.00353194 0.0178427 0.999835 -0.191289
0.0242008 0.999444 -0.0229238 -60.819 -0.999693 0.0243151 0.0047178 -138.702 0.00527257 0.0228026 0.999726 -0.172206
0.0213022 0.999558 -0.0207378 -60.8585 -0.999742 0.0214609 0.0074583 -140.042 0.00790005 0.0205736 0.999757 -0.186336
0.0142889 0.999655 -0.0220237 -60.8858 -0.999879 0.0144207 0.00583858 -141.601 0.00615417 0.0219376 0.99974 -0.166571
-0.0293263 0.999305 -0.0230053 -60.9375 -0.999545 -0.0291562 0.00769758 -142.12 0.00702149 0.0232206 0.999706 -0.137583
-0.0383157 0.999053 -0.0206129 -60.959 -0.999247 -0.03818 0.00693764 -142.375 0.00614407 0.0208632 0.999763 -0.163889
-0.052109 0.99844 -0.0200475 -60.988 -0.99862 -0.0519669 0.00754556 -142.643 0.00649198 0.020413 0.999771 -0.184395
-0.112923 0.993406 -0.0198053 -61.0932 -0.993585 -0.112776 0.00836995 -143.376 0.0060812 0.0206234 0.999769 -0.162112
-0.220637 0.975171 -0.0189884 -61.3783 -0.975346 -0.220503 0.0089122 -144.557 0.00450393 0.0204866 0.99978 -0.266442
-0.238371 0.971 -0.018394 -61.5469 -0.971159 -0.238218 0.0101329 -145.207 0.00545723 0.0202789 0.999779 -0.152358
-0.243668 0.969734 -0.0155497 -61.748 -0.969831 -0.243508 0.0114871 -145.847 0.00735293 0.0178796 0.999813 -0.157775
-0.247232 0.968836 -0.0152915 -61.8817 -0.968929 -0.247075 0.0114626 -146.304 0.00732727 0.0176503 0.999817 -0.165287
-0.247022 0.968904 -0.014352 -62.0086 -0.968966 -0.246843 0.0131396 -146.704 0.00918834 0.0171524 0.999811 -0.200597
-0.2471 0.968904 -0.0129493 -62.4354 -0.96883 -0.246794 0.021485 -148.167 0.0176211 0.0178546 0.999685 -0.207135
-0.321835 0.946684 -0.0144881 -62.8709 -0.9465 -0.321316 0.0298825 -149.323 0.023634 0.0233302 0.999448 -0.143467
-0.454292 0.890738 -0.0142867 -63.4932 -0.890712 -0.453878 0.025038 -150.446 0.0158179 0.0240999 0.999584 -0.3594
-0.494731 0.868969 -0.0115569 -63.7306 -0.868945 -0.494427 0.0218259 -150.823 0.013252 0.0208402 0.999695 -0.342311
-0.52699 0.849738 -0.0150665 -63.9708 -0.849789 -0.526608 0.0233163 -151.157 0.0118786 0.0250908 0.999615 -0.384821
-0.545031 0.838318 -0.0128328 -63.9708 -0.838364 -0.544762 0.0195035 -151.157 0.00935934 0.0213885 0.999727 -0.384821
-0.552181 0.83352 -0.0184574 -64.0968 -0.833686 -0.551808 0.0218114 -151.346 0.0079953 0.0274315 0.999592 -0.342627
-0.570937 0.82077 -0.0191672 -64.3329 -0.820986 -0.570669 0.0178709 -151.666 0.00372977 0.0259391 0.999657 -0.349737
-0.587762 0.808937 -0.0125491 -64.8317 -0.809034 -0.587673 0.0102366 -152.282 0.000905946 0.0161693 0.999869 -0.363157
-0.592264 0.805644 -0.0126819 -65.0816 -0.805744 -0.592191 0.00928102 -152.586 -3.29027e-05 0.0157152 0.999876 -0.360667
-0.602073 0.798362 -0.0111786 -65.4723 -0.798439 -0.60204 0.00651098 -153.07 -0.00153186 0.0128455 0.999916 -0.340582
-0.618932 0.785338 -0.0129083 -65.8549 -0.785443 -0.618824 0.011633 -153.509 0.00114782 0.0173388 0.999849 -0.336697
-0.64339 0.765449 -0.0117602 -66.1098 -0.765539 -0.643323 0.00924592 -153.764 -0.000488325 0.0149516 0.999888 -0.352906
-0.667858 0.744098 -0.0168235 -66.3821 -0.744284 -0.667759 0.0117569 -154.041 -0.00248574 0.0203734 0.999789 -0.349415
-0.715406 0.698306 -0.0237258 -66.9304 -0.698657 -0.715355 0.012084 -154.556 -0.00853401 0.0252212 0.999645 -0.283933
-0.752044 0.658067 -0.0371186 -67.3638 -0.658885 -0.752071 0.0161156 -154.905 -0.0173107 0.0365766 0.999181 -0.304747
-0.786408 0.617208 -0.024839 -67.665 -0.617525 -0.786517 0.0073356 -155.089 -0.0150087 0.0211075 0.999665 -0.308454
-0.812862 0.582344 -0.0114362 -67.9703 -0.582351 -0.812932 -0.00309316 -155.275 -0.0110981 0.00414558 0.99993 -0.272762
-0.846022 0.533147 -0.000955133 -68.2824 -0.533147 -0.846022 0.000766413 -155.422 -0.000399453 0.00115763 0.999999 -0.278969
-0.894265 0.447529 -0.00287244 -68.7938 -0.447512 -0.894124 0.0166122 -155.623 0.00486611 0.0161411 0.999858 -0.303279
-0.909007 0.416772 0.00265963 -68.7938 -0.416667 -0.90889 0.0175647 -155.623 0.00973777 0.0148582 0.999842 -0.303279
-0.916383 0.400289 0.00349789 -68.9815 -0.400081 -0.916128 0.0253893 -155.688 0.0133675 0.0218668 0.999672 -0.295883
-0.945313 0.325979 0.0109787 -69.6271 -0.325752 -0.945276 0.0184258 -155.864 0.0163843 0.0138418 0.99977 -0.307394
-0.949658 0.312966 0.0141913 -69.9892 -0.312722 -0.949692 0.0170468 -155.97 0.0188125 0.0117507 0.999754 -0.282901
-0.952734 0.303426 0.01516 -70.5071 -0.303223 -0.952812 0.014293 -156.071 0.0187815 0.00902056 0.999783 -0.348309
-0.964475 0.263121 0.0235773 -70.9906 -0.263012 -0.964762 0.00763598 -156.173 0.0247557 0.00116358 0.999693 -0.301817
-0.984117 0.17507 0.0293838 -71.6749 -0.174868 -0.984548 0.00932593 -156.256 0.0305624 0.00403953 0.999525 -0.252327
-0.994346 0.102725 0.0269114 -72.1658 -0.102548 -0.994697 0.0078634 -156.274 0.0275764 0.00505922 0.999607 -0.249233
-0.995831 0.0877064 0.0250555 -72.5571 -0.087362 -0.996071 0.0145276 -156.278 0.0262312 0.0122782 0.999581 -0.256037
-0.997434 0.0676157 0.0235474 -73.4042 -0.0673487 -0.997658 0.0119542 -156.296 0.0243006 0.0103377 0.999651 -0.240647
-0.99761 0.0638068 0.0264976 -73.8342 -0.0634346 -0.997878 0.0146582 -156.307 0.0273767 0.0129423 0.999541 -0.235852
-0.998143 0.0568607 0.0218626 -74.2619 -0.0566403 -0.998339 0.0105711 -156.316 0.0224273 0.00931319 0.999705 -0.248558
-0.99842 0.0544409 0.0139553 -75.5247 -0.0542658 -0.998447 0.0126366 -156.308 0.0146216 0.0118593 0.999823 -0.232072
-0.998526 0.05223 0.0147297 -75.9795 -0.0521197 -0.998611 0.00777412 -156.328 0.0151152 0.00699496 0.999861 -0.222678
-0.998687 0.0501979 0.0102141 -76.4378 -0.0500821 -0.998681 0.0112931 -156.323 0.0107676 0.0107667 0.999884 -0.222184
-0.998826 0.0462321 0.0144819 -77.3811 -0.0461831 -0.998926 0.0037008 -156.305 0.0146374 0.00302763 0.999888 -0.257794
-0.996765 0.077316 0.0219418 -78.0654 -0.0772125 -0.996999 0.00552998 -156.327 0.0223035 0.00381791 0.999744 -0.259203
-0.996389 0.0823257 0.0207848 -78.5598 -0.0821672 -0.996583 0.00836861 -156.343 0.0214027 0.00663056 0.999749 -0.27521
-0.996283 0.0849737 0.0141599 -79.9204 -0.0846538 -0.996171 0.021836 -156.376 0.0159612 0.0205562 0.999661 -0.278928
-0.996104 0.086446 0.0174187 -80.8086 -0.0862997 -0.996229 0.00898572 -156.423 0.0181298 0.00744749 0.999808 -0.25884
-0.995918 0.0893685 0.012682 -81.5272 -0.0892506 -0.995963 0.00957564 -156.446 0.0134866 0.00840467 0.999874 -0.24735
-0.995995 0.0883166 0.0139695 -81.9971 -0.0882746 -0.99609 0.00359924 -156.458 0.0142327 0.00235167 0.999896 -0.265856
-0.996357 0.0843015 0.0128662 -82.5104 -0.0841524 -0.996384 0.0117165 -156.46 0.0138074 0.0105911 0.999849 -0.253263
-0.996222 0.0851834 0.0169105 -83.019 -0.0849614 -0.996294 0.0134433 -156.492 0.0179929 0.0119557 0.999767 -0.26387
-0.996293 0.0840169 0.0184538 -83.5325 -0.0839405 -0.996459 0.00487976 -156.496 0.0187984 0.00331265 0.999818 -0.255777
-0.996096 0.0851588 0.0232564 -84.017 -0.0850974 -0.996366 0.00361961 -156.541 0.0234801 0.00162642 0.999723 -0.254184
-0.996316 0.084646 0.0137666 -84.5357 -0.0844478 -0.996324 0.01439 -156.55 0.014934 0.0131745 0.999802 -0.257691
-0.996594 0.0813249 0.0136456 -85.507 -0.0812275 -0.996667 0.00754286 -156.626 0.0142135 0.00640878 0.999878 -0.242406
-0.996662 0.0804708 0.0137241 -86.2301 -0.0802728 -0.996669 0.0144152 -156.626 0.0148384 0.0132654 0.999802 -0.238816
-0.996508 0.0821544 0.0148992 -86.704 -0.0819499 -0.99654 0.013851 -156.638 0.0159855 0.0125817 0.999793 -0.239923
-0.996626 0.0805762 0.0156391 -87.6499 -0.0803527 -0.996662 0.0144343 -156.652 0.01675 0.013129 0.999774 -0.222736
-0.996632 0.080287 0.0166835 -88.1031 -0.0800232 -0.996666 0.0159162 -156.664 0.0179057 0.0145275 0.999734 -0.218542
-0.996938 0.0765075 0.0161211 -88.7675 -0.0763479 -0.997028 0.0102964 -156.687 0.016861 0.00903411 0.999817 -0.235152
-0.996854 0.0781786 0.0130428 -89.6465 -0.0778811 -0.996721 0.0219387 -156.706 0.0147152 0.0208539 0.999674 -0.230265
-0.996967 0.0760945 0.0163 -90.2557 -0.0757934 -0.996955 0.0183597 -156.73 0.0176474 0.0170686 0.999699 -0.244974
-0.997603 0.0672056 0.0164946 -91.2469 -0.0668823 -0.997572 0.0194314 -156.747 0.0177605 0.0182817 0.999675 -0.216189
-0.997721 0.0651843 0.0174377 -91.6234 -0.0651789 -0.997873 0.000875571 -156.744 0.0174577 -0.000262996 0.999848 -0.232594
-0.998168 0.0579213 0.0174741 -92.0072 -0.0576166 -0.998186 0.0174639 -156.764 0.018454 0.0164251 0.999695 -0.2306
-0.998936 0.0428315 0.0171158 -92.9 -0.0426215 -0.999014 0.0124548 -156.763 0.0176323 0.0117121 0.999776 -0.249213
-0.998978 0.0417111 0.0174188 -93.2664 -0.0414611 -0.999035 0.0144754 -156.767 0.0180058 0.0137384 0.999743 -0.244818
-0.998959 0.0435782 0.0134871 -93.5222 -0.0434228 -0.998989 0.0116105 -156.778 0.0139794 0.0110127 0.999842 -0.237422
-0.999171 0.0384252 0.0134184 -94.3934 -0.0382852 -0.999211 0.0105387 -156.791 0.0138128 0.0100163 0.999854 -0.220835
-0.999125 0.0395579 0.0135571 -94.7676 -0.0393617 -0.999121 0.0144444 -156.771 0.0141166 0.0138981 0.999804 -0.22604
-0.999252 0.036208 0.0135914 -96.0002 -0.0368564 -0.998021 -0.0509499 -156.77 0.0117197 -0.0514127 0.998609 -0.171859
-0.99937 0.0307199 0.0177737 -96.2995 -0.0318444 -0.997252 -0.066888 -156.772 0.0156701 -0.0674118 0.997602 -0.160363
-0.999718 0.0219172 0.00917186 -96.4161 -0.0217142 -0.999529 0.0216795 -156.775 0.00964269 0.0214743 0.999723 -0.164965
-0.999719 0.02176 0.0094307 -96.4209 -0.0215532 -0.999536 0.0215085 -156.78 0.00989436 0.0212992 0.999724 -0.165165
-0.999737 0.0216567 0.00757994 -96.4545 -0.0214756 -0.9995 0.0232087 -156.774 0.00807878 0.0230398 0.999702 -0.169966
-0.999716 0.0222715 0.00845171 -96.5292 -0.0217097 -0.997867 0.061575 -156.778 0.00980504 0.0613741 0.998067 -0.181667
-0.999691 0.0231505 0.0091033 -96.5426 -0.0224802 -0.99744 0.0678834 -156.77 0.0106515 0.0676578 0.997652 -0.224567
-0.999581 0.0269305 0.0105769 -96.76 -0.0256542 -0.993994 0.10639 -156.755 0.0133785 0.106074 0.994268 -0.20237
-0.999563 0.0251724 0.0155135 -96.8925 -0.0239521 -0.996943 0.0743704 -156.749 0.0173382 0.0739663 0.99711 -0.208972
-0.999369 0.0323899 0.0145908 -97.2051 -0.0322024 -0.999398 0.0129066 -156.749 0.0150001 0.0124286 0.99981 -0.206177
-0.999297 0.0344589 0.0147773 -97.4471 -0.0343248 -0.999368 0.00923696 -156.745 0.0150862 0.00872324 0.999848 -0.21358
-0.999128 0.0377779 0.0178008 -97.858 -0.0376385 -0.999259 0.00810711 -156.758 0.0180939 0.00743004 0.999809 -0.209787
-0.998954 0.0436301 0.0136666 -98.7033 -0.0435094 -0.999012 0.00900999 -156.761 0.0140462 0.00840595 0.999866 -0.1871
-0.998913 0.0438637 0.0157864 -99.1954 -0.0437186 -0.998999 0.00941919 -156.776 0.0161838 0.00871879 0.999831 -0.194808
-0.998947 0.0426559 0.0168879 -100.006 -0.0425736 -0.99908 0.00520428 -156.779 0.0170944 0.00447982 0.999844 -0.190021
-0.99895 0.042023 0.0182139 -101.163 -0.0418516 -0.999077 0.00969157 -156.782 0.0186043 0.00891912 0.999787 -0.181639
-0.999056 0.0400537 0.016843 -102.311 -0.0398776 -0.999148 0.010664 -156.802 0.0172558 0.0099823 0.999801 -0.186358
-0.99912 0.0380578 0.0176222 -103.13 -0.0378571 -0.999216 0.0115827 -156.787 0.0180492 0.0109054 0.999778 -0.181571
-0.999171 0.0370299 0.0169354 -105.035 -0.0367915 -0.999223 0.0141773 -156.792 0.0174472 0.0135425 0.999756 -0.176202
-0.9992 0.036712 0.0158409 -105.862 -0.0364496 -0.999198 0.0165483 -156.804 0.0164357 0.0159576 0.999738 -0.162516
-0.999335 0.0332609 0.0149557 -107.466 -0.0330433 -0.999348 0.0145683 -156.826 0.0154305 0.0140644 0.999782 -0.171343
-0.99936 0.033288 0.0130996 -108.792 -0.0330976 -0.999347 0.0144937 -156.818 0.0135736 0.0140508 0.999809 -0.184065
-0.999359 0.0325012 0.0150395 -109.906 -0.0322218 -0.99931 0.0184602 -156.803 0.0156292 0.0179638 0.999716 -0.163284
-0.999357 0.0320899 0.0159836 -110.453 -0.0318364 -0.999367 0.0158734 -156.809 0.0164829 0.0153544 0.999746 -0.181294
-0.999469 0.0298778 0.013028 -111.821 -0.0296548 -0.999416 0.0169807 -156.78 0.0135277 0.0165854 0.999771 -0.203017
-0.999476 0.0293108 0.013719 -112.906 -0.0290602 -0.999413 0.0181223 -156.801 0.0142422 0.0177141 0.999742 -0.196136
-0.999496 0.0286802 0.0136456 -113.429 -0.0284509 -0.999455 0.0167119 -156.782 0.0141175 0.0163152 0.999767 -0.195645
-0.999509 0.0271716 0.0156318 -114.267 -0.026948 -0.999534 0.0143453 -156.776 0.0160143 0.013917 0.999775 -0.22256
-0.999567 0.0261054 0.0135956 -114.839 -0.0259139 -0.999565 0.0140727 -156.794 0.0139571 0.0137143 0.999809 -0.219971
-0.999613 0.0255129 0.0110771 -115.694 -0.0253218 -0.999534 0.0170554 -156.787 0.0115071 0.0167684 0.999793 -0.226386
-0.999641 0.0238274 0.0122932 -116.825 -0.0236482 -0.999615 0.0145233 -156.783 0.0126345 0.0142273 0.999819 -0.206506
-0.999639 0.0231482 0.013647 -117.639 -0.0229036 -0.999579 0.0178112 -156.777 0.0140535 0.0174922 0.999748 -0.211421
-0.999551 0.0254493 0.0158462 -118.463 -0.0251915 -0.99955 0.0162608 -156.786 0.0162529 0.0158543 0.999742 -0.199137
-0.999633 0.0235104 0.0134453 -120.158 -0.0233436 -0.99965 0.0124289 -156.769 0.0137328 0.0121104 0.999832 -0.209368
-0.999645 0.0231359 0.0132474 -121.037 -0.022931 -0.999618 0.0154098 -156.743 0.0135989 0.0151006 0.999794 -0.215884
-0.999595 0.0208739 0.0193136 -122.139 -0.0211462 -0.999678 -0.0140031 -156.739 0.0190151 -0.0144059 0.999715 -0.203505
-0.999693 0.0213871 0.0124779 -123.586 -0.0212082 -0.999673 0.0142973 -156.717 0.0127796 0.0140283 0.99982 -0.199932
-0.999766 0.0192726 0.00982164 -125.835 -0.0191131 -0.999688 0.0160733 -156.708 0.0101284 0.0158819 0.999823 -0.228276
-0.999733 0.0192925 0.0127268 -126.403 -0.0190908 -0.999693 0.0157897 -156.698 0.0130275 0.0155425 0.999794 -0.223087
-0.999877 0.0114899 0.0106908 -127.745 -0.0113594 -0.999861 0.0121877 -156.631 0.0108294 0.0120648 0.999869 -0.268712
-0.999859 0.0100644 0.0134482 -128.583 -0.00989997 -0.999876 0.0122353 -156.63 0.0135696 0.0121004 0.999835 -0.220729
-0.999929 0.00332065 0.011463 -129.659 -0.00318729 -0.999927 0.0116327 -156.601 0.0115008 0.0115954 0.999867 -0.23305
-0.999725 -0.0195436 0.0129173 -130.731 0.0197179 -0.999714 0.013513 -156.546 0.0126495 0.013764 0.999825 -0.25687
-0.99971 -0.0195816 0.0140345 -133.192 0.0197707 -0.999714 0.0134632 -156.424 0.0137669 0.0137367 0.999811 -0.190018
-0.999692 -0.0208741 0.0134406 -134.06 0.0210868 -0.999651 0.0158816 -156.361 0.0131044 0.0161601 0.999784 -0.226135
-0.999706 -0.0203475 0.0131607 -134.644 0.0205606 -0.999656 0.0162704 -156.344 0.0128251 0.0165363 0.999781 -0.218547
-0.999774 -0.019436 0.00862725 -136.962 0.0195963 -0.999629 0.0188911 -156.2 0.00825689 0.0190559 0.999784 -0.220293
-0.999769 -0.0193648 0.00931695 -137.831 0.0195327 -0.999642 0.0182851 -156.141 0.00895953 0.0184629 0.999789 -0.24071
-0.999775 -0.0179633 0.0113161 -138.421 0.0181594 -0.999682 0.0174693 -156.105 0.0109987 0.0176709 0.999783 -0.210322
-0.999833 -0.0157086 0.00934519 -139.534 0.0159045 -0.999647 0.0212692 -156.047 0.00900779 0.0214143 0.99973 -0.209344
-0.999778 -0.0172746 0.0120322 -140.099 0.0175011 -0.999667 0.0189812 -156.041 0.0117003 0.0191876 0.999747 -0.225657
-0.999808 -0.0186858 0.00584325 -140.944 0.0187748 -0.999702 0.0155809 -155.986 0.00555037 0.0156876 0.999862 -0.233674
-0.999796 -0.0170812 0.010808 -141.516 0.0172214 -0.999767 0.0130147 -155.925 0.0105832 0.0131982 0.999857 -0.202385
-0.999763 -0.0167873 0.0138861 -142.349 0.0169084 -0.99982 0.00864639 -155.896 0.0137385 0.00887913 0.999866 -0.219503
-0.999802 -0.0159074 0.0119528 -143.16 0.0160217 -0.999826 0.00952906 -155.854 0.0117992 0.00971868 0.999883 -0.21682
-0.999665 -0.021726 0.0140837 -143.697 0.0217883 -0.999753 0.00428007 -155.82 0.0139872 0.0045855 0.999892 -0.228831
-0.999291 -0.0345846 0.014903 -144.546 0.0346596 -0.999388 0.00480395 -155.744 0.0147277 0.00531707 0.999877 -0.172649
-0.998835 -0.0462336 0.0138281 -145.083 0.0464049 -0.998847 0.012333 -155.699 0.013242 0.0129603 0.999828 -0.20736
-0.998604 -0.0507587 0.0145984 -145.613 0.0509547 -0.998611 0.0133852 -155.651 0.0138987 0.0141104 0.999804 -0.234271
-0.998524 -0.0517461 0.0164948 -146.425 0.052022 -0.998505 0.0167666 -155.557 0.0156026 0.0175999 0.999723 -0.201287
-0.998371 -0.0550835 0.0148392 -147.451 0.0553139 -0.998347 0.0155933 -155.453 0.0139558 0.0163887 0.999768 -0.220308
-0.998399 -0.0547528 0.0141534 -147.978 0.054989 -0.998344 0.0168738 -155.404 0.0132061 0.0176251 0.999757 -0.217119
-0.998338 -0.0552826 0.0162837 -148.508 0.0554607 -0.998403 0.0106988 -155.359 0.0156663 0.0115841 0.99981 -0.22003
-0.997949 -0.0618951 0.0163304 -149.254 0.0621033 -0.997991 0.0125622 -155.272 0.01552 0.0135506 0.999788 -0.239745
-0.992101 -0.12433 0.0166768 -150.254 0.124549 -0.992131 0.0128023 -155.09 0.0149539 0.0147782 0.999779 -0.236664
-0.990694 -0.13543 0.0135719 -150.993 0.135541 -0.990743 0.00762107 -154.952 0.0124142 0.00938969 0.999879 -0.222978
-0.990025 -0.140119 0.0147579 -151.75 0.140285 -0.990051 0.0109164 -154.828 0.0130815 0.0128778 0.999831 -0.212093
-0.99003 -0.13986 0.0167266 -152.496 0.140097 -0.99004 0.0139402 -154.671 0.0146103 0.0161446 0.999763 -0.242307
-0.989922 -0.140462 0.0180098 -153.252 0.140713 -0.989958 0.0135165 -154.523 0.0159304 0.0159145 0.999746 -0.209422
-0.989471 -0.143573 0.0182849 -155.208 0.143743 -0.98958 0.00835133 -154.131 0.0168953 0.0108917 0.999798 -0.20196
-0.986852 -0.160953 0.0147409 -155.688 0.160902 -0.98696 -0.00456603 -154.026 0.0152836 -0.00213414 0.999881 -0.218969
-0.983464 -0.180471 0.0150981 -156.171 0.180524 -0.983568 0.00219729 -153.929 0.0144534 0.00488653 0.999884 -0.192578
-0.98157 -0.190663 0.0129691 -156.633 0.190638 -0.981655 -0.00313972 -153.808 0.0133298 -0.000609465 0.999911 -0.201987
-0.980477 -0.196019 0.015557 -157.152 0.196228 -0.980468 0.0132981 -153.688 0.0126464 0.0160912 0.999791 -0.203396
-0.975077 -0.221374 0.0147898 -158.322 0.221465 -0.975156 0.00483493 -153.365 0.013352 0.00798984 0.999879 -0.189218
-0.955587 -0.29423 0.0167998 -159.926 0.294491 -0.95552 0.0160114 -152.799 0.0113415 0.0202477 0.999731 -0.179944
-0.959615 -0.280847 0.0162383 -161.475 0.280999 -0.959675 0.00793845 -152.245 0.013354 0.0121808 0.999837 -0.20547
-0.954469 -0.298183 0.0087269 -164.557 0.298207 -0.9545 0.0015572 -151.231 0.00786549 0.00408872 0.999961 -0.210524
-0.954422 -0.298333 0.00872856 -164.98 0.29837 -0.954445 0.00329023 -151.085 0.00734934 0.00574461 0.999956 -0.195432
-0.95415 -0.299241 0.00719571 -165.661 0.299278 -0.954154 0.00469712 -150.839 0.00546024 0.00663527 0.999963 -0.185743
-0.944061 -0.329538 0.0124154 -166.067 0.329647 -0.944071 0.00794453 -150.657 0.00910298 0.0115928 0.999891 -0.18785
-0.935909 -0.351787 0.0179026 -166.497 0.352014 -0.935923 0.0115708 -150.464 0.012685 0.0171312 0.999773 -0.200456
-0.931658 -0.362805 0.0196275 -166.893 0.362971 -0.931784 0.00554728 -150.284 0.016276 0.0122924 0.999792 -0.199262
-0.929768 -0.36793 0.0125691 -167.298 0.368016 -0.929805 0.00524909 -150.131 0.0097555 0.00950606 0.999907 -0.198369
-0.921446 -0.388476 0.00487331 -167.711 0.388506 -0.921361 0.0125171 -149.928 -0.000372516 0.0134272 0.99991 -0.203475
-0.890716 -0.454552 -0.00291015 -168.484 0.454429 -0.890594 0.0183651 -149.513 -0.0109397 0.0150356 0.999827 -0.203686
-0.88519 -0.465202 -0.00517697 -169.295 0.465091 -0.885141 0.0147067 -149.061 -0.0114239 0.0106104 0.999878 -0.213197
-0.882003 -0.470845 -0.0193911 -173.369 0.470353 -0.882118 0.0252068 -146.714 -0.0289737 0.0131118 0.999494 -0.211951
-0.881045 -0.472828 -0.0139203 -174.233 0.472397 -0.881005 0.0259189 -146.205 -0.0245191 0.0162598 0.999567 -0.192963
-0.541514 -0.840654 -0.00798006 -178.269 0.840309 -0.54153 0.0250106 -142.803 -0.0253467 0.00683786 0.999655 -0.196297
-0.447938 -0.894029 -0.00790845 -178.43 0.893683 -0.447988 0.0252613 -142.413 -0.0261272 0.00424785 0.99965 -0.192293
-0.398796 -0.917015 -0.00671616 -178.662 0.916762 -0.398844 0.0216764 -141.816 -0.0225563 0.00248735 0.999743 -0.208286
-0.381409 -0.924377 -0.00734496 -178.969 0.924164 -0.381479 0.019888 -141.008 -0.0211859 0.000797502 0.999775 -0.174277
-0.378226 -0.925691 0.00638325 -180.253 0.925713 -0.378215 0.00294754 -137.514 -0.000314267 0.0070239 0.999975 -0.142536
-0.3783 -0.925589 0.0131647 -180.559 0.925672 -0.378326 0.000616669 -136.66 0.00440974 0.0124194 0.999913 -0.136826
-0.415911 -0.909329 0.0117558 -182.315 0.909368 -0.415977 -0.00376384 -132.295 0.00831272 0.00912495 0.999924 -0.122684
-0.416664 -0.90896 0.0135361 -182.77 0.908997 -0.416764 -0.00558288 -131.243 0.010716 0.00997806 0.999893 -0.141275
-0.416081 -0.909302 0.00680512 -183.117 0.909268 -0.416128 -0.00833361 -130.395 0.0104096 0.00272023 0.999942 -0.139767
-0.415842 -0.909361 0.0117373 -183.387 0.909352 -0.415945 -0.00830557 -129.761 0.0124348 0.0072195 0.999897 -0.099462
-0.416156 -0.909185 0.014058 -183.734 0.909191 -0.416291 -0.00856142 -128.947 0.0136361 0.00921849 0.999865 -0.111955
-0.411438 -0.910924 0.0306035 -184.163 0.911124 -0.411945 -0.0124038 -127.911 0.0239059 0.0227802 0.999455 -0.113447
-0.400691 -0.915612 0.0331758 -184.317 0.915562 -0.401509 -0.0231858 -127.508 0.0345496 0.0210842 0.999181 -0.115043
-0.395136 -0.918601 0.00622559 -184.551 0.91817 -0.395146 -0.0286976 -126.909 0.0288216 -0.0056233 0.999569 -0.104038
-0.392187 -0.919781 0.0138327 -184.81 0.919707 -0.392363 -0.0137982 -126.296 0.0181187 0.00731052 0.999809 -0.105933
-0.392881 -0.91952 0.0112585 -184.958 0.919411 -0.393017 -0.0148934 -125.899 0.0181195 0.00449987 0.999826 -0.0964295
-0.390208 -0.920618 0.0141492 -185.202 0.920584 -0.390372 -0.0115966 -125.285 0.0161995 0.00850042 0.999833 -0.0999245
-0.389378 -0.920952 0.0152596 -186.143 0.921025 -0.38948 -0.00431116 -122.95 0.00991367 0.0123758 0.999874 -0.112206
-0.3883 -0.92141 0.0150624 -186.315 0.921449 -0.388433 -0.00714794 -122.545 0.0124369 0.0111037 0.999861 -0.112203
-0.388438 -0.921404 0.0114702 -186.465 0.921395 -0.388538 -0.00834617 -122.156 0.0121468 0.00732663 0.999899 -0.0967002
-0.385584 -0.922587 0.012558 -186.616 0.922621 -0.385671 -0.00533111 -121.76 0.00976166 0.00953065 0.999907 -0.107797
-0.38647 -0.92217 0.0156138 -186.783 0.922209 -0.386616 -0.00767463 -121.356 0.0131139 0.0114332 0.999849 -0.112694
-0.384661 -0.922948 0.0142348 -186.933 0.922996 -0.384768 -0.00563592 -120.953 0.0106788 0.0109708 0.999883 -0.109991
-0.387671 -0.921773 0.00671041 -187.087 0.92173 -0.38772 -0.00928588 -120.578 0.0111612 0.00258533 0.999934 -0.0978883
-0.385451 -0.922695 0.00791552 -187.239 0.922714 -0.385479 -0.00233962 -120.194 0.00521001 0.00640195 0.999966 -0.0999854
-0.387049 -0.921994 0.0109437 -187.399 0.922055 -0.387056 0.00160395 -119.796 0.002757 0.0107115 0.999939 -0.0872826
-0.388059 -0.921571 0.0108563 -187.641 0.921631 -0.387996 0.00747417 -119.234 -0.00267576 0.0129059 0.999913 -0.0782791
-0.385624 -0.922568 0.0127318 -187.871 0.922607 -0.385424 0.0156489 -118.661 -0.00953008 0.017781 0.999797 -0.0594752
-0.384346 -0.923088 0.0136491 -188.261 0.923065 -0.384009 0.0220948 -117.7 -0.0151541 0.0210911 0.999663 -0.0669687
-0.381566 -0.924324 0.00576124 -188.73 0.924151 -0.381354 0.0226852 -116.532 -0.0187714 0.0139802 0.999726 -0.085561
-0.377381 -0.926019 0.0084584 -188.844 0.925835 -0.377075 0.0253763 -116.223 -0.0203095 0.0174076 0.999642 -0.0640588
-0.377255 -0.925956 0.016856 -188.98 0.925934 -0.376766 0.0263357 -115.896 -0.0180349 0.0255428 0.999511 -0.0804568
-0.366481 -0.930344 0.0122618 -189.09 0.930229 -0.366102 0.0253648 -115.588 -0.019109 0.020702 0.999603 -0.0919544
-0.336185 -0.941745 0.00986083 -189.184 0.941545 -0.335835 0.02661 -115.29 -0.0217482 0.0182303 0.999597 -0.0998518
-0.28863 -0.957356 0.0127387 -189.244 0.957174 -0.28821 0.0274293 -115.037 -0.0225882 0.0201101 0.999543 -0.103749
-0.17628 -0.984243 0.0137964 -189.294 0.984102 -0.175912 0.0244617 -114.686 -0.0216493 0.0178891 0.999606 -0.110944
-0.0869391 -0.996128 0.013073 -189.282 0.99596 -0.0866135 0.0236974 -114.662 -0.0224733 0.0150804 0.999634 -0.117443
-0.0879457 -0.99604 0.0130231 -189.284 0.995876 -0.0876237 0.0235136 -114.662 -0.0222793 0.0150373 0.999639 -0.126143
-0.0876474 -0.996068 0.0129089 -189.28 0.995901 -0.087327 0.0235828 -114.665 -0.0223628 0.014923 0.999639 -0.126443
-0.0869663 -0.99613 0.0127474 -189.284 0.995959 -0.0866495 0.0235917 -114.666 -0.0223958 0.0147476 0.99964 -0.121443
-0.0866122 -0.996162 0.012669 -189.279 0.995991 -0.0862979 0.0235569 -114.664 -0.0223731 0.0146585 0.999642 -0.124243
-0.086241 -0.996193 0.0126924 -189.279 0.996025 -0.0859271 0.02349 -114.665 -0.02231 0.0146678 0.999644 -0.119743
-0.0857512 -0.996236 0.0127038 -189.282 0.996069 -0.0854387 0.0233769 -114.662 -0.0222035 0.0146585 0.999646 -0.118443
-0.0862775 -0.996191 0.0126713 -189.278 0.996023 -0.0859654 0.0233981 -114.668 -0.0222197 0.0146396 0.999646 -0.124643
-0.0906678 -0.995803 0.0124935 -189.283 0.995633 -0.0903583 0.0234478 -114.666 -0.0222205 0.0145649 0.999647 -0.121043
-0.0911548 -0.995759 0.0124211 -189.282 0.995588 -0.0908461 0.0234925 -114.667 -0.0222645 0.0145078 0.999647 -0.118643
-0.0910808 -0.995767 0.0123799 -189.283 0.995594 -0.0907726 0.0235166 -114.668 -0.0222933 0.0144673 0.999647 -0.116343
-0.0919225 -0.99569 0.0123349 -189.284 0.995517 -0.0916153 0.0235117 -114.67 -0.0222803 0.0144409 0.999647 -0.121244
-0.0920725 -0.995676 0.0123203 -189.288 0.995504 -0.0917659 0.0234837 -114.669 -0.0222516 0.0144271 0.999648 -0.114744
-0.0926583 -0.995623 0.0122313 -189.285 0.99545 -0.0923542 0.0234454 -114.667 -0.0222131 0.0143481 0.99965 -0.107643
-0.0934328 -0.99555 0.0122578 -189.285 0.995379 -0.0931284 0.0234159 -114.664 -0.0221701 0.0143889 0.999651 -0.117943
-0.0938257 -0.995512 0.0123154 -189.291 0.995342 -0.09352 0.0234049 -114.669 -0.0221481 0.014454 0.99965 -0.109544
-0.0941166 -0.995484 0.0123639 -189.288 0.995315 -0.0938102 0.023387 -114.668 -0.0221215 0.0145071 0.99965 -0.112044
-0.0939274 -0.995502 0.0123897 -189.288 0.995333 -0.0936204 0.0233811 -114.669 -0.0221161 0.014528 0.99965 -0.113244
-0.0944259 -0.995455 0.012399 -189.286 0.995286 -0.0941188 0.0233797 -114.672 -0.0221065 0.0145482 0.99965 -0.107344
-0.0948116 -0.995417 0.0124793 -189.286 0.995251 -0.0945029 0.023351 -114.669 -0.0220646 0.014634 0.999649 -0.109444
-0.0952699 -0.995375 0.01238 -189.282 0.995208 -0.0949641 0.0233042 -114.668 -0.0220207 0.0145408 0.999652 -0.112643
-0.0954543 -0.995358 0.0123059 -189.285 0.995188 -0.0951488 0.0233917 -114.669 -0.0221122 0.0144795 0.999651 -0.110044
-0.095089 -0.995392 0.0123428 -189.284 0.995223 -0.0947825 0.0234152 -114.665 -0.0221374 0.0145104 0.99965 -0.109343
