0.35245 -0.935812 0.00583139 -189.91 0.935679 0.352498 0.0157798 -113.807 -0.0168225 -0.000105291 0.999858 -0.120747
0.352398 -0.935833 0.00578515 -189.905 0.935699 0.352445 0.0157921 -113.803 -0.0168177 -0.000151945 0.999859 -0.126746
0.35235 -0.935851 0.00572526 -189.904 0.935716 0.352397 0.0158611 -113.804 -0.0168612 -0.000231438 0.999858 -0.133846
0.352338 -0.935856 0.00572029 -189.907 0.935721 0.352384 0.0158752 -113.806 -0.0168726 -0.000240828 0.999858 -0.124546
0.35235 -0.935851 0.00572067 -189.907 0.935716 0.352396 0.0158799 -113.807 -0.0168771 -0.000242356 0.999858 -0.123746
0.352352 -0.93585 0.00574182 -189.903 0.935714 0.352399 0.0159363 -113.804 -0.0169374 -0.000242486 0.999857 -0.128846
0.352347 -0.935851 0.00584468 -189.906 0.935716 0.352396 0.015906 -113.806 -0.0169453 -0.000135481 0.999856 -0.128746
0.352422 -0.935823 0.00590439 -189.909 0.935688 0.352471 0.0158647 -113.807 -0.0169277 -6.63968e-05 0.999857 -0.129047
0.35236 -0.935845 0.00597351 -189.91 0.935711 0.352411 0.0158515 -113.807 -0.0169397 4.03449e-06 0.999857 -0.126047
0.352391 -0.935833 0.00601575 -189.907 0.935699 0.352443 0.0158619 -113.807 -0.0169643 3.93381e-05 0.999856 -0.134846
0.35235 -0.935848 0.00611476 -189.907 0.935714 0.352403 0.0158506 -113.809 -0.0169886 0.000136727 0.999856 -0.126947
0.352258 -0.935883 0.0061376 -189.904 0.935749 0.352312 0.0158052 -113.809 -0.0169542 0.000175725 0.999856 -0.131446
0.352247 -0.935887 0.00613658 -189.899 0.935754 0.3523 0.0157818 -113.807 -0.0169319 0.000183243 0.999857 -0.126246
0.349523 -0.936915 0.00486811 -189.887 0.936781 0.349555 0.0158859 -113.778 -0.0165854 -0.000992136 0.999862 -0.113745
0.349429 -0.936947 0.00552196 -189.846 0.936777 0.349471 0.017872 -113.637 -0.0186749 -0.00107214 0.999825 -0.104442
0.348362 -0.937337 0.00665546 -189.752 0.937201 0.348425 0.0159664 -113.418 -0.0172848 0.000675412 0.99985 -0.108235
0.347002 -0.937843 0.00636196 -189.682 0.937727 0.347059 0.0147714 -113.235 -0.0160613 0.000840068 0.999871 -0.11403
0.345102 -0.938532 0.00792696 -189.536 0.938374 0.345189 0.0172643 -112.836 -0.0189394 0.00148052 0.99982 -0.0988181
0.342547 -0.939454 0.00937067 -189.397 0.939294 0.342664 0.017555 -112.454 -0.0197031 0.00278838 0.999802 -0.108907
0.341984 -0.939677 0.00733066 -189.319 0.939521 0.342061 0.017184 -112.247 -0.018655 0.00101065 0.999825 -0.0892012
0.3413 -0.939918 0.00825367 -189.242 0.939742 0.341397 0.0182678 -112.045 -0.019988 0.00152151 0.999799 -0.102695
0.341972 -0.939669 0.00885229 -189.155 0.939459 0.342083 0.0198856 -111.838 -0.0217141 0.00151607 0.999763 -0.0847892
0.339765 -0.940473 0.0083478 -189.033 0.940253 0.339866 0.0203895 -111.526 -0.0220129 0.000921415 0.999757 -0.07958
0.337939 -0.941121 0.00942517 -188.888 0.940977 0.338055 0.0167407 -111.184 -0.0189413 0.00321153 0.999815 -0.0782697
0.338237 -0.941003 0.0104546 -188.764 0.940828 0.33838 0.0185093 -110.859 -0.0209549 0.00357545 0.999774 -0.0491604
0.336101 -0.941759 0.0112377 -188.552 0.941653 0.336244 0.0151634 -110.288 -0.0180589 0.00548556 0.999822 -0.0484442
0.336888 -0.941484 0.0106618 -188.376 0.941315 0.337035 0.0182864 -109.819 -0.0208097 0.00387567 0.999776 -0.0373308
0.335373 -0.942024 0.010755 -188.276 0.9419 0.335512 0.0160058 -109.582 -0.0186863 0.00476227 0.999814 -0.0404238
0.335581 -0.941925 0.012785 -188.086 0.941806 0.33576 0.016345 -109.097 -0.0196885 0.00655592 0.999785 -0.0478098
0.335995 -0.941708 0.0171332 -187.948 0.941709 0.336214 0.0120171 -108.713 -0.0170771 0.0120968 0.999781 -0.0679992
0.336555 -0.941553 0.0144743 -187.842 0.941562 0.336704 0.0094967 -108.468 -0.0138152 0.0104323 0.99985 -0.0557919
0.336436 -0.941642 0.011028 -187.646 0.94167 0.336502 0.00482679 -107.968 -0.00825607 0.00876086 0.999928 -0.0704776
0.336805 -0.941517 0.0103627 -187.55 0.941558 0.336844 0.00213623 -107.714 -0.00550189 0.00903754 0.999944 -0.0551704
0.336885 -0.941515 0.00757929 -187.396 0.941542 0.33685 -0.00547552 -107.323 0.0026022 0.00898084 0.999956 -0.0604593
0.337723 -0.941221 0.00687588 -187.303 0.941236 0.337677 -0.0070439 -107.069 0.00430804 0.00885071 0.999952 -0.0405523
0.337305 -0.941349 0.00933636 -187.203 0.941361 0.33719 -0.0119579 -106.81 0.00810841 0.0128223 0.999885 -0.046945
0.337713 -0.941232 0.00564761 -187.004 0.941194 0.337623 -0.0127958 -106.299 0.0101371 0.00963683 0.999902 -0.0521305
0.339362 -0.940636 0.0062013 -186.896 0.940621 0.339285 -0.0108107 -106.046 0.00806493 0.00950181 0.999922 -0.0632231
0.339099 -0.94072 0.00762774 -186.808 0.940691 0.338975 -0.0139881 -105.793 0.0105732 0.0119187 0.999873 -0.0558163
0.3387 -0.940859 0.00813677 -186.718 0.940838 0.338573 -0.0138301 -105.529 0.0102573 0.0123396 0.999871 -0.0311093
0.340147 -0.94034 0.00780865 -186.611 0.940318 0.340026 -0.0135988 -105.275 0.0101324 0.0119682 0.999877 -0.038602
0.338549 -0.940914 0.00812021 -186.505 0.940912 0.338446 -0.0118133 -105 0.00836703 0.0116398 0.999897 -0.0308943
0.339155 -0.940715 0.00545731 -186.318 0.940667 0.339059 -0.013579 -104.552 0.0109236 0.0097389 0.999893 -0.0603815
0.339046 -0.940759 0.00447682 -186.15 0.940742 0.338996 -0.0092648 -104.098 0.00719832 0.00735273 0.999947 -0.0382691
0.339078 -0.940754 0.00269077 -186.031 0.940697 0.339022 -0.0123456 -103.792 0.010702 0.00671733 0.99992 -0.0461606
0.33939 -0.940644 0.00162822 -185.845 0.940603 0.339358 -0.0101172 -103.314 0.00896414 0.00496519 0.999947 -0.0283474
0.339348 -0.940656 0.00306704 -185.735 0.940603 0.339289 -0.0122063 -103.003 0.0104413 0.00702705 0.999921 -0.0284391
0.338721 -0.940859 0.00716589 -185.611 0.940833 0.33861 -0.013301 -102.689 0.0100879 0.0112472 0.999886 -0.0116304
0.340648 -0.940153 0.0084357 -185.37 0.940137 0.340518 -0.01379 -102.07 0.0100922 0.0126282 0.999869 -0.0184134
0.34088 -0.940072 0.00804069 -185.192 0.940014 0.340714 -0.0169466 -101.606 0.0131915 0.0133351 0.999824 -0.0206008
0.340796 -0.940068 0.0113825 -185.075 0.940071 0.340603 -0.0160102 -101.283 0.0111737 0.0161565 0.999807 -0.0266923
0.341088 -0.939991 0.00872929 -184.951 0.939951 0.340923 -0.0162128 -100.989 0.0122639 0.0137351 0.99983 -0.036284
0.341908 -0.939707 0.00707007 -184.837 0.939635 0.341755 -0.0170068 -100.684 0.0135652 0.0124581 0.99983 -0.0123758
0.341629 -0.939801 0.0079324 -184.705 0.939767 0.341491 -0.014888 -100.375 0.0112829 0.0125408 0.999858 -0.0319671
0.341201 -0.939956 0.00799025 -184.586 0.939902 0.34104 -0.0166206 -100.073 0.0128976 0.013181 0.99983 -0.0172589
0.343667 -0.939079 0.00479103 -184.237 0.93896 0.343529 -0.0185165 -99.1604 0.0157426 0.0108621 0.999817 -0.0127345
0.341699 -0.9398 0.00410652 -184.123 0.939662 0.341565 -0.0191985 -98.8731 0.0166401 0.0104188 0.999807 -0.0098267
0.34419 -0.938864 0.00819575 -183.944 0.93879 0.344004 -0.0183009 -98.4029 0.0143627 0.0139931 0.999799 -0.0299142
0.34374 -0.93905 0.00523193 -183.82 0.938927 0.343589 -0.0190274 -98.0977 0.0160701 0.0114529 0.999805 -0.0354059
0.344231 -0.938885 0.000813589 -183.515 0.938713 0.344151 -0.0194498 -97.3352 0.0179811 0.00745894 0.999811 -0.0321854
0.344563 -0.938744 0.00597528 -183.412 0.938606 0.344381 -0.0204913 -97.0294 0.0171783 0.012669 0.999772 -0.0215778
0.345682 -0.938335 0.00561198 -183.294 0.938218 0.345526 -0.0189276 -96.7244 0.0158214 0.0118082 0.999805 -0.0309697
0.345243 -0.938493 0.00612298 -183.173 0.938368 0.345067 -0.019864 -96.4257 0.0165294 0.0126035 0.999784 -0.0322617
0.346419 -0.938068 0.00473054 -182.991 0.937918 0.346261 -0.020299 -95.9698 0.0174039 0.0114688 0.999783 -0.0453495
0.34663 -0.937977 0.0068434 -182.88 0.937858 0.34644 -0.0200411 -95.6695 0.0164273 0.013365 0.999776 -0.0252418
0.347364 -0.937709 0.00637155 -182.745 0.937552 0.347157 -0.0218842 -95.3629 0.0183091 0.0135754 0.99974 -0.0308334
0.346787 -0.937937 0.00368521 -182.628 0.937741 0.346628 -0.0221562 -95.0627 0.0195037 0.0111393 0.999748 -0.0125255
0.346992 -0.937864 0.0027044 -182.444 0.937704 0.346876 -0.0197196 -94.6142 0.0175563 0.00937849 0.999802 -0.00141353
0.346413 -0.93805 0.00780407 -182.345 0.937941 0.346205 -0.020212 -94.3004 0.0162581 0.0143215 0.999765 0.00599397
0.348469 -0.9373 0.00618258 -182.036 0.937189 0.348303 -0.019028 -93.5366 0.0156816 0.0124249 0.9998 -0.0249859
0.348223 -0.937407 0.00291622 -181.749 0.937283 0.348122 -0.0176771 -92.7654 0.0155555 0.00888892 0.999839 -0.0229664
0.35005 -0.936728 0.00238719 -181.384 0.936619 0.349968 -0.0163288 -91.8456 0.0144602 0.00795177 0.999864 -0.00264263
0.351321 -0.936242 0.00486657 -181.148 0.936112 0.351172 -0.0192894 -91.2433 0.0163506 0.0113324 0.999802 -0.00972725
0.350957 -0.93639 0.00174707 -180.979 0.936198 0.350846 -0.0209714 -90.7735 0.0190244 0.00899566 0.999779 -0.0100157
0.351413 -0.93622 0.00140284 -180.847 0.936011 0.351302 -0.0216795 -90.4786 0.019804 0.00893153 0.999764 -0.0328078
0.353187 -0.935532 0.00628658 -180.673 0.935437 0.35303 -0.0180764 -90.0198 0.0146917 0.012265 0.999817 -0.0252963
0.351803 -0.936051 0.00655286 -180.489 0.935941 0.351627 -0.0193058 -89.5766 0.0157671 0.0129249 0.999792 -0.0189848
0.353773 -0.935318 0.0049483 -180.262 0.935212 0.353638 -0.0178669 -88.9644 0.0149613 0.0109485 0.999828 -0.00476979
0.353569 -0.935398 0.00428946 -180.141 0.935277 0.353439 -0.0183562 -88.6699 0.0156543 0.010502 0.999822 -0.00186224
0.355707 -0.934574 0.00666996 -180.017 0.934488 0.355547 -0.0178654 -88.3667 0.014325 0.0125878 0.999818 -0.00325453
0.354312 -0.935075 0.00984248 -179.897 0.935014 0.354087 -0.0192589 -88.061 0.0145234 0.0160265 0.999766 -0.0270469
0.356204 -0.934396 0.00472825 -179.605 0.93427 0.356059 -0.0189999 -87.3305 0.0160699 0.0111853 0.999808 -0.0221286
0.35639 -0.934323 0.00513042 -179.483 0.934195 0.356234 -0.0193964 -87.0308 0.0162949 0.0117055 0.999799 -0.011821
0.354557 -0.935005 0.00739516 -179.382 0.934897 0.354357 -0.0199689 -86.7413 0.0160505 0.0139938 0.999773 -0.0120142
0.354145 -0.935189 0.00149396 -179.035 0.935061 0.354069 -0.0172206 -85.8461 0.0155756 0.00749555 0.999851 -0.000792284
0.355603 -0.934628 0.00425929 -178.923 0.934552 0.355505 -0.0151529 -85.5449 0.0126482 0.00936895 0.999876 -0.00768509
0.373092 -0.927794 0.000868524 -178.734 0.927719 0.373049 -0.0130651 -85.0947 0.0117977 0.00568023 0.999914 -0.0165737
0.396812 -0.91789 0.00425715 -178.471 0.917838 0.396726 -0.0135002 -84.525 0.0107027 0.00926439 0.9999 0.00274125
0.419314 -0.907785 0.0101319 -178.07 0.90781 0.41918 -0.0129883 -83.6665 0.00754348 0.014644 0.999864 -0.00773618
0.419097 -0.907878 0.010771 -177.931 0.907891 0.418919 -0.01549 -83.3792 0.00955088 0.0162707 0.999822 0.00187148
0.420151 -0.907375 0.011985 -177.792 0.907384 0.419918 -0.0180016 -83.0882 0.0113014 0.0184384 0.999766 -2.0824e-05
0.423109 -0.90606 0.00583456 -177.516 0.905981 0.422959 -0.0174453 -82.5363 0.0133387 0.0126672 0.999831 0.00689406
0.423175 -0.906048 -0.000258081 -177.381 0.90592 0.42312 -0.0166695 -82.2699 0.0152126 0.00682032 0.999861 0.00840129
0.426434 -0.904498 0.006128 -176.914 0.904385 0.426244 -0.02009 -81.2747 0.0155594 0.0141091 0.999779 -0.000472937
0.428673 -0.903456 0.00249827 -176.713 0.903356 0.428581 -0.0162864 -80.849 0.0136434 0.00923839 0.999864 0.0114381
0.410939 -0.911651 0.00474304 -176.274 0.911588 0.410832 -0.0149822 -79.8904 0.01171 0.0104805 0.999876 -0.00773763
0.412202 -0.911057 0.00800388 -175.774 0.911028 0.412052 -0.0155272 -78.7908 0.0108481 0.0136921 0.999847 0.00628992
0.412434 -0.910936 0.00967781 -175.636 0.910894 0.412217 -0.0186658 -78.5169 0.013014 0.0165139 0.999779 -0.0016029
0.41487 -0.909805 0.0117118 -175.446 0.909808 0.414639 -0.0180138 -78.0827 0.0115329 0.0181289 0.999769 -0.00789232
0.412834 -0.9108 0.00335185 -175.252 0.910669 0.412705 -0.0188591 -77.6762 0.0157935 0.0108381 0.999817 -0.008182
0.416974 -0.908901 0.005591 -174.668 0.90879 0.416803 -0.019419 -76.4099 0.0153197 0.0131783 0.999796 0.0074494
0.418236 -0.908328 0.00426803 -174.602 0.908225 0.418104 -0.0177994 -76.2646 0.0143833 0.0113207 0.999832 0.0105529
0.418408 -0.908255 0.00287214 -174.336 0.908091 0.418268 -0.0205579 -75.7206 0.0174705 0.0112098 0.999785 0.0166667
0.421069 -0.907022 0.00354526 -174.01 0.90688 0.420926 -0.0197518 -75.013 0.016423 0.011532 0.999799 0.022084
0.422621 -0.906298 0.00384525 -173.766 0.906166 0.422477 -0.0193958 -74.4278 0.0159539 0.0116815 0.999804 0.0247976
0.422875 -0.906187 0.00102933 -173.632 0.906052 0.422792 -0.0177912 -74.1507 0.015687 0.0084561 0.999841 0.0239045
0.423621 -0.905826 0.00499464 -173.437 0.905703 0.423455 -0.0196796 -73.7015 0.0157113 0.0128603 0.999794 0.051015
0.423374 -0.905951 0.00274918 -173.309 0.905797 0.423241 -0.0199765 -73.4136 0.0169341 0.0109477 0.999797 0.0489218
0.42646 -0.904497 0.00411225 -173.174 0.904303 0.426263 -0.0231415 -73.1321 0.0191785 0.0135876 0.999724 0.0553287
0.42615 -0.904653 -0.000127392 -172.668 0.904403 0.426036 -0.0234152 -72.1115 0.0212369 0.00986316 0.999726 0.0345541
0.42908 -0.903266 0.000508883 -172.493 0.903059 0.42897 -0.0216693 -71.7706 0.0193549 0.00975743 0.999765 0.0380627
0.42757 -0.903981 -0.00136214 -172.249 0.903752 0.427495 -0.0219258 -71.2538 0.0204028 0.00814378 0.999759 0.0407752
0.429306 -0.903045 -0.0143582 -172.085 0.902969 0.429487 -0.0137068 -70.9134 0.0185445 -0.00708055 0.999803 0.0531834
0.430264 -0.902701 0.00200675 -171.923 0.902522 0.430133 -0.0209646 -70.5139 0.0180616 0.0108314 0.999778 0.0532922
0.43145 -0.902076 0.010526 -171.641 0.901944 0.431086 -0.0257433 -69.9621 0.0186848 0.0206008 0.999613 0.0476059
0.429811 -0.902902 0.00554534 -171.281 0.902699 0.429563 -0.0246809 -69.2258 0.0199023 0.0156139 0.99968 0.0471237
0.435127 -0.900365 -0.0025945 -170.617 0.90018 0.435093 -0.0192261 -67.7662 0.0184394 0.00603028 0.999812 0.0445572
0.435272 -0.900294 0.00291857 -170.288 0.900162 0.435147 -0.0188607 -67.0205 0.0157102 0.0108367 0.999818 0.0443739
0.435547 -0.900146 0.00589792 -170.034 0.90001 0.435341 -0.0214442 -66.5097 0.0167353 0.0146482 0.999753 0.0463861
0.440492 -0.897756 0.000146237 -169.287 0.897609 0.440417 -0.0181671 -65.012 0.0162452 0.00813373 0.999835 0.0507214
0.444673 -0.89569 0.00235096 -168.631 0.895565 0.444564 -0.0180739 -63.5535 0.0151434 0.0101424 0.999834 0.0840536
0.445072 -0.895491 0.00263913 -168.401 0.895349 0.444945 -0.0193299 -63.0843 0.0161355 0.0109661 0.99981 0.0781644
0.44636 -0.894843 0.00431799 -168.031 0.894724 0.446208 -0.0191658 -62.2962 0.0152236 0.0124182 0.999807 0.0717819
0.445854 -0.895076 0.00730613 -167.885 0.894981 0.445641 -0.0203128 -61.9623 0.0149256 0.0155954 0.999767 0.068589
0.448765 -0.893621 0.00722228 -167.584 0.893526 0.448554 -0.020258 -61.347 0.0148633 0.0155444 0.999769 0.0643029
0.450806 -0.892579 0.00873346 -167.285 0.89254 0.450612 -0.0179064 -60.6933 0.0120475 0.0158673 0.999802 0.066617
0.451921 -0.892021 0.00810769 -166.976 0.891958 0.451716 -0.0190794 -60.0709 0.0133568 0.0158541 0.999785 0.063731
0.453791 -0.891048 0.010398 -166.602 0.890992 0.453512 -0.0214773 -59.2816 0.0144217 0.0190107 0.999715 0.0547483
0.455691 -0.890094 0.00886153 -166.319 0.890033 0.455462 -0.0198752 -58.6653 0.0136547 0.016944 0.999763 0.0626613
0.45624 -0.889818 0.00832889 -166.143 0.889718 0.455984 -0.0219089 -58.3207 0.015697 0.0174061 0.999725 0.0599691
0.459183 -0.888286 0.00994814 -165.984 0.888245 0.45894 -0.0198638 -57.9736 0.0130792 0.0179575 0.999753 0.0599764
0.458712 -0.888563 0.00625982 -165.796 0.888429 0.458487 -0.0219934 -57.5949 0.0166724 0.01565 0.999739 0.0470848
0.460317 -0.887733 0.00619038 -165.62 0.887613 0.460108 -0.0210404 -57.2141 0.01583 0.0151799 0.999759 0.0537928
0.460318 -0.887721 0.00769756 -165.445 0.887612 0.460072 -0.021876 -56.8628 0.0158784 0.0169024 0.999731 0.0464005
0.459181 -0.888308 0.00785778 -165.267 0.8882 0.45893 -0.0220114 -56.5015 0.0159467 0.0170865 0.999727 0.0330083
0.462142 -0.886794 0.0046612 -165.084 0.886707 0.462005 -0.0173883 -56.125 0.0132663 0.012169 0.999838 0.0566164
0.462165 -0.886792 0.00191019 -164.817 0.886655 0.462054 -0.0186861 -55.5641 0.0156881 0.0103298 0.999824 0.0706282
0.463801 -0.885923 0.00545206 -164.624 0.885846 0.463654 -0.017404 -55.1951 0.0128907 0.0129017 0.999834 0.0628364
0.463303 -0.886193 0.00340979 -164.453 0.886044 0.463146 -0.0205284 -54.8201 0.0166129 0.0125321 0.999783 0.0438441
0.464772 -0.885428 0.00193197 -164.271 0.885307 0.46467 -0.0177097 -54.4339 0.014783 0.00994139 0.999841 0.0656521
0.467368 -0.884039 0.00647978 -163.524 0.883942 0.467171 -0.0199762 -52.8928 0.0146326 0.015064 0.999779 0.0603843
0.468221 -0.883566 0.00896558 -163.332 0.883526 0.468011 -0.0186317 -52.4862 0.0122663 0.0166451 0.999786 0.0525926
0.468152 -0.883573 0.0114877 -162.944 0.883552 0.467869 -0.0208604 -51.6644 0.0130569 0.0199158 0.999716 0.0608093
0.468198 -0.883572 0.00958778 -162.84 0.883516 0.467943 -0.0207266 -51.4588 0.0138269 0.0181751 0.999739 0.0599136
0.469824 -0.882705 0.00987916 -162.433 0.882656 0.469567 -0.0206106 -50.6463 0.0135542 0.0184033 0.999739 0.0590305
0.47119 -0.882011 0.00603988 -162.232 0.881867 0.470959 -0.0225602 -50.2328 0.0170539 0.0159565 0.999727 0.0554389
0.473125 -0.880975 0.00597269 -161.531 0.880855 0.472918 -0.0210472 -48.784 0.0157175 0.015219 0.999761 0.041268
0.473828 -0.880597 0.00599081 -161.316 0.880415 0.473561 -0.024697 -48.3936 0.0189111 0.0169765 0.999677 0.0437764
0.475182 -0.879868 0.00582561 -161.13 0.879739 0.474969 -0.0215389 -47.9744 0.0161844 0.0153599 0.999751 0.0457843
0.475499 -0.879671 0.00894296 -160.607 0.87956 0.475198 -0.0236865 -46.9296 0.0165867 0.0191288 0.999679 0.0443053
0.476326 -0.879234 0.00777649 -160.401 0.87908 0.476022 -0.0249312 -46.4851 0.0182186 0.0187116 0.999659 0.0202138
0.477666 -0.878477 0.0106209 -160.192 0.878407 0.477347 -0.0232884 -46.0597 0.0153885 0.0204535 0.999672 0.0373221
0.480185 -0.877152 0.00522364 -159.545 0.876934 0.479911 -0.0259177 -44.725 0.0202268 0.017026 0.99965 0.0317479
0.482787 -0.875714 0.00648504 -159.208 0.875521 0.482489 -0.0258366 -44.0589 0.0194965 0.0181513 0.999645 0.033261
0.484765 -0.874625 0.00579469 -158.985 0.874454 0.484511 -0.0240861 -43.5819 0.0182587 0.0167433 0.999693 0.00996982
0.485149 -0.874397 0.00775599 -158.76 0.874231 0.484829 -0.0257181 -43.1199 0.0187275 0.0192576 0.999639 0.0218786
0.486894 -0.873452 0.00403948 -158.536 0.873288 0.4867 -0.0221519 -42.6784 0.0173826 0.0143132 0.999746 0.00478714
0.487638 -0.873034 0.00456269 -158.188 0.872813 0.487381 -0.0256232 -41.9861 0.0201462 0.0164772 0.999661 0.00430039
0.488421 -0.872571 0.00802845 -157.965 0.872432 0.488116 -0.024602 -41.5081 0.0175482 0.0190204 0.999665 0.0161091
0.491673 -0.870777 0.00217396 -157.614 0.870601 0.49152 -0.0214946 -40.8087 0.0176485 0.012461 0.999767 0.0104223
0.494492 -0.869181 0.00128885 -157.15 0.869054 0.494393 -0.0178861 -39.8549 0.0149091 0.00996461 0.999839 -0.000360232
0.493387 -0.869801 0.00396857 -156.913 0.869657 0.49321 -0.0209847 -39.3912 0.0162952 0.0138049 0.999772 -0.00255149
0.495691 -0.868427 0.011133 -156.439 0.868361 0.495343 -0.0241817 -38.4425 0.0154854 0.0216541 0.999646 -0.019434
0.496348 -0.867991 0.015197 -156.213 0.868043 0.495986 -0.0223651 -37.9556 0.0118752 0.0242925 0.999634 -0.0371256
0.497907 -0.867119 0.0138921 -155.971 0.867128 0.497538 -0.0233493 -37.4827 0.0133348 0.023672 0.999631 -0.0359168
0.499717 -0.866078 0.0138903 -155.741 0.866129 0.499429 -0.0197948 -36.9952 0.0102066 0.0219226 0.999708 -0.0282083
0.501624 -0.865063 0.00628064 -155.396 0.864917 0.50137 -0.0234035 -36.3148 0.0170965 0.017172 0.999706 -0.014496
0.507793 -0.861468 0.0044774 -154.68 0.861391 0.50766 -0.0169424 -34.8605 0.0123223 0.01246 0.999846 -0.0328705
0.508824 -0.860828 0.00858713 -154.264 0.860762 0.508576 -0.0209751 -34.0841 0.0136888 0.0180641 0.999743 -0.0595562
0.508045 -0.861295 0.0078732 -154.182 0.861213 0.507803 -0.0211997 -33.9154 0.0142611 0.0175509 0.999744 -0.0555533
0.512435 -0.858536 0.0180509 -153.811 0.858571 0.51183 -0.0297467 -33.1704 0.0162996 0.0307412 0.999394 -0.0567404
0.511631 -0.859202 0.0023695 -153.661 0.859034 0.511472 -0.0213861 -32.8769 0.017163 0.0129773 0.999768 -0.0428353
0.518333 -0.855179 0.00020396 -153.245 0.854938 0.518181 -0.0238662 -32.03 0.0203042 0.012545 0.999715 -0.0360209
0.517452 -0.855708 -0.00260802 -153.161 0.855362 0.517325 -0.0270222 -31.8661 0.0244723 0.0117519 0.999631 0.00388192
0.513741 -0.854361 0.0783496 -152.763 0.857791 0.509765 -0.06584 -31.0502 0.0163112 0.101032 0.994749 -0.0309045
0.517293 -0.855801 0.003461 -152.502 0.855633 0.517102 -0.0223031 -30.5311 0.0172973 0.0144986 0.999745 -0.0195957
0.519298 -0.854593 0.000379845 -152.226 0.85445 0.519202 -0.0185422 -30.0041 0.0156488 0.00995349 0.999828 -0.0328866
0.519049 -0.854737 0.00354243 -152.001 0.854573 0.518857 -0.0221988 -29.5668 0.0171361 0.0145495 0.999747 -0.0292792
0.518928 -0.85481 0.00360425 -151.764 0.854685 0.518769 -0.0198234 -29.1058 0.0150755 0.0133674 0.999797 -0.0301714
0.51732 -0.85575 0.00849247 -151.437 0.855651 0.51703 -0.0232578 -28.4388 0.015512 0.0192983 0.999693 -0.0497606
0.520413 -0.853887 0.00686542 -150.784 0.853758 0.520146 -0.023366 -27.1528 0.0163809 0.0180214 0.999703 -0.0386396
0.520914 -0.853597 0.00452995 -150.303 0.853494 0.520749 -0.0191984 -26.1955 0.0140287 0.013867 0.999805 -0.0448242
0.523071 -0.852236 0.00954469 -149.176 0.852133 0.522727 -0.0250229 -23.9648 0.0163362 0.0212221 0.999641 -0.0631889
0.523702 -0.851891 0.00422009 -148.782 0.851749 0.523508 -0.021506 -23.233 0.0161115 0.0148572 0.99976 -0.062077
0.525913 -0.850533 0.00313716 -148.538 0.850345 0.525711 -0.0232798 -22.7305 0.018151 0.0149108 0.999724 -0.0581695
0.525975 -0.850496 0.00276241 -148.167 0.850262 0.525748 -0.0253487 -22.0076 0.0201066 0.0156815 0.999675 -0.0702583
0.526224 -0.850339 0.00347676 -147.797 0.850125 0.52599 -0.0249251 -21.2883 0.019366 0.0160718 0.999683 -0.0749473
0.524861 -0.851185 0.00236593 -147.552 0.850912 0.524618 -0.0269156 -20.8277 0.0216689 0.0161401 0.999635 -0.0810401
0.538818 -0.842399 0.00627242 -147.08 0.842222 0.538512 -0.025816 -19.9188 0.0183696 0.0191929 0.999647 -0.0671263
0.567735 -0.823206 -0.00294033 -145.504 0.822964 0.567648 -0.0225095 -17.1238 0.020199 0.0103596 0.999742 -0.065982
0.585076 -0.810976 -0.00231321 -144.861 0.810703 0.584949 -0.0243907 -16.0688 0.0211334 0.0123951 0.9997 -0.0569646
0.592907 -0.805271 0.000331105 -144.608 0.805073 0.592753 -0.0223994 -15.6488 0.0178413 0.0135473 0.999749 -0.0552578
0.595588 -0.803278 0.00439998 -143.931 0.803046 0.595263 -0.0279113 -14.561 0.0198014 0.020157 0.999601 -0.0789399
0.597408 -0.801934 0.00247387 -143.836 0.801671 0.597127 -0.027615 -14.4087 0.0206682 0.0184807 0.999616 -0.0693374
0.599581 -0.800309 0.00272138 -142.767 0.800025 0.59927 -0.0288907 -12.7249 0.0214906 0.0194995 0.999579 -0.0787098
0.599431 -0.800323 -0.0128411 -142.463 0.800218 0.599564 -0.0132085 -12.2159 0.0182701 -0.0023581 0.99983 -0.067902
0.598038 -0.801148 0.0226347 -142.123 0.801337 0.59719 -0.0349761 -11.6619 0.0145038 0.039055 0.999132 -0.110293
0.603267 -0.797451 0.0118971 -141.887 0.797397 0.60281 -0.0279008 -11.2801 0.0150779 0.0263183 0.99954 -0.104487
0.606321 -0.795206 0.00469893 -141.69 0.794996 0.605998 -0.0273559 -10.9878 0.018906 0.0203221 0.999615 -0.117483
0.603799 -0.795057 -0.0575366 -141.286 0.796948 0.603652 0.0218766 -10.3448 0.0173389 -0.0590627 0.998104 -0.0545725
0.611037 -0.791465 -0.0147086 -141.107 0.791338 0.611208 -0.0144891 -10.0285 0.0204577 -0.00278612 0.999787 -0.097068
0.609546 -0.789657 0.0699657 -140.949 0.792581 0.60521 -0.0744098 -9.7705 0.0164143 0.10081 0.99477 -0.0724642
0.614429 -0.788961 0.00427222 -140.293 0.788826 0.614202 -0.0225798 -8.74707 0.0151905 0.0172437 0.999736 -0.114748
0.614815 -0.78867 0.00153376 -140.097 0.788499 0.614638 -0.0221215 -8.44831 0.0165039 0.01481 0.999754 -0.120144
0.615588 -0.788068 -0.000846224 -139.703 0.787957 0.615519 -0.0161223 -7.82065 0.0132263 0.0092579 0.99987 -0.101434
0.617348 -0.786684 0.00312998 -139.177 0.786582 0.617192 -0.01905 -7.00297 0.0130545 0.0142225 0.999814 -0.120222
0.618223 -0.785988 0.00474809 -138.871 0.78588 0.618009 -0.0213984 -6.53544 0.0138845 0.0169604 0.99976 -0.118314
0.618296 -0.785938 0.00351191 -138.65 0.785793 0.618082 -0.022436 -6.20278 0.0154626 0.0166317 0.999742 -0.120409
0.680067 -0.733136 0.00463952 -136.698 0.73298 0.679759 -0.0258376 -3.40978 0.0157887 0.0209719 0.999655 -0.126065
0.703154 -0.711025 0.00413437 -136.128 0.710833 0.702801 -0.0280458 -2.73949 0.0170356 0.0226594 0.999598 -0.162153
0.748293 -0.66322 -0.0140031 -132.948 0.662968 0.748408 -0.0189132 0.81062 0.0230237 0.00486899 0.999723 -0.144785
0.767329 -0.641238 -0.00439435 -132.176 0.64087 0.767089 -0.0293285 1.62797 0.0221774 0.0196884 0.99956 -0.138069
0.806298 -0.591502 -0.00304496 -131.354 0.591176 0.806006 -0.0294095 2.38264 0.01985 0.0219127 0.999563 -0.141152
0.817372 -0.576086 -0.00528638 -131.147 0.575795 0.817194 -0.0255614 2.56535 0.0190456 0.0178493 0.999659 -0.140648
0.893054 -0.449938 -0.00316903 -129.344 0.449726 0.89281 -0.0252248 3.82487 0.0141789 0.0211019 0.999677 -0.175412
0.905332 -0.424646 -0.00711706 -128.886 0.424442 0.905233 -0.020046 4.10314 0.014955 0.0151275 0.999774 -0.171003
0.958965 -0.283273 -0.0119194 -126.522 0.283041 0.958939 -0.0180185 5.23497 0.0165341 0.0139055 0.999767 -0.184856
0.966327 -0.256807 -0.0161703 -125.807 0.256545 0.966389 -0.0166427 5.51558 0.0199008 0.0119339 0.999731 -0.164643
0.968723 -0.247615 -0.0162146 -124.596 0.247405 0.968812 -0.0139116 5.95863 0.0191537 0.00946492 0.999772 -0.164319
0.974959 -0.222014 -0.0128672 -123.61 0.221827 0.974978 -0.0145037 6.29737 0.0157652 0.0112862 0.999812 -0.155
0.984793 -0.173534 -0.00824483 -122.861 0.173402 0.984742 -0.0146543 6.51064 0.010662 0.0130018 0.999859 -0.165886
0.993027 -0.117785 0.00488819 -122.106 0.117817 0.99301 -0.00705823 6.70343 -0.00402267 0.00758493 0.999963 -0.149972
0.997898 -0.0632375 0.0141728 -120.34 0.0634243 0.9979 -0.013139 7.01625 -0.0133122 0.0140103 0.999813 -0.149939
0.998859 -0.0459269 0.0130793 -119.076 0.0460898 0.99886 -0.0124392 7.21247 -0.0124931 0.0130279 0.999837 -0.148315
0.999127 -0.0410651 0.00763445 -118.564 0.0410956 0.999148 -0.00388177 7.28079 -0.00746853 0.00419212 0.999963 -0.134406
0.999471 -0.0325076 -0.000851948 -118.033 0.0325053 0.999468 -0.00264683 7.34213 0.000937537 0.00261773 0.999996 -0.131296
0.999554 -0.0285023 -0.00892134 -117.518 0.0283175 0.999395 -0.0201988 7.40735 0.00949165 0.0199371 0.999756 -0.128986
0.999928 -0.0100375 -0.00658496 -116.217 0.0099421 0.999847 -0.0143704 7.56149 0.0067282 0.0143039 0.999875 -0.133163
0.999932 0.00509085 -0.0105155 -115.688 -0.00525008 0.999871 -0.0151701 7.60412 0.0104369 0.0152243 0.99983 -0.129653
0.999554 0.0269418 -0.0129165 -115.162 -0.0271217 0.999535 -0.0139656 7.64066 0.0125342 0.0143097 0.999819 -0.126344
0.996092 0.0870418 -0.014956 -113.854 -0.0872949 0.996034 -0.0171949 7.67055 0.0134 0.0184333 0.99974 -0.13442
0.993839 0.10981 -0.0150212 -113.07 -0.110047 0.993798 -0.015982 7.66655 0.013173 0.0175366 0.999759 -0.135206
0.992315 0.123318 -0.0101388 -111.993 -0.123509 0.992121 -0.0210281 7.64794 0.00746576 0.0221187 0.999727 -0.135187
0.990875 0.134232 -0.0121471 -111.451 -0.134507 0.990581 -0.0256215 7.62756 0.00859345 0.0270216 0.999598 -0.145478
0.988857 0.148246 -0.0136274 -109.055 -0.14846 0.988784 -0.0163344 7.50396 0.011053 0.0181755 0.999774 -0.155436
0.984757 0.172861 -0.0192831 -107.698 -0.173235 0.984682 -0.019783 7.38004 0.015568 0.0228219 0.999618 -0.189213
0.983002 0.182525 -0.0197951 -107.179 -0.182814 0.98305 -0.0138707 7.33153 0.0169279 0.0172537 0.999708 -0.183404
0.980964 0.192985 -0.021607 -106.646 -0.193269 0.981073 -0.0119122 7.27594 0.0188992 0.0158615 0.999696 -0.181995
0.969476 0.244181 -0.0222039 -105.599 -0.244407 0.969639 -0.00809584 7.12112 0.0195529 0.0132755 0.999721 -0.165678
0.966927 0.254313 -0.0194277 -104.548 -0.254548 0.967001 -0.0107141 6.93585 0.0160619 0.015305 0.999754 -0.18866
0.966852 0.255226 -0.00757235 -104.068 -0.255187 0.966874 0.00578536 6.86431 0.00879809 -0.00366122 0.999955 -0.155052
0.965991 0.25854 -0.00440777 -103.281 -0.258524 0.965997 0.00384604 6.72477 0.00525225 -0.00257572 0.999983 -0.151739
0.951451 0.307671 -0.00891528 -100.971 -0.307755 0.951408 -0.0104903 6.23718 0.0052545 0.0127247 0.999905 -0.161102
0.926259 0.376879 -0.00253325 -100.236 -0.376886 0.926254 -0.00316367 6.00906 0.00115411 0.00388513 0.999992 -0.15469
0.913795 0.406094 -0.00810358 -99.7701 -0.406159 0.913755 -0.00933244 5.83719 0.00361484 0.0118193 0.999924 -0.133683
0.884806 0.465864 -0.00943641 -98.5774 -0.465937 0.884781 -0.00804897 5.34595 0.00459943 0.0115185 0.999923 -0.135464
0.880127 0.474661 -0.00855886 -98.1235 -0.474716 0.880117 -0.00618251 5.14341 0.0045982 0.00950442 0.999944 -0.126756
0.877702 0.47912 -0.00912958 -97.2055 -0.479188 0.877678 -0.00777651 4.72791 0.00428694 0.0112002 0.999928 -0.131642
0.876449 0.481344 -0.0120616 -96.7466 -0.481459 0.876414 -0.00972929 4.52305 0.0058878 0.0143344 0.99988 -0.109935
0.87597 0.48217 -0.0137285 -96.0553 -0.482305 0.875956 -0.00909133 4.20146 0.00764196 0.014585 0.999864 -0.109424
0.875734 0.482611 -0.0132979 -95.5893 -0.482734 0.875726 -0.00841292 3.9925 0.00758519 0.0137868 0.999876 -0.0958172
0.874606 0.484708 -0.0111179 -94.4113 -0.484831 0.87427 -0.0243182 3.47512 -0.00206722 0.0266592 0.999642 -0.116499
0.874383 0.485221 0.00392724 -93.9577 -0.485159 0.874358 -0.0108678 3.27513 -0.00870712 0.00759731 0.999933 -0.101593
0.873625 0.486595 -0.00226439 -93.2734 -0.486591 0.873627 0.00218855 2.94335 0.00304317 -0.000810135 0.999995 -0.122082
0.873649 0.486191 -0.0188782 -92.3293 -0.486369 0.873732 -0.00613662 2.50582 0.0135109 0.014543 0.999803 -0.101268
0.873398 0.48674 -0.0161611 -92.1086 -0.486833 0.873492 -0.00222007 2.39819 0.013036 0.00980679 0.999867 -0.110065
0.872078 0.489094 -0.0163454 -89.7705 -0.48923 0.872138 -0.0054337 1.31162 0.0115978 0.0127352 0.999852 -0.106332
0.871733 0.489731 -0.0156879 -89.0798 -0.489867 0.871774 -0.00630094 0.998557 0.0105905 0.0131777 0.999857 -0.102622
0.873436 0.486748 -0.0136122 -87.6775 -0.486894 0.873393 -0.0108922 0.37266 0.00658699 0.0161414 0.999848 -0.0762023
0.872484 0.488598 -0.00657209 -86.5033 -0.48864 0.872444 -0.00850365 -0.162873 0.00157891 0.0106307 0.999942 -0.0667863
0.872608 0.488359 -0.00782529 -86.0356 -0.488418 0.872553 -0.00999829 -0.389002 0.00194523 0.0125466 0.999919 -0.07628
0.872098 0.489272 -0.00754994 -85.5692 -0.489329 0.872033 -0.0108004 -0.604611 0.00129947 0.0131134 0.999913 -0.0754737
0.880297 0.474349 -0.00841341 -84.1665 -0.47442 0.880216 -0.0120293 -1.23638 0.00169956 0.0145808 0.999892 -0.106555
0.889185 0.457525 -0.00451178 -83.699 -0.457547 0.889127 -0.0102075 -1.43316 -0.000658663 0.0111407 0.999938 -0.104149
0.891976 0.452033 -0.00670889 -83.2326 -0.45208 0.891926 -0.00959082 -1.63614 0.00164847 0.0115877 0.999932 -0.095243
0.895059 0.445942 -0.00211993 -82.7711 -0.445944 0.895027 -0.00773715 -1.81731 -0.00155292 0.00787058 0.999968 -0.0980371
0.90642 0.422361 -0.00369882 -82.2973 -0.422376 0.906356 -0.0108604 -1.98807 -0.00123458 0.0114064 0.999934 -0.086831
0.916166 0.400798 0.000233088 -81.8268 -0.400777 0.916124 -0.00975897 -2.14809 -0.00412491 0.00884742 0.999952 -0.078125
0.922964 0.384884 0.00136231 -81.3507 -0.384855 0.922927 -0.00959298 -2.29493 -0.00494949 0.00832968 0.999953 -0.077219
0.925159 0.379535 0.00579019 -80.8921 -0.379483 0.925161 -0.0083799 -2.4452 -0.00853732 0.00555546 0.999948 -0.0603132
0.927957 0.372655 0.00498797 -80.4091 -0.372597 0.927943 -0.00969373 -2.60101 -0.00824096 0.00713686 0.999941 -0.0706071
0.929016 0.369919 0.00943709 -79.9368 -0.36991 0.929064 -0.00274627 -2.75273 -0.00978355 -0.000939544 0.999952 -0.0571013
0.932231 0.361715 0.0103505 -77.0632 -0.361654 0.932284 -0.00729379 -3.68083 -0.0122878 0.00305622 0.99992 -0.00506639
0.933015 0.359783 0.00626616 -76.5649 -0.359721 0.933014 -0.00921076 -3.84052 -0.00916029 0.0063397 0.999938 -0.0238605
0.937904 0.346859 0.00507891 -75.8569 -0.34681 0.937896 -0.0085677 -4.06167 -0.00773528 0.00627426 0.99995 -0.00585217
0.962368 0.271715 0.00435349 -74.9088 -0.27163 0.962296 -0.0142697 -4.30097 -0.00806665 0.0125502 0.999889 -0.00214113
0.96737 0.253296 0.00599294 -74.1609 -0.253241 0.967365 -0.00862858 -4.43431 -0.00798295 0.00682938 0.999945 -0.0194325
0.969231 0.246115 0.00433835 -73.6873 -0.246053 0.969189 -0.0114393 -4.54726 -0.00702007 0.0100199 0.999925 -0.00172708
0.971149 0.238396 0.00602137 -72.708 -0.23832 0.971122 -0.0111881 -4.74493 -0.00851468 0.00943028 0.999919 -0.00141599
0.971056 0.238793 0.00532011 -72.2211 -0.238714 0.971011 -0.0123765 -4.8498 -0.00812132 0.0107483 0.999909 0.0107895
0.972056 0.234715 0.0040159 -71.2082 -0.234683 0.972046 -0.00710887 -5.00783 -0.0055722 0.00596776 0.999967 0.00620072
0.973935 0.226819 0.00177325 -70.7302 -0.226784 0.973874 -0.0117997 -5.10362 -0.00440334 0.01109 0.999929 -0.00109404
0.978006 0.208565 0.00207103 -70.0009 -0.208541 0.977976 -0.00861855 -5.21669 -0.00382295 0.00799711 0.999961 -0.0118861
0.978924 0.204224 -9.021e-05 -69.5068 -0.204212 0.978859 -0.0114833 -5.29387 -0.00225686 0.0112597 0.999934 0.00641925
0.98043 0.19679 0.00563122 -68.2785 -0.19669 0.980354 -0.0147763 -5.48789 -0.00842843 0.0133795 0.999875 -0.0293677
0.981045 0.193369 0.0126004 -67.315 -0.193158 0.981033 -0.0162452 -5.63507 -0.0155028 0.0135034 0.999789 -0.00765755
0.979404 0.201207 0.0168532 -66.8588 -0.201213 0.979546 -0.00136006 -5.69697 -0.0167822 -0.00205905 0.999857 0.0129472
0.965895 0.257845 0.0237294 -66.1779 -0.258047 0.966115 0.00583502 -5.86884 -0.0214208 -0.0117593 0.999701 0.0243541
0.827667 0.561171 0.00735963 -64.6211 -0.561182 0.827692 -0.000654498 -6.64766 -0.00645879 -0.00358839 0.999973 0.0626693
0.768312 0.640054 0.00526057 -64.2196 -0.640048 0.768329 -0.0030081 -6.97644 -0.0059672 -0.00105585 0.999982 0.076273
0.645852 0.763448 0.00476916 -63.5904 -0.763436 0.645869 -0.00431039 -7.6659 -0.00637101 -0.000857073 0.999979 0.0788785
0.358141 0.933666 -0.00154969 -62.7164 -0.933664 0.358144 0.00200042 -9.32608 0.00242274 0.000730456 0.999997 0.117785
0.208143 0.978097 0.00173854 -62.5127 -0.978098 0.208142 0.000810966 -10.1913 0.000431341 -0.00186926 0.999998 0.127786
0.144788 0.989462 0.000651854 -62.4639 -0.989462 0.144787 0.00166478 -10.5509 0.00155285 -0.000886024 0.999998 0.144186
0.0573237 0.998351 0.00300527 -62.4362 -0.998351 0.0573144 0.00308475 -11.063 0.00290742 -0.00317715 0.999991 0.147685
-0.10468 0.994504 -0.00193848 -62.5039 -0.994488 -0.104667 0.00620613 -12.1298 0.00596912 0.00257746 0.999979 0.161082
-0.117937 0.993019 -0.00222301 -62.5527 -0.993012 -0.117926 0.00443546 -12.501 0.00414235 0.00273058 0.999988 0.145181
-0.127223 0.991863 0.00460735 -62.5791 -0.991871 -0.127233 0.00182026 -12.8435 0.00239165 -0.00433832 0.999988 0.16708
-0.136558 0.990599 -0.0080883 -62.6515 -0.990621 -0.136514 0.00586308 -13.4441 0.0047038 0.00881309 0.99995 0.165278
-0.137918 0.990444 2.28297e-05 -62.7727 -0.990423 -0.137915 0.00652972 -14.4369 0.00647047 0.000877954 0.999979 0.170475
-0.138504 0.99036 0.00199886 -62.879 -0.990359 -0.138508 0.00215446 -15.2426 0.00241055 -0.00168119 0.999996 0.187672
-0.136919 0.990471 -0.0148563 -63.0054 -0.990538 -0.136755 0.0115622 -16.2518 0.00942031 0.0162988 0.999823 0.184768
-0.138335 0.990353 -0.00799588 -63.0976 -0.990376 -0.138295 0.00535207 -16.8689 0.00419464 0.00865931 0.999954 0.179166
-0.137879 0.990266 -0.0190678 -63.1494 -0.990443 -0.137786 0.0061446 -17.29 0.00345751 0.0197327 0.999799 0.184764
-0.135581 0.99063 -0.0164299 -63.2598 -0.990739 -0.135437 0.00959866 -18.1372 0.00728351 0.0175791 0.999819 0.180161
-0.12013 0.992672 -0.0131039 -63.3157 -0.992736 -0.120027 0.00832806 -18.7225 0.00669421 0.0140091 0.999879 0.195858
-0.0473208 0.998821 -0.0107961 -63.3951 -0.998862 -0.0472533 0.00644288 -20.1184 0.00592514 0.0110887 0.999921 0.189453
-0.0431596 0.999007 -0.0110422 -63.407 -0.999035 -0.0430653 0.00863897 -20.5394 0.00815485 0.0114044 0.999902 0.192752
-0.0404695 0.999127 -0.0103346 -63.4205 -0.999122 -0.0403529 0.0112444 -20.9554 0.0108175 0.0107806 0.999883 0.18155
-0.0373008 0.999192 -0.0149761 -63.4373 -0.99925 -0.0371391 0.0109371 -21.5967 0.010372 0.0153728 0.999828 0.179848
-0.033079 0.999411 -0.00914792 -63.4603 -0.999413 -0.0329952 0.00916717 -22.2353 0.00885993 0.00944579 0.999916 0.195745
-0.0305119 0.999476 -0.0108322 -63.4744 -0.999487 -0.0304034 0.0100441 -22.6754 0.00970951 0.0111331 0.999891 0.181144
-0.0292858 0.999529 -0.00920439 -63.4846 -0.99952 -0.0291903 0.010345 -23.1198 0.0100715 0.00950293 0.999904 0.181942
-0.0281694 0.999573 -0.00777648 -63.493 -0.999549 -0.0280862 0.0106065 -23.5596 0.0103836 0.00807176 0.999914 0.18644
-0.0272443 0.999479 -0.0173084 -63.5026 -0.999579 -0.0270667 0.0104162 -24.0139 0.00994229 0.0175849 0.999796 0.186439
-0.0156111 0.999829 -0.00992964 -63.5094 -0.999866 -0.0155618 0.00501702 -24.8806 0.00486163 0.0100066 0.999938 0.190035
-0.00895762 0.999856 -0.0144223 -63.5087 -0.999955 -0.00891089 0.00330563 -25.4746 0.00317664 0.0144513 0.999891 0.206633
-0.00944722 0.999879 -0.0123957 -63.5092 -0.999954 -0.00942636 0.00173196 -25.9148 0.00161491 0.0124115 0.999922 0.201431
-0.00887918 0.999872 -0.013339 -63.5092 -0.999958 -0.00884652 0.00250344 -26.3763 0.00238511 0.0133606 0.999908 0.198129
-0.00764382 0.999861 -0.014819 -63.5104 -0.999965 -0.0075928 0.00349979 -28.054 0.00338679 0.0148452 0.999884 0.198422
-0.00757921 0.99977 -0.0200663 -63.5163 -0.999968 -0.0075295 0.00255338 -29.0267 0.0024017 0.0200851 0.999795 0.201617
-0.00787044 0.999905 -0.0113506 -63.5228 -0.999969 -0.00785971 0.000993518 -30.0114 0.000904211 0.0113581 0.999935 0.214413
-0.00844347 0.99984 -0.0157948 -63.5217 -0.999961 -0.00839758 0.0029726 -31.0369 0.00283949 0.0158193 0.999871 0.213308
-0.00662982 0.999895 -0.012853 -63.518 -0.999969 -0.00657403 0.00438184 -31.7948 0.00429689 0.0128817 0.999908 0.198804
-0.00578678 0.999875 -0.0147192 -63.5283 -0.999962 -0.00568986 0.00662316 -32.538 0.00653858 0.0147569 0.99987 0.191
0.00292516 0.999954 -0.00915 -63.5226 -0.999954 0.0030089 0.00915234 -33.7903 0.00917945 0.0091228 0.999916 0.210494
0.00539875 0.999881 -0.0144521 -63.5249 -0.99993 0.00555032 0.0104684 -34.5271 0.0105473 0.0143946 0.999841 0.19899
0.00616562 0.999952 -0.00766322 -63.5219 -0.999953 0.00622302 0.00748481 -35.5088 0.00753213 0.0076167 0.999943 0.207084
0.00651342 0.999917 -0.0111462 -63.5214 -0.99995 0.00659704 0.00748253 -36.2525 0.00755544 0.0110969 0.99991 0.22218
0.00904822 0.999881 -0.0124602 -63.5189 -0.999946 0.00911146 0.00503069 -37.9728 0.00514362 0.012414 0.99991 0.20697
0.0104284 0.999794 -0.0174128 -63.5177 -0.999928 0.0105315 0.00584371 -38.7407 0.0060259 0.0173506 0.999831 0.216166
0.0103048 0.999821 -0.0158758 -63.5196 -0.99992 0.0104189 0.00712074 -39.2417 0.00728487 0.0158011 0.999849 0.203763
0.00995815 0.999802 -0.0172025 -63.5102 -0.999925 0.0100792 0.00696376 -39.7541 0.00713577 0.0171319 0.999828 0.228659
0.0101474 0.999847 -0.0142765 -63.5065 -0.999915 0.0102626 0.00801904 -40.5105 0.00816432 0.0141939 0.999866 0.226755
0.00918353 0.999864 -0.0137313 -63.5182 -0.999928 0.00928777 0.00754615 -40.99 0.00767265 0.013661 0.999877 0.221051
0.0092569 0.999797 -0.0179042 -63.5324 -0.999895 0.00945437 0.0109769 -41.7324 0.011144 0.0178007 0.999779 0.172346
0.00830895 0.999843 -0.0156168 -63.5214 -0.999911 0.00847071 0.0103224 -42.6991 0.0104531 0.0155296 0.999825 0.18254
0.00670081 0.99981 -0.0182869 -63.5237 -0.999918 0.00689912 0.0108036 -43.2021 0.0109277 0.018213 0.999774 0.201437
0.00479609 0.99978 -0.0204258 -63.5263 -0.999937 0.00500172 0.0100283 -44.1257 0.0101282 0.0203764 0.999741 0.18163
0.00706595 0.999638 -0.0259765 -63.5278 -0.999928 0.00731593 0.00954164 -44.8233 0.00972822 0.0259072 0.999617 0.194225
0.00157619 0.999912 -0.0131951 -63.5363 -0.999979 0.00165933 0.00629396 -46.4285 0.0063153 0.0131849 0.999893 0.192214
0.00270319 0.999868 -0.0160355 -63.5331 -0.999971 0.00281674 0.00706103 -47.1759 0.00710527 0.016016 0.999847 0.190908
0.00403869 0.999809 -0.0191171 -63.5425 -0.999972 0.00415975 0.00629647 -48.5603 0.00637479 0.0190912 0.999797 0.195998
0.00270212 0.999693 -0.0246482 -63.5545 -0.999967 0.00289166 0.00765762 -49.0256 0.00772654 0.0246267 0.999667 0.153994
0.00517273 0.999734 -0.0224783 -63.5654 -0.999943 0.00538015 0.00917737 -49.7294 0.00929586 0.0224295 0.999705 0.168089
0.00363159 0.99977 -0.0211487 -63.5823 -0.999786 0.00406039 0.0202693 -50.6327 0.0203505 0.0210706 0.999571 0.153381
0.00148857 0.999749 -0.0223329 -63.6007 -0.999602 0.0021168 0.0281332 -51.5338 0.0281734 0.0222822 0.999355 0.149174
0.00120395 0.999776 -0.021115 -63.6038 -0.999591 0.0018065 0.028541 -51.7681 0.0285727 0.021072 0.99937 0.165972
0.00145257 0.99975 -0.0223274 -63.603 -0.999585 0.00209397 0.0287316 -52.2257 0.0287712 0.0222764 0.999338 0.160268
0.000332952 0.99964 -0.0268371 -63.6211 -0.999506 0.00117588 0.0313986 -52.672 0.0314188 0.0268134 0.999147 0.152664
0.0506586 0.998713 -0.0026252 -63.5905 -0.998496 0.0507024 0.0208509 -53.9598 0.0209572 0.00156498 0.999779 0.162954
0.0924745 0.995711 -0.00294075 -63.551 -0.995613 0.0925069 0.0140386 -54.3831 0.0142504 0.00162963 0.999897 0.18135
0.155721 0.987791 -0.0043924 -63.4813 -0.987735 0.155761 0.0108997 -54.7861 0.0114508 0.00264121 0.999931 0.180248
0.260019 0.965588 -0.00542465 -63.2747 -0.965499 0.260069 0.0132329 -55.6275 0.0141883 0.00179669 0.999898 0.157842
0.269709 0.962874 -0.0114114 -63.0495 -0.962804 0.269852 0.0137302 -56.4932 0.0162998 0.0072838 0.999841 0.171537
0.274332 0.96153 -0.0142161 -62.8144 -0.961509 0.274506 0.0121156 -57.3685 0.015552 0.0103452 0.999826 0.171831
0.277826 0.960534 -0.0136879 -62.6908 -0.9605 0.277995 0.0125967 -57.8224 0.0159047 0.00964756 0.999827 0.181829
0.2826 0.959017 -0.0206065 -62.4619 -0.959124 0.282831 0.00931428 -58.689 0.0147607 0.017132 0.999744 0.163023
0.280872 0.959636 -0.0144956 -62.2781 -0.959686 0.28099 0.00683742 -59.3504 0.0106345 0.0119908 0.999872 0.168919
0.281664 0.959383 -0.0157991 -62.146 -0.959459 0.281785 0.00599381 -59.7873 0.0102023 0.0134703 0.999857 0.185016
0.28477 0.958302 -0.0237466 -61.7422 -0.958499 0.285006 0.00717934 -61.284 0.0136479 0.0207166 0.999692 0.169905
0.230077 0.97305 -0.0154242 -61.2813 -0.973108 0.230216 0.00790512 -63.2161 0.011243 0.0131906 0.99985 0.183291
0.139227 0.990045 -0.0206725 -61.2382 -0.990202 0.139416 0.00798741 -63.8768 0.01079 0.0193579 0.999754 0.145685
0.0922096 0.995538 -0.0200213 -61.2053 -0.995681 0.0924031 0.00896187 -64.303 0.0107719 0.0191085 0.999759 0.157881
0.0644991 0.997678 -0.0218911 -61.1841 -0.997882 0.064668 0.00709455 -64.9498 0.00849373 0.0213872 0.999735 0.150374
0.056635 0.998051 -0.0261831 -61.172 -0.998363 0.0568228 0.00648307 -65.4262 0.00795823 0.0257731 0.999636 0.128769
0.0485025 0.998612 -0.0205375 -61.1543 -0.998806 0.0486127 0.00490113 -65.8783 0.00589272 0.0202753 0.999777 0.137065
0.0467744 0.99875 -0.0176388 -61.1527 -0.998893 0.046857 0.00429652 -66.3161 0.00511765 0.0174183 0.999835 0.13696
0.0457766 0.998738 -0.0206625 -61.1397 -0.998948 0.0458251 0.00187998 -66.7552 0.00282447 0.0205547 0.999785 0.117656
0.0141816 0.999783 -0.0152869 -61.1433 -0.999886 0.0142584 0.00492506 -68.1045 0.00514195 0.0152153 0.999871 0.146042
0.0119073 0.999765 -0.0181125 -61.1498 -0.999917 0.0119941 0.00469042 -68.5285 0.00490655 0.0180552 0.999825 0.133937
0.00843912 0.999796 -0.018344 -61.1555 -0.999951 0.00853342 0.00506825 -68.9872 0.00522375 0.0183003 0.999819 0.132032
0.0256619 0.999505 -0.0181988 -61.1606 -0.999656 0.0257548 0.0048914 -70.0543 0.00535768 0.018067 0.999822 0.13392
0.0412874 0.998991 -0.0176876 -61.1381 -0.99914 0.0413463 0.00298058 -70.9288 0.00370889 0.0175493 0.999839 0.119811
0.0634851 0.997699 -0.0237904 -61.0967 -0.997969 0.0635912 0.00372754 -71.8227 0.00523182 0.0235054 0.99971 0.140401
0.0648359 0.997895 -0.00158544 -61.0384 -0.997896 0.0648367 0.000473487 -73.2191 0.000575285 0.00155141 0.999999 0.118186
0.0650945 0.997815 -0.0113153 -61.0031 -0.997873 0.0651292 0.00272131 -74.1144 0.00345231 0.011114 0.999932 0.137276
0.0666947 0.997376 -0.028155 -60.9859 -0.997758 0.0668262 0.00375262 -74.6231 0.00562426 0.0278416 0.999597 0.12617
0.0647611 0.997816 -0.0129918 -60.9571 -0.997891 0.0648131 0.00361828 -75.0996 0.00445242 0.01273 0.999909 0.111864
0.0681224 0.997433 -0.022042 -60.8694 -0.99767 0.0681899 0.00231891 -76.7912 0.003816 0.0218327 0.999754 0.098145
0.0653893 0.997749 -0.0148963 -60.8482 -0.997848 0.0654536 0.00386968 -78.321 0.00483599 0.0146112 0.999882 0.0560265
0.0681282 0.997493 -0.0191147 -60.8161 -0.997676 0.068135 -0.000294241 -79.5566 0.00100888 0.0190903 0.999817 0.0642114
0.0673361 0.997581 -0.0172947 -60.7876 -0.997729 0.0672982 -0.00276531 -80.054 -0.00159472 0.0174416 0.999847 0.0731054
0.0663871 0.997657 -0.0165584 -60.7505 -0.997789 0.0663258 -0.00421764 -80.5763 -0.0031095 0.0168018 0.999854 0.0639992
0.0649121 0.997777 -0.0150492 -60.7385 -0.997863 0.0647896 -0.00848811 -81.0685 -0.00749422 0.015568 0.999851 0.060793
0.0521949 0.998458 -0.0189263 -60.7243 -0.998598 0.0520153 -0.00986113 -82.102 -0.00886146 0.0194144 0.999772 0.00937987
0.0232509 0.999522 -0.020352 -60.7258 -0.999704 0.0230996 -0.00763684 -82.599 -0.00716307 0.0205235 0.999764 0.0480734
0.0053857 0.999816 -0.0183887 -60.7312 -0.99997 0.00528127 -0.00572287 -83.0741 -0.00562471 0.018419 0.999815 0.0530672
0.0310282 0.999334 -0.0192006 -60.7281 -0.999516 0.0309807 -0.00276538 -83.7918 -0.00216869 0.0192771 0.999812 0.0582577
0.0364524 0.999146 -0.0194686 -60.7298 -0.999335 0.0364205 -0.00198807 -84.2548 -0.00127731 0.0195281 0.999808 0.0522516
0.0408388 0.998885 -0.0236919 -60.7194 -0.999166 0.0408304 -0.000841524 -84.7348 0.000126768 0.0237065 0.999719 0.0331453
0.0426753 0.998874 -0.0207108 -60.7474 -0.999089 0.0426842 -9.28529e-06 -85.2275 0.000874747 0.0206923 0.999785 0.00483844
0.0435707 0.998833 -0.0208246 -60.739 -0.999049 0.0435994 0.000927111 -85.6925 0.00183397 0.0207644 0.999783 0.0396323
0.0456921 0.998786 -0.018423 -60.724 -0.998952 0.0457336 0.00183846 -86.431 0.00267877 0.0183197 0.999829 0.0289224
0.0449626 0.998776 -0.0206006 -60.7092 -0.998988 0.0449634 -0.000422751 -87.1811 0.00050404 0.0205988 0.999788 -0.0206877
0.0456533 0.998662 -0.0242845 -60.6996 -0.998955 0.0456867 0.000822262 -87.675 0.00193064 0.0242216 0.999705 0.00270554
0.0451005 0.998723 -0.0227814 -60.6706 -0.998977 0.0451608 0.00213979 -89.7213 0.00316588 0.0226616 0.999738 0.0120772
0.0455413 0.998704 -0.0227114 -60.6736 -0.998959 0.0455884 0.00155921 -90.2458 0.00259256 0.0226168 0.999741 -0.0223303
0.0449241 0.998737 -0.0225186 -60.6707 -0.998984 0.0449933 0.00257375 -90.7314 0.00358369 0.0223801 0.999743 -0.0148372
0.0454765 0.998757 -0.0204101 -60.6482 -0.998956 0.0455576 0.00352846 -91.7497 0.0044539 0.0202283 0.999785 -0.0769516
0.0434595 0.998917 -0.0166412 -60.6482 -0.999043 0.0435345 0.00417366 -91.7497 0.00489361 0.0164438 0.999853 -0.0769516
0.0441377 0.998828 -0.0198614 -60.657 -0.999018 0.0442072 0.00307292 -92.0058 0.00394734 0.0197063 0.999798 -0.0909554
0.0454535 0.998751 -0.0207302 -60.6935 -0.998956 0.0455377 0.00360277 -92.7672 0.00454227 0.0205448 0.999779 -0.0193668
0.0433888 0.998848 -0.0204788 -60.6821 -0.999046 0.0434812 0.00408913 -93.5374 0.00497486 0.0202818 0.999782 -0.044778
0.0426205 0.998961 -0.0160995 -60.6793 -0.999076 0.042703 0.00481084 -94.0365 0.00549334 0.0158796 0.999859 -0.00928536
0.046862 0.998632 -0.0231979 -60.6743 -0.998867 0.0470405 0.0072074 -96.3339 0.00828878 0.0228339 0.999705 -0.0444198
0.0456883 0.99875 -0.0202671 -60.6584 -0.998933 0.0458158 0.00587559 -96.8666 0.0067968 0.0199771 0.999777 -0.0260277
0.0454702 0.998763 -0.0201192 -60.6718 -0.998948 0.0455796 0.00501179 -97.3395 0.00592261 0.0198701 0.999785 -0.0294351
0.0447478 0.998775 -0.0211379 -60.6828 -0.998976 0.0448777 0.00571179 -97.6201 0.00665341 0.0208607 0.99976 -0.0459395
0.0456045 0.998714 -0.0221499 -60.6627 -0.998958 0.045633 0.00077971 -99.3892 0.00178947 0.0220912 0.999754 -0.0239668
0.0479819 0.998533 -0.0250741 -60.6595 -0.998848 0.0479949 -8.02809e-05 -99.9019 0.00112327 0.0250491 0.999686 -0.0500748
0.0577657 0.997992 -0.0259632 -60.6651 -0.99833 0.057754 -0.00120174 -100.388 0.000300148 0.0259893 0.999662 -0.0770825
0.0582972 0.998105 -0.0196704 -60.676 -0.998297 0.0583298 0.00109236 -100.911 0.00223766 0.0195732 0.999806 -0.112691
0.0561987 0.998242 -0.0188383 -60.6635 -0.998418 0.0562229 0.000755406 -101.356 0.00181323 0.0187661 0.999822 -0.0838979
0.0567978 0.998201 -0.0192236 -60.6512 -0.998386 0.0567955 -0.000665501 -102.325 0.000427511 0.0192304 0.999815 -0.0583133
0.060452 0.998082 -0.0133481 -60.6433 -0.99817 0.0604676 0.000769699 -102.793 0.00157535 0.0132772 0.999911 -0.0676208
0.0569265 0.998224 -0.0175282 -60.6511 -0.998376 0.0569504 0.000867077 -103.5 0.00186377 0.0174504 0.999846 -0.0893324
0.0558294 0.998138 -0.0245862 -60.6612 -0.998433 0.0559074 0.00249405 -104.432 0.00386395 0.0244084 0.999695 -0.0813478
0.0582832 0.998276 -0.00698258 -60.634 -0.998297 0.058299 0.00208891 -106.606 0.00249238 0.00684894 0.999973 -0.108484
0.056751 0.99829 -0.0140405 -60.6297 -0.998388 0.0567589 0.000168072 -107.336 0.000964709 0.0140083 0.999901 -0.112996
0.054167 0.99841 -0.0156232 -60.6345 -0.998526 0.0542132 0.002544 -108.744 0.00338694 0.0154623 0.999875 -0.08522
0.0549821 0.99837 -0.0153155 -60.6575 -0.998487 0.0549812 -0.000485134 -109.44 0.000357722 0.015319 0.999883 -0.0894321
0.052797 0.998536 -0.0117942 -60.6388 -0.998601 0.0528294 0.00245162 -110.655 0.00307111 0.0116482 0.999927 -0.101953
0.0532349 0.998542 -0.00897711 -60.6426 -0.998548 0.0533047 0.00772869 -111.627 0.00819594 0.00855264 0.99993 -0.14367
0.0511623 0.998583 -0.014664 -60.6442 -0.998648 0.051289 0.00839853 -112.629 0.00913872 0.0142145 0.999857 -0.0695878
0.0519409 0.998614 -0.0085647 -60.6028 -0.998613 0.0520109 0.0081639 -113.094 0.00859804 0.00812878 0.99993 -0.0945957
0.0484111 0.998703 -0.0157778 -60.5759 -0.998789 0.0485417 0.00800184 -113.598 0.00875734 0.0153713 0.999843 -0.128004
0.0469045 0.998729 -0.0184174 -60.6391 -0.998863 0.047051 0.00760422 -114.425 0.00846111 0.0180398 0.999801 -0.0912199
0.0451199 0.998799 -0.0190823 -60.6406 -0.998965 0.0452205 0.00487085 -115.539 0.00572791 0.0188428 0.999806 -0.12014
0.043308 0.998971 -0.0134457 -60.6133 -0.999022 0.0434218 0.00829571 -116.102 0.00887102 0.0130733 0.999875 -0.16765
0.0428246 0.998993 -0.0134208 -60.6322 -0.99902 0.042968 0.0105826 -116.68 0.0111486 0.0129545 0.999854 -0.139861
0.0421234 0.998974 -0.0166488 -60.6358 -0.999047 0.0423059 0.0107671 -118.126 0.0114604 0.0161793 0.999803 -0.135488
0.0400099 0.999102 -0.0139577 -60.6497 -0.999141 0.0401545 0.0102446 -119.289 0.0107958 0.0135358 0.99985 -0.10471
0.0386261 0.999105 -0.0172183 -60.6546 -0.999202 0.0387945 0.00955468 -120.724 0.0102141 0.0168355 0.999806 -0.0914368
0.0387087 0.999077 -0.0186162 -60.6544 -0.999196 0.0388938 0.00968564 -121.593 0.0104008 0.0182263 0.99978 -0.0975534
0.0380126 0.999202 -0.0122421 -60.671 -0.999224 0.0381345 0.00987763 -122.463 0.0103366 0.0118571 0.999876 -0.0499703
0.0394083 0.999091 -0.016272 -60.6023 -0.999181 0.0395501 0.00848617 -123.035 0.00912201 0.0159242 0.999832 -0.137881
0.0395259 0.999046 -0.0185877 -60.6254 -0.999193 0.0396509 0.00640037 -123.608 0.00713128 0.0183197 0.999807 -0.110592
0.0395675 0.999092 -0.0158064 -60.63 -0.999202 0.0396468 0.0047339 -126.213 0.00535628 0.0156065 0.999864 -0.119243
0.0394888 0.999014 -0.020288 -60.6202 -0.999205 0.0395903 0.00462739 -126.793 0.00542603 0.0200891 0.999783 -0.130655
0.0378234 0.999059 -0.0212082 -60.6245 -0.999275 0.0379072 0.00356443 -127.357 0.00436503 0.021058 0.999769 -0.0947662
0.0391102 0.998881 -0.0265994 -60.5713 -0.999203 0.0393088 0.00698414 -128.744 0.00802192 0.026305 0.999622 -0.119094
0.0381911 0.998955 -0.025105 -60.5889 -0.999239 0.0383757 0.00691307 -129.624 0.00786927 0.0248219 0.999661 -0.159612
0.0392866 0.999041 -0.0193182 -60.569 -0.999193 0.0394403 0.00764026 -130.511 0.00839485 0.0190024 0.999784 -0.22813
0.037483 0.999169 -0.0160111 -60.5987 -0.999261 0.0376126 0.00786766 -131.395 0.00846334 0.0157043 0.999841 -0.286948
0.0367347 0.999243 -0.0128233 -60.5989 -0.9993 0.0368208 0.00654695 -132.25 0.00701416 0.0125738 0.999896 -0.278266
0.0381037 0.999164 -0.0147954 -60.6065 -0.999258 0.0381824 0.00506848 -133.078 0.00562917 0.0145913 0.999878 -0.220483
0.0375392 0.99915 -0.0170171 -60.642 -0.999292 0.0375728 0.0016585 -133.671 0.00229647 0.0169428 0.999854 -0.251096
0.0386788 0.999001 -0.0223921 -60.6253 -0.99925 0.0387146 0.00116615 -134.215 0.00203189 0.0223302 0.999749 -0.283408
0.0360447 0.999112 -0.0217915 -60.6408 -0.999345 0.0361085 0.00254214 -134.761 0.00332674 0.0216856 0.999759 -0.287119
0.0355185 0.999143 -0.02127 -60.6309 -0.999366 0.0355646 0.00179201 -135.335 0.00254694 0.0211928 0.999772 -0.362431
0.0390418 0.998972 -0.0230522 -60.652 -0.999234 0.0390943 0.00182914 -135.895 0.00272846 0.0229632 0.999733 -0.297944
0.031042 0.999374 -0.0169531 -60.6682 -0.999516 0.0310698 0.00137721 -137.024 0.00190308 0.0169022 0.999855 -0.227068
0.027409 0.999474 -0.017335 -60.8128 -0.999622 0.0274453 0.00186405 -137.62 0.00233883 0.0172774 0.999848 -0.137682
0.0253493 0.999448 -0.0214759 -60.823 -0.999669 0.0254389 0.00390834 -138.178 0.00445251 0.0213698 0.999762 -0.199594
0.0242008 0.999444 -0.0229238 -60.819 -0.999693 0.0243151 0.0047178 -138.702 0.00527257 0.0228026 0.999726 -0.172206
0.0244107 0.999485 -0.0208276 -60.8529 -0.999679 0.0245474 0.00633468 -139.236 0.00684268 0.0206663 0.999763 -0.212118
0.0215455 0.999585 -0.0191147 -60.8814 -0.999746 0.0216687 0.00625892 -140.536 0.00667051 0.018975 0.999798 -0.184547
0.0186368 0.999588 -0.0218488 -60.8688 -0.999798 0.0187964 0.00712055 -141.053 0.00752829 0.0217117 0.999736 -0.144358
0.00400251 0.999831 -0.0179697 -60.9059 -0.999968 0.00412691 0.00688929 -141.84 0.00696228 0.0179416 0.999815 -0.150076
-0.0293263 0.999305 -0.0230053 -60.9375 -0.999545 -0.0291562 0.00769758 -142.12 0.00702149 0.0232206 0.999706 -0.137583
-0.0383157 0.999053 -0.0206129 -60.959 -0.999247 -0.03818 0.00693764 -142.375 0.00614407 0.0208632 0.999763 -0.163889
-0.052109 0.99844 -0.0200475 -60.988 -0.99862 -0.0519669 0.00754556 -142.643 0.00649198 0.020413 0.999771 -0.184395
-0.13575 0.990434 -0.0247643 -61.1491 -0.99073 -0.135576 0.00855059 -143.593 0.00511133 0.0256955 0.999657 -0.202818
-0.207299 0.97802 -0.0224649 -61.2999 -0.978262 -0.207111 0.0104009 -144.298 0.00551958 0.0241327 0.999694 -0.180835
-0.230429 0.972738 -0.0261334 -61.4375 -0.973074 -0.230191 0.0118177 -144.768 0.00547986 0.0281528 0.999589 -0.226147
-0.247232 0.968836 -0.0152915 -61.8817 -0.968929 -0.247075 0.0114626 -146.304 0.00732727 0.0176503 0.999817 -0.165287
-0.247022 0.968904 -0.014352 -62.0086 -0.968966 -0.246843 0.0131396 -146.704 0.00918834 0.0171524 0.999811 -0.200597
-0.247808 0.968715 -0.0135352 -62.1397 -0.968762 -0.247633 0.0133833 -147.169 0.00961283 0.0164288 0.999819 -0.194509
-0.243965 0.9696 -0.018861 -62.3487 -0.969629 -0.243533 0.0225854 -147.922 0.0173055 0.0237982 0.999567 -0.213829
-0.253716 0.967154 -0.0155506 -62.5391 -0.967017 -0.25324 0.0273431 -148.434 0.0225069 0.0219751 0.999505 -0.136543
-0.321835 0.946684 -0.0144881 -62.8709 -0.9465 -0.321316 0.0298825 -149.323 0.023634 0.0233302 0.999448 -0.143467
-0.367764 0.929899 -0.00608943 -63.0464 -0.929716 -0.36754 0.0232987 -149.679 0.0194273 0.0142299 0.99971 -0.248777
-0.434731 0.900522 -0.00831739 -63.376 -0.90042 -0.434481 0.021707 -150.269 0.0159339 0.0169258 0.99973 -0.296094
-0.494731 0.868969 -0.0115569 -63.7306 -0.868945 -0.494427 0.0218259 -150.823 0.013252 0.0208402 0.999695 -0.342311
-0.52699 0.849738 -0.0150665 -63.9708 -0.849789 -0.526608 0.0233163 -151.157 0.0118786 0.0250908 0.999615 -0.384821
-0.545031 0.838318 -0.0128328 -63.9708 -0.838364 -0.544762 0.0195035 -151.157 0.00935934 0.0213885 0.999727 -0.384821
-0.552181 0.83352 -0.0184574 -64.0968 -0.833686 -0.551808 0.0218114 -151.346 0.0079953 0.0274315 0.999592 -0.342627
-0.581542 0.81332 -0.0178607 -64.5851 -0.813512 -0.58133 0.0158984 -151.983 0.00254759 0.0237755 0.999714 -0.336647
-0.590774 0.806693 -0.0152729 -64.9492 -0.806837 -0.590654 0.0118821 -152.44 0.000564195 0.0193424 0.999813 -0.340462
-0.59832 0.801126 -0.0144824 -65.3364 -0.801257 -0.598239 0.00984806 -152.89 -0.000774425 0.0174965 0.999847 -0.330877
-0.6043 0.796591 -0.0162581 -65.6036 -0.796756 -0.604204 0.0108563 -153.219 -0.00117522 0.0195142 0.999809 -0.341887
-0.64339 0.765449 -0.0117602 -66.1098 -0.765539 -0.643323 0.00924592 -153.764 -0.000488325 0.0149516 0.999888 -0.352906
-0.667858 0.744098 -0.0168235 -66.3821 -0.744284 -0.667759 0.0117569 -154.041 -0.00248574 0.0203734 0.999789 -0.349415
-0.693232 0.720474 -0.0186196 -66.6494 -0.720711 -0.693076 0.0148796 -154.295 -0.00218439 0.0237344 0.999716 -0.257424
-0.754795 0.655011 -0.0352743 -67.3638 -0.655755 -0.754812 0.0156145 -154.905 -0.0163978 0.0349171 0.999256 -0.304747
-0.800489 0.599098 -0.0172721 -67.8149 -0.59926 -0.800532 0.00604308 -155.18 -0.0102065 0.0151879 0.999833 -0.287658
-0.878815 0.477139 -0.00474018 -68.6347 -0.47716 -0.878799 0.00551615 -155.561 -0.00153369 0.0071095 0.999974 -0.297776
-0.909007 0.416772 0.00265963 -68.7938 -0.416667 -0.90889 0.0175647 -155.623 0.00973777 0.0148582 0.999842 -0.303279
-0.916383 0.400289 0.00349789 -68.9815 -0.400081 -0.916128 0.0253893 -155.688 0.0133675 0.0218668 0.999672 -0.295883
-0.935575 0.353077 0.005983 -69.3157 -0.352828 -0.935345 0.0253301 -155.777 0.0145397 0.0215873 0.999661 -0.284189
-0.947986 0.317971 0.014714 -69.8169 -0.317777 -0.948061 0.0140814 -155.921 0.0184272 0.00867316 0.999793 -0.283798
-0.950458 0.310557 0.0135529 -70.1562 -0.310334 -0.950488 0.0163025 -155.995 0.0179447 0.0112889 0.999775 -0.340903
-0.975914 0.216514 0.0266864 -71.3308 -0.21644 -0.976279 0.00566391 -156.214 0.0272797 -0.000248518 0.999628 -0.288622
-0.992882 0.115453 0.0292624 -72.0131 -0.1153 -0.993307 0.00684452 -156.262 0.0298568 0.00342184 0.999548 -0.263531
-0.995831 0.0877064 0.0250555 -72.5571 -0.087362 -0.996071 0.0145276 -156.278 0.0262312 0.0122782 0.999581 -0.256037
-0.997434 0.0676157 0.0235474 -73.4042 -0.0673487 -0.997658 0.0119542 -156.296 0.0243006 0.0103377 0.999651 -0.240647
-0.99761 0.0638068 0.0264976 -73.8342 -0.0634346 -0.997878 0.0146582 -156.307 0.0273767 0.0129423 0.999541 -0.235852
-0.998143 0.0568607 0.0218626 -74.2619 -0.0566403 -0.998339 0.0105711 -156.316 0.0224273 0.00931319 0.999705 -0.248558
-0.998292 0.0559648 0.016788 -75.0924 -0.0556964 -0.998319 0.0160504 -156.303 0.0176581 0.0150879 0.99973 -0.241967
-0.998526 0.05223 0.0147297 -75.9795 -0.0521197 -0.998611 0.00777412 -156.328 0.0151152 0.00699496 0.999861 -0.222678
-0.998614 0.0516082 0.0103139 -76.6611 -0.0514533 -0.998566 0.0147554 -156.323 0.0110606 0.0142043 0.999838 -0.259286
-0.998528 0.0515938 0.0167707 -77.6106 -0.0513719 -0.99859 0.0134006 -156.313 0.0174384 0.0125193 0.99977 -0.256597
-0.996389 0.0823257 0.0207848 -78.5598 -0.0821672 -0.996583 0.00836861 -156.343 0.0214027 0.00663056 0.999749 -0.27521
-0.996031 0.0863564 0.0215891 -79.0285 -0.086015 -0.996161 0.0162739 -156.358 0.0229116 0.0143523 0.999634 -0.260816
-0.996283 0.0849737 0.0141599 -79.9204 -0.0846538 -0.996171 0.021836 -156.376 0.0159612 0.0205562 0.999661 -0.278928
-0.996045 0.087761 0.0138785 -80.3562 -0.0876413 -0.996111 0.00901151 -156.392 0.0146154 0.00775954 0.999863 -0.256233
-0.996104 0.086446 0.0174187 -80.8086 -0.0862997 -0.996229 0.00898572 -156.423 0.0181298 0.00744749 0.999808 -0.25884
-0.995995 0.0883166 0.0139695 -81.9971 -0.0882746 -0.99609 0.00359924 -156.458 0.0142327 0.00235167 0.999896 -0.265856
-0.996357 0.0843015 0.0128662 -82.5104 -0.0841524 -0.996384 0.0117165 -156.46 0.0138074 0.0105911 0.999849 -0.253263
-0.996222 0.0851834 0.0169105 -83.019 -0.0849614 -0.996294 0.0134433 -156.492 0.0179929 0.0119557 0.999767 -0.26387
-0.996445 0.0828511 0.0152498 -84.7801 -0.0826696 -0.996503 0.0121768 -156.57 0.0162053 0.0108729 0.99981 -0.238695
-0.996558 0.0816548 0.0142704 -85.7647 -0.0814472 -0.996571 0.0145704 -156.618 0.0154112 0.0133579 0.999792 -0.248109
-0.996508 0.0821544 0.0148992 -86.704 -0.0819499 -0.99654 0.013851 -156.638 0.0159855 0.0125817 0.999793 -0.239923
-0.996424 0.0827388 0.0171193 -87.1641 -0.0825155 -0.9965 0.0133684 -156.636 0.0181655 0.011908 0.999764 -0.226029
-0.996632 0.080287 0.0166835 -88.1031 -0.0800232 -0.996666 0.0159162 -156.664 0.0179057 0.0145275 0.999734 -0.218542
-0.996938 0.0765075 0.0161211 -88.7675 -0.0763479 -0.997028 0.0102964 -156.687 0.016861 0.00903411 0.999817 -0.235152
-0.996871 0.0778363 0.0137589 -89.4319 -0.0777501 -0.99695 0.00668988 -156.701 0.0142377 0.00559919 0.999883 -0.247662
-0.996917 0.0763257 0.0181689 -90.0625 -0.0762094 -0.997067 0.00701126 -156.699 0.0186507 0.00560501 0.99981 -0.220271
-0.997192 0.073016 0.0166322 -90.4328 -0.0726811 -0.997156 0.0199202 -156.725 0.0180394 0.0186554 0.999663 -0.234876
-0.997603 0.0672056 0.0164946 -91.2469 -0.0668823 -0.997572 0.0194314 -156.747 0.0177605 0.0182817 0.999675 -0.216189
-0.997721 0.0651843 0.0174377 -91.6234 -0.0651789 -0.997873 0.000875571 -156.744 0.0174577 -0.000262996 0.999848 -0.232594
-0.9988 0.0465949 0.015096 -92.543 -0.0464017 -0.99884 0.012903 -156.767 0.0156797 0.0121871 0.999803 -0.250308
-0.999171 0.0384252 0.0134184 -94.3934 -0.0382852 -0.999211 0.0105387 -156.791 0.0138128 0.0100163 0.999854 -0.220835
-0.999125 0.0395579 0.0135571 -94.7676 -0.0393617 -0.999121 0.0144444 -156.771 0.0141166 0.0138981 0.999804 -0.22604
-0.999217 0.0366912 0.014795 -95.1285 -0.0364948 -0.999245 0.0133298 -156.789 0.0152729 0.0127794 0.999802 -0.216046
-0.999228 0.0367496 0.0139151 -95.3505 -0.0366444 -0.999299 0.00774101 -156.778 0.0141898 0.00722513 0.999873 -0.211049
-0.999252 0.036208 0.0135914 -96.0002 -0.0368564 -0.998021 -0.0509499 -156.77 0.0117197 -0.0514127 0.998609 -0.171859
-0.999718 0.0219172 0.00917186 -96.4161 -0.0217142 -0.999529 0.0216795 -156.775 0.00964269 0.0214743 0.999723 -0.164965
-0.999699 0.0226029 0.0094929 -96.5449 -0.021889 -0.997337 0.0695623 -156.773 0.0110399 0.0693336 0.997532 -0.202167
-0.99953 0.0238071 0.0193317 -96.9396 -0.0233533 -0.999454 0.0233669 -156.756 0.0198775 0.0229044 0.99954 -0.207173
-0.999195 0.0365315 0.0165577 -97.3232 -0.0364217 -0.999313 0.00688943 -156.741 0.016798 0.00628083 0.999839 -0.218978
-0.998954 0.0436301 0.0136666 -98.7033 -0.0435094 -0.999012 0.00900999 -156.761 0.0140462 0.00840595 0.999866 -0.1871
-0.998913 0.0438637 0.0157864 -99.1954 -0.0437186 -0.998999 0.00941919 -156.776 0.0161838 0.00871879 0.999831 -0.194808
-0.998931 0.043424 0.015845 -99.7201 -0.0432853 -0.999022 0.00899112 -156.767 0.0162199 0.00829566 0.999834 -0.187916
-0.998948 0.0422547 0.017819 -100.868 -0.0420881 -0.999068 0.00962149 -156.792 0.0182089 0.00886139 0.999795 -0.185834
-0.998998 0.0415823 0.0165239 -102.025 -0.0414212 -0.999092 0.00997338 -156.791 0.0169236 0.00927895 0.999814 -0.175453
-0.999101 0.0392143 0.0161232 -102.866 -0.0389372 -0.999094 0.0171562 -156.79 0.0167814 0.016513 0.999723 -0.172066
-0.999128 0.0372949 0.0187951 -104.215 -0.0370895 -0.99925 0.0111602 -156.791 0.0191972 0.0104534 0.999761 -0.193388
-0.999153 0.0374398 0.0170676 -105.317 -0.0371644 -0.999178 0.0161756 -156.817 0.0176591 0.0155276 0.999723 -0.180207
-0.99924 0.0360099 0.0149404 -106.413 -0.0357731 -0.999235 0.015821 -156.822 0.0154987 0.0152745 0.999763 -0.156725
-0.999335 0.0332609 0.0149557 -107.466 -0.0330433 -0.999348 0.0145683 -156.826 0.0154305 0.0140644 0.999782 -0.171343
-0.99936 0.033288 0.0130996 -108.792 -0.0330976 -0.999347 0.0144937 -156.818 0.0135736 0.0140508 0.999809 -0.184065
-0.999357 0.0324618 0.0152484 -109.906 -0.0321814 -0.999315 0.0182872 -156.803 0.0158316 0.0177847 0.999717 -0.163284
-0.999357 0.0320899 0.0159836 -110.453 -0.0318364 -0.999367 0.0158734 -156.809 0.0164829 0.0153544 0.999746 -0.181294
-0.999404 0.0310434 0.0151101 -112.372 -0.030767 -0.999361 0.0181936 -156.798 0.0156653 0.0177178 0.99972 -0.207227
-0.999516 0.0285764 0.0123132 -113.17 -0.0283415 -0.999421 0.0188472 -156.802 0.0128447 0.0184891 0.999747 -0.197141
-0.999572 0.0260838 0.0132483 -113.711 -0.0258945 -0.999563 0.0142645 -156.803 0.0136146 0.0139153 0.99981 -0.197251
-0.999509 0.0271716 0.0156318 -114.267 -0.026948 -0.999534 0.0143453 -156.776 0.0160143 0.013917 0.999775 -0.22256
-0.999567 0.0261054 0.0135956 -114.839 -0.0259139 -0.999565 0.0140727 -156.794 0.0139571 0.0137143 0.999809 -0.219971
-0.999613 0.0255129 0.0110771 -115.694 -0.0253218 -0.999534 0.0170554 -156.787 0.0115071 0.0167684 0.999793 -0.226386
-0.999639 0.0231482 0.013647 -117.639 -0.0229036 -0.999579 0.0178112 -156.777 0.0140535 0.0174922 0.999748 -0.211421
-0.999633 0.0235104 0.0134453 -120.158 -0.0233436 -0.99965 0.0124289 -156.769 0.0137328 0.0121104 0.999832 -0.209368
-0.999656 0.0224887 0.0135039 -121.33 -0.0222526 -0.999601 0.0173882 -156.745 0.0138895 0.0170817 0.999758 -0.18959
-0.999643 0.0219798 0.0151913 -121.864 -0.0219213 -0.999752 0.00400961 -156.747 0.0152756 0.00367517 0.999877 -0.1881
-0.999563 0.0225553 0.0191044 -122.464 -0.0223613 -0.999697 0.0103109 -156.739 0.0193311 0.00987923 0.999764 -0.201011
-0.999663 0.0215749 0.0144538 -123.043 -0.0209947 -0.999012 0.0391614 -156.738 0.0152845 0.0388447 0.999128 -0.216822
-0.999706 0.0210391 0.0120719 -124.146 -0.0208388 -0.999647 0.0164922 -156.719 0.0124146 0.0162358 0.999791 -0.210143
-0.999715 0.0204699 0.012286 -125.274 -0.0203049 -0.999704 0.0134128 -156.708 0.0125569 0.0131595 0.999835 -0.218165
-0.999766 0.0192726 0.00982164 -125.835 -0.0191131 -0.999688 0.0160733 -156.708 0.0101284 0.0158819 0.999823 -0.228276
-0.999772 0.0184055 0.0108204 -126.673 -0.0182514 -0.999733 0.0141761 -156.69 0.0110784 0.0139754 0.999841 -0.220192
-0.999849 0.0115546 0.0129696 -128.003 -0.0113707 -0.999835 0.0141633 -156.615 0.0131311 0.0140137 0.999816 -0.295317
-0.999877 0.00721228 0.0139357 -129.125 -0.00712143 -0.999953 0.00655764 -156.62 0.0139823 0.00645759 0.999881 -0.224639
-0.99992 -0.00409616 0.0120071 -129.946 0.00419836 -0.999955 0.00849878 -156.591 0.0119718 0.0085485 0.999892 -0.234555
-0.999712 -0.0195325 0.013917 -131.487 0.0197019 -0.999732 0.0121368 -156.432 0.0136762 0.0124075 0.999829 -0.338683
-0.999706 -0.020166 0.0134331 -132.031 0.020394 -0.999646 0.0170581 -156.394 0.0130843 0.017327 0.999764 -0.337693
-0.99973 -0.0208009 0.0103117 -132.912 0.0209258 -0.999707 0.0121571 -156.428 0.0100558 0.0123696 0.999873 -0.216512
-0.999684 -0.0200926 0.0150859 -133.477 0.0202885 -0.99971 0.0129532 -156.401 0.0148213 0.0132552 0.999802 -0.200424
-0.99972 -0.0212707 0.010379 -134.943 0.0214227 -0.999661 0.0147622 -156.296 0.0100615 0.0149804 0.999837 -0.215852
-0.999755 -0.0189977 0.0113528 -136.091 0.0191576 -0.999717 0.0141469 -156.257 0.0110808 0.0143609 0.999835 -0.183075
-0.999775 -0.0181886 0.0109417 -137.528 0.0183778 -0.999679 0.017441 -156.153 0.0106209 0.0176382 0.999788 -0.239804
-0.999775 -0.0179633 0.0113161 -138.421 0.0181594 -0.999682 0.0174693 -156.105 0.0109987 0.0176709 0.999783 -0.210322
-0.999775 -0.019086 0.00919466 -139.812 0.0192392 -0.999672 0.0168676 -156.044 0.00886971 0.0170407 0.999815 -0.22305
-0.991275 -0.130797 0.0163474 -150.515 0.131021 -0.991287 0.0135194 -155.06 0.0144367 0.0155433 0.999775 -0.22667
-0.990694 -0.13543 0.0135719 -150.993 0.135541 -0.990743 0.00762107 -154.952 0.0124142 0.00938969 0.999879 -0.222978
-0.989766 -0.14197 0.0143838 -152.995 0.142105 -0.989812 0.00883596 -154.579 0.0129828 0.0107895 0.999857 -0.192317
-0.989958 -0.140249 0.0176969 -153.482 0.140493 -0.989991 0.0133916 -154.473 0.0156417 0.0157434 0.999754 -0.214026
-0.989611 -0.142639 0.0180247 -154.494 0.142892 -0.989645 0.013595 -154.284 0.0158989 0.0160293 0.999745 -0.208046
-0.989471 -0.143573 0.0182849 -155.208 0.143743 -0.98958 0.00835133 -154.131 0.0168953 0.0108917 0.999798 -0.20196
-0.986852 -0.160953 0.0147409 -155.688 0.160902 -0.98696 -0.00456603 -154.026 0.0152836 -0.00213414 0.999881 -0.218969
-0.981633 -0.190292 0.0136215 -156.413 0.190278 -0.981728 -0.00233808 -153.863 0.0138175 0.000296728 0.999905 -0.189383
-0.979918 -0.198869 0.0145223 -157.376 0.199086 -0.979861 0.015375 -153.625 0.0111722 0.0179574 0.999776 -0.206
-0.977301 -0.211488 0.0124727 -157.857 0.211654 -0.977246 0.0139034 -153.494 0.00924846 0.0162277 0.999826 -0.197909
-0.971832 -0.235194 0.015045 -158.573 0.235335 -0.971878 0.00843636 -153.281 0.0126377 0.0117394 0.999851 -0.182322
-0.958056 -0.286143 0.0158546 -159.475 0.286304 -0.958097 0.00897446 -152.965 0.0126222 0.0131373 0.999834 -0.189537
-0.95349 -0.300925 0.0173461 -160.374 0.301199 -0.953423 0.0162455 -152.651 0.0116495 0.0207146 0.999718 -0.207552
-0.952686 -0.303621 0.0142528 -160.806 0.303667 -0.952778 0.00113037 -152.484 0.0132365 0.00540499 0.999898 -0.194358
-0.95466 -0.297031 0.0199449 -161.243 0.297304 -0.954701 0.012476 -152.322 0.0153356 0.01784 0.999723 -0.209566
-0.965455 -0.260278 0.0123648 -162.572 0.260329 -0.965517 0.00262275 -151.928 0.0112558 0.00575106 0.99992 -0.20639
-0.962692 -0.270204 0.0145791 -163.02 0.270325 -0.962743 0.00702792 -151.773 0.012137 0.0107068 0.999869 -0.218898
-0.954449 -0.298244 0.00885667 -165.224 0.298313 -0.954436 0.0078225 -150.993 0.00612011 0.0101082 0.99993 -0.194336
-0.937799 -0.346876 0.0144673 -166.284 0.347014 -0.937822 0.00845555 -150.553 0.0106347 0.01295 0.99986 -0.208853
-0.934144 -0.356301 0.0206099 -166.69 0.356527 -0.934247 0.00844207 -150.377 0.0162468 0.0152341 0.999752 -0.192259
-0.921446 -0.388476 0.00487331 -167.711 0.388506 -0.921361 0.0125171 -149.928 -0.000372516 0.0134272 0.99991 -0.203475
-0.901337 -0.433117 0.00137305 -168.115 0.433064 -0.901168 0.0187686 -149.713 -0.00689164 0.0175114 0.999823 -0.207381
-0.888864 -0.458158 -0.00348465 -168.674 0.458021 -0.888741 0.0188557 -149.406 -0.0117358 0.0151641 0.999816 -0.195388
-0.882819 -0.469631 -0.00879726 -170.498 0.469372 -0.882737 0.0215849 -148.366 -0.0179026 0.0149263 0.999728 -0.178912
-0.882595 -0.469967 -0.0125425 -171.277 0.469684 -0.882603 0.0202266 -147.924 -0.0205759 0.0119609 0.999717 -0.198423
-0.881649 -0.47161 -0.0167019 -172.256 0.47122 -0.881723 0.0227183 -147.363 -0.0254406 0.0121593 0.999602 -0.210936
-0.882472 -0.470107 -0.015558 -173.014 0.469628 -0.882459 0.0267541 -146.926 -0.0263066 0.0163033 0.999521 -0.192047
-0.880925 -0.473051 -0.0139367 -175.891 0.472566 -0.880849 0.0280634 -145.255 -0.0255515 0.0181357 0.999509 -0.222087
-0.753594 -0.65729 -0.00814826 -177.045 0.656789 -0.753412 0.0315842 -144.36 -0.026899 0.01845 0.999468 -0.202998
-0.705473 -0.708662 -0.0103586 -177.493 0.708243 -0.705451 0.0270118 -143.899 -0.0264498 0.0117197 0.999581 -0.2103
-0.624889 -0.780661 -0.00907102 -178.038 0.780279 -0.624886 0.0261099 -143.18 -0.0260513 0.00923787 0.999618 -0.220599
-0.490782 -0.871232 -0.00929761 -178.348 0.870886 -0.490853 0.0249049 -142.608 -0.0262617 0.00412572 0.999647 -0.209695
-0.416319 -0.909183 -0.00799436 -178.502 0.908917 -0.416392 0.0220963 -142.198 -0.0234183 0.00193289 0.999724 -0.19579
-0.390856 -0.920432 -0.00609608 -178.738 0.920142 -0.390888 0.0233592 -141.611 -0.0238834 0.0035208 0.999709 -0.189884
-0.379938 -0.924992 -0.00609575 -179.221 0.924799 -0.379983 0.0189519 -140.377 -0.0198466 0.00156318 0.999802 -0.18887
-0.378766 -0.925453 -0.00852232 -179.38 0.92529 -0.37886 0.0174417 -139.966 -0.0193702 -0.0012793 0.999812 -0.176065
-0.379276 -0.925283 -0.00106801 -179.617 0.92511 -0.379227 0.0189614 -139.342 -0.0179497 0.00620357 0.99982 -0.194158
-0.378321 -0.925673 -0.00138022 -179.755 0.925549 -0.378294 0.015901 -138.951 -0.0152413 0.00473825 0.999873 -0.181453
-0.37823 -0.925661 0.00967563 -180.405 0.925707 -0.378239 0.000943638 -137.085 0.00278621 0.00931371 0.999953 -0.132031
-0.378279 -0.92559 0.013697 -180.729 0.925673 -0.378325 -0.000810305 -136.253 0.00593193 0.0123724 0.999906 -0.142822
-0.376488 -0.926309 0.0144297 -181.045 0.926397 -0.376546 -0.00140954 -135.379 0.0067391 0.0128369 0.999895 -0.144613
-0.390507 -0.9204 0.0191822 -181.356 0.920532 -0.390646 -0.00400958 -134.548 0.0111839 0.016092 0.999808 -0.119504
-0.395241 -0.918437 0.0160298 -181.521 0.918534 -0.395332 -0.00283358 -134.135 0.00893958 0.013604 0.999867 -0.1155
-0.416509 -0.90912 0.00463476 -182.11 0.909076 -0.416534 -0.00888953 -132.738 0.0100122 0.000510786 0.99995 -0.109487
-0.415911 -0.909329 0.0117558 -182.315 0.909368 -0.415977 -0.00376384 -132.295 0.00831272 0.00912495 0.999924 -0.122684
-0.418253 -0.907826 0.0302738 -182.494 0.908254 -0.418417 0.000987215 -131.856 0.0117709 0.0279092 0.999541 -0.14898
-0.416635 -0.908983 0.0128449 -182.95 0.909 -0.41674 -0.0068953 -130.809 0.0116207 0.00880317 0.999894 -0.134271
-0.413419 -0.910325 0.0198457 -184.086 0.910311 -0.413706 -0.0134707 -128.123 0.020473 0.0124967 0.999712 -0.116249
-0.403946 -0.914046 0.0367193 -184.238 0.914143 -0.404839 -0.0211741 -127.704 0.0342195 0.0250135 0.999101 -0.112745
-0.399008 -0.916665 0.0227817 -184.378 0.916344 -0.399523 -0.0263669 -127.306 0.0332714 0.0103553 0.999393 -0.121141
-0.394309 -0.918896 0.0122841 -184.648 0.918647 -0.39449 -0.0215651 -126.708 0.024662 0.0027815 0.999692 -0.0970367
-0.393321 -0.919241 0.0171557 -184.874 0.919235 -0.393536 -0.0116558 -126.114 0.0174659 0.0111857 0.999785 -0.108831
-0.390208 -0.920618 0.0141492 -185.202 0.920584 -0.390372 -0.0115966 -125.285 0.0161995 0.00850042 0.999833 -0.0999245
-0.391138 -0.920121 0.0196955 -185.523 0.920187 -0.391367 -0.0093724 -124.503 0.0163319 0.0144576 0.999762 -0.103918
-0.391346 -0.92007 0.0178801 -185.691 0.920115 -0.391543 -0.00912208 -124.108 0.0153938 0.0128818 0.999799 -0.105916
-0.390232 -0.920553 0.017341 -185.903 0.920643 -0.39037 -0.00530963 -123.524 0.0116572 0.0138929 0.999836 -0.0969103
-0.390973 -0.920379 0.00652009 -186.234 0.920342 -0.391019 -0.00863241 -122.749 0.0104946 0.00262567 0.999941 -0.116505
-0.384661 -0.922948 0.0142348 -186.933 0.922996 -0.384768 -0.00563592 -120.953 0.0106788 0.0109708 0.999883 -0.109991
-0.385451 -0.922695 0.00791552 -187.239 0.922714 -0.385479 -0.00233962 -120.194 0.00521001 0.00640195 0.999966 -0.0999854
-0.385235 -0.922764 0.0100171 -187.48 0.922818 -0.385221 0.00339209 -119.615 0.000728702 0.0105507 0.999944 -0.0777816
-0.38656 -0.922261 0.00253435 -187.726 0.922229 -0.38652 0.00977607 -119.046 -0.00803651 0.00611629 0.999949 -0.0825781
-0.384837 -0.92285 0.0157152 -188.032 0.922894 -0.384505 0.0205594 -118.273 -0.0129307 0.0224155 0.999665 -0.0633727
-0.380038 -0.924923 0.00941708 -188.53 0.924744 -0.379699 0.0260129 -117.008 -0.0204843 0.0185943 0.999617 -0.0694639
-0.378703 -0.925458 0.0105735 -188.927 0.925326 -0.378367 0.0247042 -116.044 -0.018862 0.0191395 0.999639 -0.0806579
-0.228806 -0.973384 0.0131166 -189.277 0.973217 -0.228417 0.0259587 -114.84 -0.0222717 0.0187048 0.999577 -0.106546
-0.134919 -0.990744 0.0149134 -189.289 0.990604 -0.13453 0.0245888 -114.674 -0.0223549 0.0180908 0.999586 -0.115344
-0.0873442 -0.996096 0.0128174 -189.283 0.995926 -0.0870255 0.0236056 -114.666 -0.0223979 0.014827 0.999639 -0.117343
-0.0864843 -0.996173 0.0126622 -189.281 0.996003 -0.0861704 0.0235292 -114.664 -0.0223481 0.0146465 0.999643 -0.125443
-0.0859815 -0.996216 0.0127149 -189.278 0.996048 -0.0856678 0.0234391 -114.661 -0.0222611 0.0146799 0.999644 -0.119343
-0.0887418 -0.995975 0.0125758 -189.279 0.995806 -0.0884306 0.0234495 -114.668 -0.022243 0.014604 0.999646 -0.120443
-0.0911436 -0.99576 0.0124108 -189.284 0.995589 -0.0908352 0.0234808 -114.667 -0.0222539 0.0144962 0.999647 -0.115143
-0.0944083 -0.995456 0.0124169 -189.284 0.995289 -0.094101 0.0233619 -114.671 -0.0220873 0.014564 0.99965 -0.117944
-0.0948116 -0.995417 0.0124793 -189.286 0.995251 -0.0945029 0.023351 -114.669 -0.0220646 0.014634 0.999649 -0.109444
-0.0952992 -0.995371 0.0124037 -189.284 0.995205 -0.0949929 0.0233087 -114.669 -0.0220225 0.0145655 0.999651 -0.109844
-0.095089 -0.995392 0.0123428 -189.284 0.995223 -0.0947825 0.0234152 -114.665 -0.0221374 0.0145104 0.99965 -0.109343
