0.373695 -0.927386 -0.0175156 -190.067 0.927548 0.373574 0.00982658 -114.139 -0.00256964 -0.0199187 0.999798 -0.0321324
0.373974 -0.92728 -0.0171502 -190.078 0.927432 0.373833 0.0109427 -114.119 -0.00373564 -0.0199979 0.999793 -0.0207796
0.37372 -0.927396 -0.0164589 -190.079 0.927534 0.373584 0.0107967 -114.122 -0.00386404 -0.0193011 0.999806 -0.00319559
0.373524 -0.927479 -0.0162107 -190.087 0.927612 0.373387 0.0109119 -114.123 -0.00406767 -0.0191131 0.999809 -0.0162697
0.374442 -0.927119 -0.0156 -190.093 0.927242 0.374313 0.0106321 -114.126 -0.00401798 -0.018446 0.999822 -0.0121629
0.374061 -0.927276 -0.0154486 -190.088 0.927387 0.3739 0.0123554 -114.124 -0.0056806 -0.0189485 0.999804 -0.00766546
0.374241 -0.927199 -0.0156684 -190.1 0.927321 0.374101 0.0111589 -114.128 -0.00448499 -0.0187057 0.999815 -0.0189255
0.375294 -0.926758 -0.0165218 -190.096 0.926903 0.375187 0.00930399 -114.111 -0.00242379 -0.0188058 0.99982 -0.0467195
0.374504 -0.927088 -0.015954 -190.088 0.927222 0.374398 0.0092943 -114.116 -0.0026435 -0.0182736 0.999829 -0.0266727
0.374681 -0.927019 -0.0157859 -190.098 0.927147 0.374557 0.0102712 -114.118 -0.00360887 -0.0184843 0.999823 -0.0288119
0.374513 -0.927072 -0.0166329 -190.079 0.927213 0.374373 0.0109523 -114.119 -0.00392668 -0.019524 0.999802 -0.026568
0.374408 -0.927128 -0.0159151 -190.085 0.927258 0.374287 0.0100983 -114.117 -0.00340564 -0.0185383 0.999822 -0.0232064
0.374462 -0.927108 -0.0157563 -190.101 0.927227 0.374305 0.012058 -114.114 -0.00528144 -0.019125 0.999803 -0.00800712
0.371864 -0.928163 -0.0152095 -190.091 0.928283 0.371764 0.00907986 -114.09 -0.00277326 -0.0174952 0.999843 -0.0310995
0.372517 -0.927872 -0.0168732 -190.039 0.92802 0.372392 0.010103 -113.993 -0.00309081 -0.0194222 0.999807 -0.0385037
0.371438 -0.928302 -0.0170145 -189.954 0.928445 0.371274 0.0120309 -113.802 -0.00485121 -0.0202658 0.999783 -0.0213529
0.369527 -0.929134 -0.0126329 -189.884 0.92921 0.369426 0.00961919 -113.615 -0.00427059 -0.0152932 0.999874 -0.0452456
0.366695 -0.930209 -0.0157149 -189.742 0.930316 0.366508 0.0135815 -113.204 -0.00687399 -0.0196 0.999784 0.0156769
0.365299 -0.930749 -0.0162071 -189.594 0.930838 0.365039 0.016972 -112.813 -0.00988047 -0.0212861 0.999725 0.00988526
0.364466 -0.931068 -0.0166195 -189.516 0.931182 0.364241 0.015108 -112.628 -0.00801303 -0.0209822 0.999748 0.0162439
0.364115 -0.931199 -0.0170112 -189.42 0.931313 0.363866 0.0160327 -112.424 -0.00873982 -0.0216805 0.999727 -0.0115178
0.364868 -0.93088 -0.018251 -189.366 0.931022 0.364607 0.0161284 -112.21 -0.00835916 -0.0228768 0.999703 0.00891762
0.362769 -0.931653 -0.0205428 -189.202 0.931859 0.36253 0.0144903 -111.905 -0.00605254 -0.0243996 0.999684 0.00933526
0.361818 -0.932086 -0.0174053 -189.085 0.932223 0.361606 0.0141698 -111.55 -0.00691367 -0.0213525 0.999748 0.0146544
0.362142 -0.931957 -0.0175724 -188.958 0.932088 0.361899 0.0155442 -111.253 -0.00812707 -0.0220082 0.999725 0.00264223
0.359856 -0.932858 -0.016719 -188.714 0.932954 0.359584 0.0172291 -110.663 -0.0100604 -0.021798 0.999712 0.0176774
0.360623 -0.932517 -0.0190699 -188.552 0.932674 0.360349 0.016386 -110.183 -0.00840845 -0.0236951 0.999684 0.0164064
0.359418 -0.933048 -0.0155032 -188.474 0.933128 0.359181 0.0161544 -109.941 -0.00950441 -0.0202726 0.999749 0.0101452
0.359134 -0.933154 -0.0156753 -188.292 0.933212 0.358844 0.0186056 -109.486 -0.0117369 -0.0213103 0.999704 -0.0204036
0.359891 -0.93291 -0.0125454 -188.131 0.932853 0.35957 0.0222596 -109.089 -0.0162553 -0.0197141 0.999673 -0.00175799
0.358789 -0.933381 -0.00838905 -188.054 0.933273 0.35856 0.0208793 -108.863 -0.0164804 -0.0153205 0.999747 -0.0115332
0.359739 -0.93305 -0.00241843 -187.84 0.932922 0.359643 0.0177122 -108.345 -0.0156566 -0.00862798 0.99984 0.000254728
0.360369 -0.932809 -0.000910195 -187.758 0.932694 0.360309 0.0160894 -108.12 -0.0146804 -0.00664705 0.99987 0.00587594
0.3603 -0.932811 0.0068687 -187.603 0.932715 0.360362 0.0134651 -107.672 -0.0150356 0.00155507 0.999886 -0.027752
0.3588 -0.933359 0.0101499 -187.519 0.933283 0.358911 0.0129107 -107.458 -0.0156932 0.0048404 0.999865 0.00278549
0.358737 -0.933316 0.0151475 -187.42 0.93323 0.358953 0.0153462 -107.239 -0.0197601 0.00863083 0.999767 0.0112327
0.359445 -0.933047 0.014941 -187.207 0.933042 0.359612 0.0105619 -106.724 -0.0152277 0.0101442 0.999833 0.00540065
0.362634 -0.931841 0.0130089 -187.119 0.931776 0.362793 0.0132116 -106.435 -0.0170306 0.00733038 0.999828 0.0100755
0.360618 -0.932572 0.0162348 -187.013 0.932531 0.360837 0.0135277 -106.165 -0.0184737 0.0102611 0.999777 -0.0133001
0.361286 -0.932303 0.0168517 -186.923 0.932297 0.361498 0.0118817 -105.936 -0.0171692 0.0114181 0.999787 -0.00229963
0.362463 -0.931877 0.015019 -186.85 0.931827 0.362658 0.0133278 -105.77 -0.0178666 0.0091643 0.999798 0.0196927
0.360508 -0.932687 0.0113672 -186.704 0.932616 0.360638 0.0129773 -105.4 -0.0162032 0.00592285 0.999851 0.0103037
0.359708 -0.932943 0.0150931 -186.567 0.932943 0.359875 0.0103278 -104.969 -0.0150669 0.0103661 0.999833 -0.0473629
0.359987 -0.932923 0.00800926 -186.356 0.932909 0.360043 0.00706588 -104.509 -0.00947559 0.00492829 0.999943 -0.011457
0.359624 -0.933052 0.00919702 -186.227 0.933057 0.359682 0.00575172 -104.204 -0.00867466 0.00651289 0.999941 0.00391991
0.36111 -0.932469 0.010045 -186.049 0.93248 0.361176 0.00570972 -103.754 -0.00895216 0.00730496 0.999933 0.00453516
0.359011 -0.933265 0.0112683 -185.95 0.933266 0.359104 0.00767381 -103.412 -0.0112082 0.00776133 0.999907 0.0134209
0.359127 -0.933122 0.0176722 -185.842 0.933146 0.359338 0.0106737 -103.108 -0.0163102 0.0126576 0.999787 0.0172489
0.36161 -0.932192 0.0160124 -185.596 0.932147 0.361825 0.0135476 -102.498 -0.0184226 0.010027 0.99978 0.0196816
0.360044 -0.932764 0.0178775 -185.419 0.932806 0.360247 0.0097724 -102.041 -0.0155557 0.0131577 0.999792 -0.0118045
0.360862 -0.93249 0.0155065 -185.299 0.932435 0.361071 0.0138931 -101.701 -0.0185541 0.00944534 0.999783 0.0318881
0.360266 -0.9327 0.0167154 -185.188 0.932685 0.360481 0.0122996 -101.411 -0.0174974 0.0111591 0.999785 0.0517297
0.360138 -0.932716 0.0184918 -185.078 0.932768 0.360348 0.00961354 -101.142 -0.0156302 0.0137864 0.999783 0.033995
0.36066 -0.932556 0.016257 -184.95 0.932552 0.360856 0.011356 -100.783 -0.0164565 0.0110648 0.999803 0.0606197
0.359325 -0.933034 0.018268 -184.855 0.933074 0.35954 0.0102057 -100.475 -0.0160903 0.0133782 0.999781 0.0414437
0.361829 -0.932081 0.0174761 -184.472 0.932118 0.362025 0.00968428 -99.6083 -0.0153533 0.0127857 0.9998 0.0604657
0.3599 -0.932831 0.0172775 -184.35 0.932903 0.360058 0.00707006 -99.2781 -0.0128161 0.0135737 0.999826 0.0478439
0.362406 -0.931854 0.017616 -184.191 0.93184 0.362643 0.0128154 -98.8335 -0.0183304 0.0117709 0.999763 0.0205403
0.36161 -0.932156 0.0179941 -184.077 0.932225 0.361791 0.00795552 -98.5613 -0.0139259 0.0138977 0.999806 0.000877258
0.362117 -0.931939 0.018974 -183.759 0.93205 0.362281 0.00591779 -97.7712 -0.012389 0.0155418 0.999802 0.0221639
0.360721 -0.932446 0.0206283 -183.653 0.93253 0.360966 0.00961242 -97.4682 -0.0164092 0.0157691 0.999741 0.0533025
0.361649 -0.932145 0.0177767 -183.556 0.932192 0.361845 0.00931713 -97.2013 -0.0151173 0.0132017 0.999799 0.044771
0.361625 -0.932161 0.0174193 -183.403 0.932183 0.361832 0.010607 -96.8602 -0.0161903 0.0124022 0.999792 0.0290063
0.361551 -0.932156 0.0191342 -183.231 0.932274 0.361711 0.00555759 -96.4058 -0.0121016 0.015829 0.999801 0.00470685
0.361613 -0.932182 0.016503 -183.113 0.932226 0.361779 0.00844607 -96.0882 -0.0138437 0.0123303 0.999828 0.0274525
0.36172 -0.932034 0.0217296 -183.005 0.932141 0.361977 0.0092511 -95.7981 -0.0164879 0.0169087 0.999721 0.0379325
0.360822 -0.932345 0.0232548 -182.888 0.932551 0.361012 0.00443948 -95.4839 -0.0125344 0.0200844 0.99972 0.0156098
0.360953 -0.932409 0.0180563 -182.686 0.932517 0.361092 0.00500992 -95.0022 -0.0111913 0.0150294 0.999824 0.0469514
0.360301 -0.932648 0.0187383 -182.549 0.932683 0.360533 0.010874 -94.703 -0.0168973 0.013559 0.999765 0.0482825
0.360939 -0.932431 0.0171521 -182.276 0.93247 0.361126 0.00934799 -93.9407 -0.0149104 0.0126198 0.999809 0.067907
0.36136 -0.932288 0.0160775 -181.994 0.932354 0.361493 0.00625636 -93.1776 -0.0116446 0.0127291 0.999851 0.0548904
0.362851 -0.931752 0.0132925 -181.609 0.93179 0.36295 0.0059262 -92.254 -0.0103463 0.0102355 0.999894 0.0488299
0.362825 -0.931712 0.0164405 -181.414 0.931768 0.362978 0.00746849 -91.6662 -0.012926 0.012609 0.999837 0.0450346
0.361605 -0.932212 0.0149294 -181.21 0.932259 0.36173 0.00670321 -91.2076 -0.0116492 0.0114941 0.999866 0.0374845
0.361912 -0.932016 0.0191042 -181.093 0.932148 0.362053 0.00434691 -90.933 -0.0109681 0.0162347 0.999808 0.0300639
0.364526 -0.931123 0.0114743 -180.9 0.931112 0.364629 0.0087182 -90.4893 -0.0123016 0.00750582 0.999896 0.0707001
0.36244 -0.931831 0.0180982 -180.767 0.931886 0.362638 0.00905893 -90.0343 -0.0150045 0.0135822 0.999795 0.056364
0.363951 -0.93132 0.0134992 -180.501 0.931356 0.364056 0.00625397 -89.4128 -0.0107389 0.0102965 0.999889 0.0874503
0.363119 -0.9316 0.0163113 -180.39 0.931672 0.363252 0.0059903 -89.0862 -0.0115057 0.0130216 0.999849 0.060725
0.364061 -0.931261 0.0145856 -180.297 0.931289 0.364195 0.00787491 -88.8313 -0.0126456 0.0107165 0.999863 0.0741358
0.364401 -0.931116 0.0153287 -180.132 0.931106 0.364579 0.0110889 -88.4999 -0.0159136 0.0102318 0.999821 0.0736735
0.364729 -0.930988 0.0152724 -179.859 0.931026 0.364871 0.00775349 -87.741 -0.0127909 0.0113911 0.999853 0.066662
0.363206 -0.931586 0.0151368 -179.759 0.931633 0.363336 0.00688221 -87.4727 -0.0119111 0.0116023 0.999862 0.0487504
0.363375 -0.931481 0.0173478 -179.662 0.931519 0.363568 0.0095632 -87.2131 -0.0152151 0.0126848 0.999804 0.0685295
0.36326 -0.931628 0.0105223 -179.271 0.931652 0.363322 0.00466573 -86.3141 -0.00816971 0.00810827 0.999934 0.0587882
0.364669 -0.931059 0.0120221 -179.175 0.931084 0.364756 0.00601045 -86.0084 -0.00998123 0.00900177 0.99991 0.0320212
0.382901 -0.923724 0.0110256 -178.981 0.923755 0.382963 0.00406016 -85.5092 -0.00797286 0.00863031 0.999931 0.0406515
0.406147 -0.913765 0.00885419 -178.73 0.913764 0.406203 0.00585092 -84.9593 -0.00894296 0.0057143 0.999944 0.0631308
0.426032 -0.904655 0.00979876 -178.36 0.904564 0.426133 0.0131935 -84.1217 -0.0161111 0.00324277 0.999865 0.0508226
0.426503 -0.904422 0.0107922 -178.213 0.904364 0.426611 0.0113215 -83.8242 -0.0148435 0.00493141 0.999878 0.0649265
0.427408 -0.903927 0.015424 -178.028 0.903846 0.427616 0.0144146 -83.5393 -0.0196253 0.00778001 0.999777 0.0765621
0.432352 -0.90162 0.0123628 -177.777 0.90164 0.432444 0.00604595 -83.0106 -0.0107974 0.00853282 0.999905 0.083465
0.431486 -0.902028 0.0128302 -177.677 0.902081 0.431555 0.00308027 -82.7698 -0.00831544 0.0102448 0.999913 0.111494
0.434646 -0.900455 0.0162496 -177.162 0.900506 0.434791 0.0067157 -81.7034 -0.0131124 0.0117139 0.999845 0.0773128
0.435969 -0.899864 0.0132475 -176.948 0.899905 0.436059 0.00476737 -81.3153 -0.0100667 0.00984306 0.999901 0.0960094
0.416962 -0.90886 0.0107891 -176.496 0.908875 0.417033 0.00544004 -80.3338 -0.00944365 0.00753765 0.999927 0.09664
0.415545 -0.909522 0.00955844 -176.006 0.909499 0.415622 0.00832239 -79.262 -0.0115421 0.00523507 0.99992 0.0792308
0.416091 -0.909239 0.0123571 -175.873 0.909196 0.416222 0.0110329 -78.9641 -0.0151748 0.00664433 0.999863 0.118488
0.418049 -0.908314 0.014192 -175.701 0.908268 0.418216 0.0120185 -78.5286 -0.0168519 0.00786583 0.999827 0.100969
0.415172 -0.909634 0.0140311 -175.528 0.909685 0.41527 0.00482644 -78.1503 -0.010217 0.0107601 0.99989 0.112536
0.419021 -0.907876 0.0135195 -174.955 0.907911 0.419123 0.00571687 -76.9253 -0.0108565 0.00987902 0.999892 0.0947372
0.418463 -0.908178 0.0100992 -174.839 0.908177 0.418535 0.00649549 -76.7387 -0.0101259 0.0064537 0.999928 0.0984386
0.417882 -0.908402 0.0134551 -174.587 0.908447 0.417973 0.00475997 -76.1714 -0.00994785 0.0102342 0.999898 0.0741217
0.420184 -0.907339 0.0134892 -174.276 0.907379 0.42028 0.00524367 -75.4479 -0.010427 0.0100365 0.999895 0.117159
0.421072 -0.906929 0.0133786 -173.997 0.906989 0.421144 0.00299418 -74.8833 -0.00834983 0.0108735 0.999906 0.0704052
0.42036 -0.907241 0.014537 -173.876 0.907309 0.420449 0.00357962 -74.593 -0.00935964 0.0116848 0.999888 0.067703
0.421522 -0.906688 0.0153856 -173.669 0.906751 0.421637 0.00504828 -74.1577 -0.0110644 0.011823 0.999869 0.0973205
0.421949 -0.906493 0.0151194 -173.531 0.90655 0.422064 0.00532579 -73.8684 -0.0112091 0.0114593 0.999871 0.110826
0.422546 -0.906169 0.0176665 -173.395 0.906271 0.422676 0.00422759 -73.5863 -0.0112981 0.0142243 0.999835 0.109596
0.422783 -0.906082 0.0164214 -172.908 0.906202 0.422844 0.000263759 -72.5367 -0.00718268 0.0147696 0.999865 0.138299
0.424799 -0.905147 0.0159686 -172.757 0.90524 0.424892 0.00281305 -72.2515 -0.00933114 0.0132604 0.999869 0.121794
0.423356 -0.905835 0.0152722 -172.524 0.905947 0.42339 -0.00108262 -71.6788 -0.00548541 0.0142941 0.999883 0.135262
0.424618 -0.905324 0.00934539 -172.318 0.905331 0.424477 -0.0139912 -71.3436 0.00869971 0.0144016 0.999858 0.0737211
0.423705 -0.905719 0.0120939 -172.176 0.90575 0.423785 0.00487496 -70.9944 -0.00954054 0.00888848 0.999915 0.140355
0.424368 -0.905242 0.0211983 -171.92 0.905311 0.424633 0.00995339 -70.3978 -0.0180117 0.0149671 0.999726 0.131719
0.422796 -0.906046 0.0180203 -171.552 0.906157 0.422924 0.00386738 -69.6498 -0.0111252 0.0146941 0.99983 0.123543
0.425041 -0.905087 0.0125721 -170.931 0.905161 0.425068 -0.000633754 -68.2782 -0.00477039 0.0116492 0.999921 0.145993
0.424616 -0.905274 0.0134253 -170.613 0.90534 0.424682 0.00232595 -67.5647 -0.00780712 0.0111669 0.999907 0.169199
0.42416 -0.905429 0.0169247 -170.305 0.905522 0.42428 0.00409582 -66.9662 -0.0108893 0.0135884 0.999848 0.145193
0.427098 -0.904124 0.0120989 -169.582 0.904175 0.427155 0.0024676 -65.4458 -0.00739912 0.0098856 0.999924 0.170784
0.429024 -0.903186 0.0138747 -168.893 0.903246 0.429108 0.00357107 -64.0177 -0.00917909 0.0110002 0.999897 0.155908
0.428368 -0.903473 0.0154119 -168.656 0.903536 0.428483 0.00505472 -63.5299 -0.0111705 0.0117599 0.999868 0.189502
0.427293 -0.903983 0.0153365 -168.295 0.904035 0.427417 0.00589027 -62.7723 -0.0118798 0.0113479 0.999865 0.179782
0.427193 -0.904019 0.0160007 -168.145 0.904068 0.427336 0.00674672 -62.4399 -0.0129368 0.0115836 0.999849 0.171006
0.427624 -0.903771 0.0183035 -167.85 0.903819 0.427825 0.00877642 -61.8088 -0.0157626 0.01279 0.999794 0.158531
0.429747 -0.902871 0.0118564 -167.573 0.902828 0.429867 0.0107168 -61.225 -0.0147726 0.0060988 0.999872 0.167379
0.429067 -0.903134 0.0158164 -167.258 0.903175 0.429213 0.00720443 -60.5431 -0.0132952 0.0111938 0.999849 0.148818
0.429498 -0.902881 0.0183602 -166.874 0.902884 0.429731 0.0114256 -59.8021 -0.0182059 0.0116699 0.999766 0.155098
0.431647 -0.90186 0.0181495 -166.586 0.901905 0.431845 0.00875357 -59.1115 -0.0157323 0.0125907 0.999797 0.141691
0.430546 -0.902358 0.0194918 -166.435 0.902409 0.430775 0.00947106 -58.8078 -0.0169429 0.0135118 0.999765 0.167428
0.432169 -0.901631 0.0170925 -166.27 0.901636 0.432369 0.0104426 -58.4568 -0.0168056 0.0108983 0.999799 0.153626
0.431894 -0.901723 0.0190744 -166.068 0.901792 0.432096 0.00800661 -58.0828 -0.0154617 0.0137431 0.999786 0.133426
0.432786 -0.901334 0.017133 -165.882 0.901387 0.432952 0.0073914 -57.6998 -0.0140799 0.0122446 0.999826 0.14672
0.432243 -0.90157 0.0183616 -165.744 0.901625 0.432438 0.00832518 -57.3503 -0.015446 0.0129568 0.999797 0.128594
0.431646 -0.901857 0.0183123 -165.559 0.901945 0.43181 0.00600821 -56.9752 -0.013326 0.0139233 0.999814 0.147053
0.433477 -0.901056 0.0139947 -165.37 0.90112 0.433558 0.00324071 -56.5783 -0.00898757 0.0112061 0.999897 0.16023
0.432405 -0.901527 0.0165893 -165.142 0.901626 0.432507 0.00298378 -56.0942 -0.00986494 0.0136671 0.999858 0.165127
0.433545 -0.90102 0.0141832 -164.927 0.901051 0.433663 0.00656811 -55.6746 -0.0120687 0.00993222 0.999878 0.151048
0.434029 -0.900764 0.015584 -164.763 0.900827 0.434148 0.00514386 -55.3713 -0.0113992 0.0118059 0.999865 0.163035
0.433972 -0.900804 0.0148159 -164.571 0.900844 0.434096 0.00634325 -54.9234 -0.0121455 0.010594 0.99987 0.173918
0.435665 -0.900028 0.0121053 -163.769 0.899976 0.435792 0.0113292 -53.3877 -0.015472 0.00595876 0.999863 0.118761
0.43465 -0.900522 0.0118416 -163.579 0.90044 0.434783 0.0131145 -52.9369 -0.0169584 0.00496248 0.999844 0.136213
0.435565 -0.900058 0.0133939 -163.098 0.899931 0.435741 0.0159645 -51.9673 -0.0202052 0.00509999 0.999783 0.130847
0.435635 -0.899991 0.0154476 -163.043 0.899937 0.43583 0.0128867 -51.8072 -0.0183304 0.00828799 0.999798 0.128341
0.436545 -0.899531 0.0164961 -162.703 0.899497 0.436754 0.0122913 -51.0811 -0.0182611 0.00947246 0.999788 0.117583
0.436741 -0.899399 0.0183728 -162.505 0.899451 0.43694 0.00848346 -50.7466 -0.0156578 0.0128204 0.999795 0.122496
0.438024 -0.898814 0.0164021 -161.811 0.898805 0.438216 0.0107385 -49.3234 -0.0168396 0.0100386 0.999808 0.13644
0.437104 -0.899192 0.0198248 -161.62 0.899242 0.437343 0.009732 -48.8732 -0.0174212 0.0135734 0.999756 0.128172
0.437877 -0.898901 0.0155475 -161.389 0.898889 0.438052 0.0104212 -48.427 -0.0161782 0.00941231 0.999825 0.0817684
0.437542 -0.899006 0.0185969 -160.914 0.898966 0.437805 0.0136549 -47.4266 -0.0204177 0.0107434 0.999734 0.100794
0.436745 -0.899331 0.0213913 -160.675 0.899389 0.437023 0.0104987 -46.9776 -0.0187903 0.0146539 0.999716 0.12135
0.43739 -0.899009 0.0217634 -160.471 0.89904 0.437699 0.0121375 -46.5404 -0.0204375 0.0142574 0.999689 0.106392
0.437479 -0.898905 0.0241181 -159.896 0.899045 0.437774 0.00849744 -45.3291 -0.0181967 0.0179658 0.999673 0.130687
0.44026 -0.897551 0.023948 -159.458 0.897725 0.440512 0.00622725 -44.5202 -0.0161386 0.0187571 0.999694 0.0841666
0.440313 -0.897516 0.0242583 -159.312 0.897624 0.440643 0.0102568 -44.1802 -0.0198949 0.0172586 0.999653 0.104864
0.44035 -0.897477 0.0250582 -159.052 0.897602 0.440692 0.0100319 -43.6586 -0.0200463 0.0180748 0.999636 0.107575
0.440523 -0.897434 0.0234715 -158.86 0.897598 0.440769 0.00633243 -43.2442 -0.0160285 0.0182784 0.999704 0.0794403
0.439859 -0.897757 0.0235695 -158.471 0.897909 0.440123 0.00720381 -42.5113 -0.0168407 0.0179946 0.999696 0.0976107
0.439779 -0.897771 0.0245107 -158.306 0.897897 0.440102 0.00956034 -42.1229 -0.0193702 0.0178037 0.999654 0.0654377
0.440287 -0.897625 0.0204145 -157.919 0.897733 0.440491 0.00662104 -41.2932 -0.0149356 0.0154116 0.99977 0.0768915
0.440537 -0.897631 0.0135867 -157.455 0.897666 0.44064 0.00570185 -40.3652 -0.011105 0.00968446 0.999891 0.0859324
0.438339 -0.898621 0.0183833 -157.254 0.898674 0.438537 0.0083955 -39.9025 -0.0156061 0.0128405 0.999796 0.103691
0.440863 -0.897315 0.0215699 -156.817 0.897288 0.441202 0.0146273 -39.0583 -0.0226419 0.0129058 0.99966 0.0851911
0.440022 -0.897772 0.0196746 -156.542 0.89761 0.440366 0.0193183 -38.4838 -0.0260075 0.00915966 0.99962 0.0914372
0.440628 -0.897453 0.0206371 -156.285 0.897312 0.440993 0.0188637 -37.9833 -0.0260301 0.0102061 0.999609 0.0837458
0.442622 -0.896544 0.0171716 -156.047 0.896396 0.442892 0.017924 -37.5007 -0.0236748 0.00745905 0.999692 0.0749698
0.443227 -0.896081 0.0242397 -155.771 0.896104 0.44362 0.0140966 -36.8952 -0.0233849 0.0154733 0.999607 0.0407176
0.446299 -0.894789 0.0130043 -154.955 0.894793 0.446414 0.00778831 -35.3322 -0.0127742 0.00816026 0.999885 0.047392
0.445316 -0.895251 0.0147735 -154.503 0.895263 0.44546 0.00831805 -34.3955 -0.0140277 0.00952197 0.999856 0.0521659
0.445876 -0.894966 0.0152009 -154.457 0.894995 0.446015 0.00735755 -34.2781 -0.0133646 0.0103242 0.999857 0.0533631
0.447292 -0.893946 0.0280972 -154.105 0.893774 0.447928 0.022979 -33.6108 -0.0331276 0.0148342 0.999341 0.0504977
0.447555 -0.89408 0.0177519 -153.993 0.894124 0.447743 0.00833743 -33.3188 -0.0154026 0.0121409 0.999808 0.0573091
0.449998 -0.892797 0.0204096 -153.536 0.892946 0.450151 0.00342748 -32.5043 -0.0122474 0.0166823 0.999786 0.0409474
0.452041 -0.891763 0.0204364 -153.445 0.891981 0.45205 -0.00444136 -32.3038 -0.00527766 0.0202366 0.999781 -0.0232046
0.440312 -0.895664 0.062542 -153.093 0.89132 0.444433 0.0896043 -31.5499 -0.108051 0.0162911 0.994012 0.0191271
0.447612 -0.893971 0.0214533 -152.802 0.894079 0.447847 0.00751473 -30.9744 -0.0163257 0.0158173 0.999742 0.0576821
0.449461 -0.89316 0.0157854 -152.568 0.893241 0.449564 0.00352806 -30.5328 -0.0102477 0.0125145 0.999869 0.00824884
0.449612 -0.892996 0.0201895 -152.305 0.893041 0.449863 0.0100678 -30.051 -0.018073 0.0135035 0.999745 0.0370586
0.449227 -0.893252 0.0171945 -152.088 0.893237 0.44944 0.0114966 -29.5783 -0.0179973 0.0101942 0.999786 0.0306784
0.446074 -0.894706 0.0227857 -151.764 0.894783 0.446379 0.01047 -28.9312 -0.0195387 0.0157179 0.999686 0.0193938
0.450359 -0.892573 0.0221381 -151.207 0.892637 0.450653 0.0105498 -27.8307 -0.0193931 0.0150101 0.999699 0.0574321
0.451172 -0.892196 0.0207132 -150.735 0.892281 0.451405 0.0081887 -26.8797 -0.016656 0.0147875 0.999752 0.0337802
0.450535 -0.892465 0.0228944 -149.521 0.892552 0.450834 0.00997042 -24.539 -0.0192199 0.0159425 0.999688 0.0252454
0.450722 -0.892475 0.0183879 -149.167 0.89252 0.450924 0.00871873 -23.7857 -0.0160728 0.0124818 0.999793 0.0345181
0.451876 -0.891794 0.0226172 -148.917 0.891887 0.452161 0.00940155 -23.2505 -0.0186109 0.0159237 0.9997 0.00678946
0.452222 -0.891539 0.0255542 -148.58 0.891681 0.452566 0.00948788 -22.5704 -0.0200238 0.0184955 0.999628 0.0526522
0.451475 -0.892001 0.0224454 -148.184 0.892039 0.451798 0.012051 -21.8135 -0.0208903 0.0145814 0.999675 -0.00813486
0.450983 -0.892058 0.029096 -147.968 0.892347 0.451314 0.00567518 -21.3831 -0.018194 0.0234043 0.999561 0.0494483
0.468296 -0.88328 0.0226926 -147.497 0.883354 0.468596 0.0101764 -20.4455 -0.0196223 0.01528 0.999691 0.0709514
0.495248 -0.868549 0.0187508 -145.923 0.868694 0.495348 0.000830436 -17.6389 -0.0100095 0.0158774 0.999824 0.0300134
0.512731 -0.858286 0.0212652 -145.289 0.858451 0.51289 0.00242908 -16.5888 -0.0129916 0.0170097 0.999771 0.0170758
0.519587 -0.854127 0.022274 -145.08 0.854268 0.519807 0.00514845 -16.181 -0.0159756 0.0163529 0.999739 0.0267914
0.52381 -0.851466 0.0250556 -144.444 0.851586 0.524142 0.00874416 -15.1661 -0.020578 0.0167567 0.999648 0.00920895
0.523955 -0.85136 0.0256183 -144.302 0.851504 0.524286 0.00804405 -14.9562 -0.0202797 0.0175994 0.999639 -0.01004
0.523532 -0.851621 0.0256002 -143.268 0.851766 0.523862 0.00800568 -13.2521 -0.0202288 0.0176141 0.99964 0.0202006
0.523401 -0.851998 0.0122591 -142.949 0.852083 0.523301 -0.0105147 -12.7423 0.00254326 0.0159492 0.99987 0.00924863
0.520201 -0.85352 0.0298967 -142.594 0.853131 0.520945 0.0280122 -12.1855 -0.0394835 0.0109338 0.99916 0.0495093
0.526804 -0.849615 0.0251414 -142.34 0.849549 0.527251 0.0164849 -11.7482 -0.0272616 0.0126745 0.999548 -0.011785
0.529457 -0.847879 0.0278741 -142.155 0.848097 0.529802 0.00636651 -11.4457 -0.0201658 0.0202692 0.999591 -0.0171015
0.526778 -0.8498 -0.018559 -141.744 0.847967 0.526901 -0.0576762 -10.7998 0.058792 0.0146452 0.998163 0.00486449
0.532959 -0.845963 0.0173716 -141.579 0.846115 0.532992 -0.00307011 -10.4898 -0.00666172 0.0163346 0.999844 0.156665
0.525742 -0.848289 0.0632594 -141.406 0.842927 0.529524 0.0952742 -10.2814 -0.114317 0.00323347 0.993439 0.123764
0.534275 -0.845019 0.0222104 -140.786 0.845051 0.534578 0.0107688 -9.26843 -0.020973 0.0130154 0.999695 -0.042984
0.533429 -0.845585 0.0209806 -140.647 0.845648 0.533676 0.00835598 -9.0088 -0.0182626 0.0132849 0.999745 -0.0101508
0.53466 -0.844871 0.0182215 -140.224 0.844978 0.534793 0.00297631 -8.3815 -0.0122593 0.0138054 0.99983 -0.038722
0.534986 -0.844661 0.0183774 -139.73 0.844738 0.535153 0.0054249 -7.57509 -0.0144169 0.0126218 0.999816 -0.0363568
0.535922 -0.843949 0.0231604 -139.387 0.843982 0.536253 0.0112951 -7.03322 -0.0219523 0.0134937 0.999668 -0.025776
0.535622 -0.844139 0.0231828 -139.173 0.844253 0.535895 0.00729421 -6.71216 -0.0185809 0.0156653 0.999705 -0.0346179
0.601095 -0.798777 0.0252915 -137.269 0.798825 0.601469 0.0106858 -3.94398 -0.0237476 0.0137803 0.999623 -0.0762871
0.625526 -0.779792 0.0253513 -136.698 0.779819 0.625907 0.0110495 -3.24355 -0.0244839 0.0128578 0.999618 -0.0326515
0.674199 -0.738289 0.0196426 -133.618 0.738531 0.674134 -0.010766 0.269973 -0.0052933 0.0217651 0.999749 -0.0320081
0.694994 -0.7186 0.0244331 -132.862 0.71884 0.695174 -0.00155059 1.05085 -0.015871 0.0186411 0.9997 -0.0683196
0.733165 -0.67952 0.0268462 -132.125 0.679767 0.733428 -5.39506e-05 1.81658 -0.0196531 0.0182887 0.99964 -0.0643982
0.746478 -0.664824 0.0279284 -131.929 0.66512 0.746734 -0.00179921 1.95769 -0.019659 0.0199188 0.999608 -0.0610969
0.84109 -0.540173 0.0279449 -130.056 0.540387 0.841417 -0.000100457 3.36567 -0.023459 0.0151855 0.999609 -0.0989316
0.856599 -0.515496 0.0224051 -129.618 0.515716 0.856745 -0.00508839 3.60508 -0.0165724 0.0159134 0.999736 -0.0889486
0.925042 -0.379298 0.0207193 -127.239 0.379503 0.925164 -0.00693803 4.7867 -0.0165372 0.014281 0.999761 -0.0695683
0.934652 -0.355104 0.0180821 -126.568 0.355285 0.934724 -0.00796761 5.06937 -0.0140724 0.0138712 0.999805 -0.0948448
0.938227 -0.34575 0.0136908 -125.343 0.345915 0.938183 -0.0124564 5.51351 -0.00853765 0.0164228 0.999829 -0.0867032
0.946999 -0.320894 0.0148607 -124.361 0.321031 0.947035 -0.00799173 5.86962 -0.0115091 0.0123389 0.999858 -0.0835547
0.96153 -0.274313 0.0145754 -123.643 0.274382 0.961616 -0.00294189 6.09916 -0.0132089 0.00682793 0.999889 -0.0657268
0.975722 -0.218926 0.00612699 -122.878 0.218867 0.975713 0.0090302 6.33235 -0.00795513 -0.00746997 0.99994 -0.0441083
0.985965 -0.166197 0.0158596 -121.181 0.165855 0.985929 0.0209034 6.65336 -0.0191105 -0.0179796 0.999656 -0.0967086
0.988569 -0.150361 0.0110854 -119.919 0.150149 0.9885 0.0179512 6.81473 -0.0136571 -0.0160816 0.999777 -0.0429649
0.989427 -0.14502 0.00203403 -119.385 0.144987 0.989365 0.0116147 6.91018 -0.00369676 -0.0111969 0.99993 -0.0921093
0.99047 -0.137721 0.00164661 -118.917 0.137722 0.990471 -0.000324575 6.99468 -0.00158621 0.000548255 0.999999 0.0196376
0.990805 -0.133336 0.0229651 -118.399 0.133478 0.99104 -0.00478593 7.04696 -0.0221212 0.00780727 0.999725 -0.0423504
0.993182 -0.115825 0.013206 -117.091 0.115871 0.993261 -0.00273038 7.17839 -0.0128008 0.00424195 0.999909 -0.0764319
0.994674 -0.101439 0.0182503 -116.594 0.10156 0.994812 -0.00580804 7.24295 -0.0175664 0.00763061 0.999817 -0.0872848
0.996624 -0.0799933 0.0184706 -116.079 0.0801774 0.996736 -0.00945152 7.28352 -0.0176543 0.0109005 0.999785 -0.0807682
0.9997 -0.0158297 0.0187107 -114.726 0.0159949 0.999834 -0.00871181 7.36348 -0.0185697 0.00900846 0.999787 -0.0333688
0.999785 0.00744216 0.0193536 -113.962 -0.00724948 0.999924 -0.010007 7.33521 -0.0194266 0.0098645 0.999763 -0.0899775
0.999469 0.0195274 0.0260849 -112.933 -0.0194332 0.999804 -0.00386034 7.33107 -0.0261551 0.00335138 0.999652 -0.0956167
0.998997 0.0340757 0.0290359 -112.36 -0.0339845 0.999416 -0.00362754 7.33224 -0.0291426 0.00263713 0.999572 -0.0683033
0.998451 0.0524867 0.0184433 -109.929 -0.0523549 0.9986 -0.00755853 7.22723 -0.0188142 0.00658123 0.999801 -0.0907938
0.996493 0.0800617 0.0243161 -108.622 -0.0797504 0.996723 -0.0135114 7.13727 -0.0253182 0.0115248 0.999613 -0.105094
0.9958 0.0896967 0.0183238 -108.089 -0.0893716 0.995838 -0.0178514 7.08806 -0.0198488 0.0161388 0.999673 -0.150623
0.994587 0.102857 0.0147445 -107.538 -0.10261 0.994582 -0.0166832 7.04157 -0.0163806 0.01508 0.999752 -0.132988
0.986866 0.16083 0.0151267 -106.488 -0.16054 0.986851 -0.0187843 6.93675 -0.0179489 0.0161092 0.999709 -0.139497
0.985869 0.166943 0.0138749 -105.482 -0.166776 0.985917 -0.0123978 6.71653 -0.0157492 0.00990862 0.999827 -0.05644
0.985422 0.169814 0.0103459 -105 -0.169813 0.985476 -0.00100758 6.65878 -0.0103668 -0.000763981 0.999946 -0.10036
0.984818 0.173567 -0.0026899 -104.25 -0.173572 0.98482 -0.00156432 6.53323 0.00237755 0.00200746 0.999995 -0.0929581
0.973152 0.229451 0.0181022 -101.905 -0.229413 0.97332 -0.00420521 6.0809 -0.0185842 -6.05732e-05 0.999827 -0.0636261
0.953558 0.301163 0.00531948 -101.137 -0.301181 0.953563 0.00290881 5.88908 -0.00419643 -0.00437585 0.999982 -0.0427297
0.942419 0.334293 0.00970012 -100.681 -0.334268 0.942469 -0.00416493 5.75683 -0.0105344 0.000682667 0.999944 -0.0380399
0.918839 0.394523 0.00929054 -99.5184 -0.3945 0.918886 -0.00425483 5.24164 -0.0102156 0.000244382 0.999948 -0.0458173
0.915484 0.402278 0.00779247 -99.0833 -0.402258 0.915517 -0.00405032 5.04806 -0.00876349 0.000573418 0.999961 -0.035903
0.91408 0.405439 0.00876299 -98.1461 -0.405383 0.914116 -0.00754598 4.62831 -0.0110698 0.00334526 0.999933 -0.0744997
0.912385 0.409218 0.00974941 -97.7043 -0.409169 0.912434 -0.00669308 4.43309 -0.0116346 0.0021175 0.99993 -0.0514936
0.911472 0.41126 0.00919387 -97 -0.411207 0.911514 -0.00717355 4.11093 -0.0113305 0.00275791 0.999932 -0.0697839
0.911805 0.410511 0.00959276 -96.5393 -0.410415 0.911838 -0.0105114 3.90178 -0.0130621 0.00564737 0.999899 -0.0486603
0.910907 0.411347 0.0322818 -95.366 -0.411385 0.911444 -0.00575381 3.35089 -0.0317898 -0.00803905 0.999462 -0.0739544
0.911065 0.412057 0.0130165 -94.9197 -0.412191 0.911041 0.0101577 3.17261 -0.00767302 -0.0146196 0.999864 -0.0668154
0.909421 0.415876 -0.000391634 -94.2832 -0.415867 0.909406 0.00602543 2.83396 0.00286199 -0.00531678 0.999982 -0.0631924
0.910131 0.414228 0.00879367 -93.3759 -0.41405 0.910097 -0.0169115 2.45079 -0.0150083 0.0117507 0.999818 -0.0239138
0.91 0.414553 0.00675196 -93.0901 -0.414419 0.909956 -0.0154164 2.30878 -0.0125349 0.0112308 0.999858 -0.0402654
0.906906 0.421093 0.0141851 -90.8165 -0.420959 0.907006 -0.0115192 1.25067 -0.0177166 0.00447546 0.999833 -0.0597219
0.907199 0.420561 0.0108963 -90.1064 -0.420453 0.907248 -0.0109748 0.928081 -0.0145012 0.00537495 0.99988 -0.0365362
0.908481 0.417562 0.017441 -88.6918 -0.417424 0.908644 -0.0110856 0.28955 -0.0204766 0.00279074 0.999786 -0.133324
0.907233 0.4202 0.0189666 -87.5195 -0.420165 0.907428 -0.00595691 -0.232279 -0.0197139 -0.00256477 0.999802 -0.108228
0.907391 0.419756 0.0211455 -87.0693 -0.419775 0.90762 -0.00372866 -0.449033 -0.0207572 -0.00549299 0.999769 -0.109065
0.90713 0.420387 0.0197625 -86.6154 -0.420399 0.907332 -0.00369773 -0.65514 -0.0194856 -0.00495381 0.999798 -0.105501
0.914579 0.40396 0.019013 -85.2508 -0.403967 0.914766 -0.00365983 -1.28415 -0.0188709 -0.00433343 0.999813 -0.104746
0.92169 0.387606 0.0158127 -84.7598 -0.387653 0.921805 -6.07802e-05 -1.47703 -0.0145998 -0.00607383 0.999875 -0.0866188
0.923652 0.382937 0.0150232 -84.2625 -0.38295 0.923767 -0.00212597 -1.68549 -0.0146921 -0.00378948 0.999885 -0.0673971
0.925166 0.379354 0.0126019 -83.8331 -0.379401 0.925231 0.00149325 -1.86908 -0.0110932 -0.00616268 0.999919 -0.0741862
0.934273 0.356141 0.0172465 -83.3625 -0.356216 0.934402 0.00140566 -2.06895 -0.0156146 -0.00745675 0.99985 -0.0668531
0.942881 0.332845 0.0137262 -82.8647 -0.33292 0.942949 0.00350981 -2.21629 -0.0117749 -0.00787906 0.9999 -0.06197
0.947577 0.319237 0.0136425 -82.4061 -0.319332 0.947627 0.00545344 -2.38586 -0.0111871 -0.00952405 0.999892 -0.0819606
0.949506 0.313453 0.0136549 -81.9258 -0.313596 0.949504 0.0100081 -2.51351 -0.00982832 -0.0137849 0.999857 -0.0338907
0.950828 0.309444 0.013073 -81.4455 -0.309574 0.950829 0.00941293 -2.68734 -0.0095174 -0.0129971 0.99987 -0.057767
0.951569 0.307326 0.00817567 -80.9769 -0.307407 0.951504 0.0118439 -2.84287 -0.00413925 -0.0137835 0.999896 -0.00510136
0.951518 0.307327 0.0127778 -78.0918 -0.30748 0.951472 0.0125487 -3.76689 -0.00830122 -0.0158692 0.99984 -0.020633
0.951909 0.306047 0.0143267 -77.6248 -0.306201 0.951913 0.0101181 -3.93528 -0.0105412 -0.0140184 0.999846 -0.0306199
0.955566 0.294547 0.0116056 -76.9387 -0.294659 0.955556 0.00946387 -4.17677 -0.00830227 -0.0124631 0.999888 0.00868506
0.97621 0.216382 0.0138764 -76.0081 -0.216498 0.976254 0.00750263 -4.42393 -0.0119234 -0.0103284 0.999876 -0.0285863
0.9796 0.200723 0.00971532 -75.249 -0.200807 0.979593 0.00862014 -4.57239 -0.0077868 -0.0103952 0.999916 -0.0380568
0.980697 0.195115 0.0127626 -74.7142 -0.195221 0.980729 0.00771157 -4.66349 -0.011012 -0.0100543 0.999889 0.00444469
0.981903 0.188948 0.0128789 -73.7292 -0.189058 0.981934 0.00794638 -4.84842 -0.0111448 -0.0102374 0.999885 0.0304385
0.981839 0.18926 0.0131452 -73.2252 -0.189358 0.981886 0.00661326 -4.92738 -0.0116555 -0.00898231 0.999892 0.0189718
0.982144 0.187841 0.0103848 -72.2466 -0.187905 0.982171 0.00557357 -5.11044 -0.00915267 -0.0074254 0.999931 0.0591189
0.982891 0.1837 0.0133881 -71.7719 -0.183771 0.98296 0.00424528 -5.21784 -0.0123802 -0.006633 0.999901 0.0724055
0.986389 0.164106 0.010297 -71.0296 -0.164168 0.986417 0.0055216 -5.34149 -0.00925103 -0.00713689 0.999932 0.0528787
0.98669 0.16208 0.0131323 -70.6436 -0.162127 0.986767 0.00253837 -5.41301 -0.0125471 -0.00463369 0.999911 0.0381475
0.987441 0.157338 0.0142943 -69.3052 -0.15745 0.987502 0.00704846 -5.58224 -0.0130066 -0.00921057 0.999873 0.0257893
0.987567 0.15642 0.0156305 -68.382 -0.156626 0.987573 0.0129825 -5.72353 -0.0134055 -0.0152692 0.999793 0.0360504
0.986014 0.166656 0.00156942 -67.8526 -0.166662 0.985913 0.0141412 -5.78643 0.00080941 -0.014205 0.999899 0.0111411
0.974175 0.22561 -0.00913503 -67.1443 -0.225363 0.974017 0.0224001 -5.89176 0.0139514 -0.0197629 0.999707 0.0553227
0.85064 0.525705 0.00674641 -65.651 -0.52574 0.850629 0.00530576 -6.52987 -0.00294943 -0.00806015 0.999963 0.0748161
0.784839 0.619672 0.0058521 -65.1612 -0.619695 0.784832 0.00397475 -6.8782 -0.00212988 -0.00674606 0.999975 0.0793746
0.664126 0.747564 0.00920291 -64.5354 -0.747611 0.664128 0.00327588 -7.4924 -0.00366299 -0.0090558 0.999952 0.140126
0.377675 0.925931 0.00371327 -63.6414 -0.925936 0.37768 -0.000865541 -9.08733 -0.00220386 -0.00311136 0.999993 0.131544
0.225236 0.974286 0.00593707 -63.38 -0.974302 0.225243 -0.000604012 -9.97481 -0.00192576 -0.00564846 0.999982 0.153851
0.164609 0.986349 0.00445385 -63.3292 -0.986357 0.164615 -0.00105722 -10.3072 -0.00177596 -0.00421906 0.99999 0.143291
0.0755335 0.997143 0.00032386 -63.2663 -0.997132 0.0755312 0.00472106 -10.7928 0.00468311 -0.00067953 0.999989 0.174053
-0.0858679 0.996306 -0.00101783 -63.3098 -0.996306 -0.0858689 -0.00100621 -11.8332 -0.00108989 0.000927671 0.999999 0.177592
-0.100467 0.994939 0.00145873 -63.3296 -0.99494 -0.100468 0.000994832 -12.211 0.00113635 -0.0013514 0.999998 0.168019
-0.107314 0.994225 0.000428378 -63.4194 -0.994225 -0.107314 5.19591e-05 -12.4947 9.763e-05 -0.000420328 1 0.169095
-0.116954 0.993131 0.00358906 -63.4778 -0.993106 -0.116921 -0.00840085 -13.0894 -0.00792351 -0.00454683 0.999958 0.209381
-0.123582 0.992327 -0.00372644 -63.5642 -0.992333 -0.123587 -0.00095128 -14.1035 -0.00140452 0.00358031 0.999993 0.193968
-0.123867 0.992299 -0.000350973 -63.6979 -0.992276 -0.123867 -0.00670861 -14.8042 -0.00670041 -0.000482715 0.999977 0.207709
-0.125743 0.992029 -0.00816954 -63.8093 -0.991829 -0.125888 -0.0206715 -15.8991 -0.0215352 0.0055035 0.999753 0.173269
-0.126434 0.991972 -0.00242863 -63.8959 -0.99187 -0.126456 -0.0142628 -16.4667 -0.0144554 0.00060559 0.999895 0.197991
-0.126612 0.991952 0.00048013 -63.9494 -0.991785 -0.126581 -0.0184138 -16.9607 -0.0182049 -0.00280759 0.99983 0.202595
-0.124282 0.992239 -0.00407296 -64.0701 -0.992098 -0.124334 -0.0168324 -17.764 -0.0172082 0.0019488 0.99985 0.155536
-0.106937 0.994255 -0.00458272 -64.134 -0.994124 -0.106998 -0.0163986 -18.3146 -0.0167948 0.00280218 0.999855 0.173021
-0.0346548 0.999399 2.20081e-05 -64.2086 -0.999339 -0.0346524 -0.0110148 -19.7287 -0.0110075 -0.00040371 0.999939 0.178675
-0.0311745 0.999514 -0.000618822 -64.2338 -0.999449 -0.0311796 -0.0113841 -20.2021 -0.0113979 0.000263587 0.999935 0.15273
-0.0296137 0.999557 -0.00291025 -64.2808 -0.999495 -0.0296452 -0.0114488 -20.6068 -0.01153 0.00256974 0.99993 0.163512
-0.0262456 0.999625 -0.00786923 -64.2731 -0.999455 -0.0263972 -0.0198183 -21.2272 -0.0200186 0.00734479 0.999773 0.158348
-0.0235454 0.999701 -0.00656399 -64.2912 -0.999646 -0.0236242 -0.0122102 -21.8703 -0.0123616 0.00627418 0.999904 0.156051
-0.0219253 0.999755 -0.00298613 -64.2861 -0.999692 -0.0219584 -0.0115333 -22.318 -0.011596 0.00273234 0.999929 0.149686
-0.0218039 0.999747 -0.00544924 -64.3047 -0.99968 -0.0218718 -0.0127248 -22.7766 -0.0128408 0.00517005 0.999904 0.160912
-0.0208695 0.99975 -0.0079802 -64.3119 -0.999687 -0.020977 -0.0136323 -23.2063 -0.0137963 0.0076932 0.999875 0.165615
-0.0193192 0.999808 -0.00339705 -64.2812 -0.999648 -0.0193778 -0.0181404 -23.6502 -0.0182027 0.00304539 0.99983 0.169378
-0.0107069 0.999943 -0.00049061 -64.299 -0.999838 -0.0107128 -0.0144505 -24.5757 -0.014455 0.000335811 0.999895 0.163907
-0.000436349 0.999999 0.00140522 -64.3048 -0.999881 -0.000414631 -0.0154191 -25.1178 -0.0154185 -0.00141178 0.99988 0.153932
-0.000954549 0.999996 0.00272755 -64.2804 -0.99992 -0.00091998 -0.0126471 -25.5344 -0.0126445 -0.00273941 0.999916 0.158453
0.00010331 0.999994 0.00341782 -64.2943 -0.999875 0.000157394 -0.0158277 -26.0016 -0.0158281 -0.00341576 0.999869 0.148236
0.000251368 0.999996 0.00296552 -64.2842 -0.999886 0.000296196 -0.0151257 -27.6755 -0.0151265 -0.00296138 0.999881 0.12878
0.000100926 0.999999 -0.00124554 -64.2939 -0.999718 7.13247e-05 -0.0237434 -28.6439 -0.0237433 0.00124759 0.999717 0.16697
-0.00217572 0.999993 0.00300475 -64.305 -0.999889 -0.0021311 -0.0147747 -29.6694 -0.0147682 -0.00303656 0.999886 0.140415
-0.00288061 0.999995 0.00138924 -64.3299 -0.999786 -0.00285156 -0.0204773 -30.6825 -0.0204732 -0.00144793 0.999789 0.0891723
-0.00253729 0.999997 0.000169966 -64.3352 -0.999876 -0.00253434 -0.0155722 -31.4604 -0.0155718 -0.000209456 0.999879 0.166458
-0.00109176 0.999997 -0.00204812 -64.3342 -0.999849 -0.00112707 -0.0173181 -32.1808 -0.0173204 0.0020289 0.999848 0.168082
0.00565871 0.99997 -0.00535476 -64.3023 -0.999898 0.00558796 -0.0131366 -33.4444 -0.0131063 0.00542855 0.999899 0.164716
0.00609645 0.99997 -0.00477679 -64.3006 -0.999861 0.00602164 -0.0155227 -34.1781 -0.0154935 0.00487076 0.999868 0.165352
0.00614848 0.999979 -0.0022333 -64.3043 -0.999916 0.00612264 -0.0113982 -35.1385 -0.0113842 0.00230319 0.999933 0.152652
0.00484698 0.999987 -0.0013686 -64.2695 -0.999928 0.0048316 -0.0110271 -35.9475 -0.0110203 0.00142195 0.999938 0.158103
0.00496464 0.999987 -0.000977632 -64.2786 -0.999893 0.00495068 -0.0137982 -37.6454 -0.0137932 0.00104603 0.999904 0.164509
0.00472741 0.999987 -0.00171784 -64.2909 -0.999804 0.00469352 -0.0192257 -38.421 -0.0192174 0.00180839 0.999814 0.130044
0.0038361 0.999991 -0.00157695 -64.2734 -0.999837 0.00380766 -0.0176559 -38.92 -0.0176497 0.00164443 0.999843 0.162459
0.0040484 0.999988 -0.00276292 -64.2796 -0.999847 0.00400082 -0.0170148 -39.4053 -0.0170036 0.00283138 0.999851 0.145658
0.00325055 0.999993 -0.00160474 -64.2642 -0.999873 0.00322506 -0.0156348 -40.1295 -0.0156295 0.00165536 0.999876 0.164241
0.00233549 0.999994 -0.00274368 -64.2633 -0.999865 0.00229048 -0.0162964 -40.6446 -0.01629 0.00278136 0.999863 0.148723
0.00259819 0.999979 -0.00586204 -64.2521 -0.999842 0.00249459 -0.0176131 -41.3516 -0.0175981 0.00590687 0.999828 0.163849
0.000416585 0.999981 -0.00616478 -64.2777 -0.999867 0.000315824 -0.0163366 -42.3902 -0.0163344 0.00617076 0.999848 0.180456
0.000132754 0.99999 -0.0045731 -64.2698 -0.999865 5.75851e-05 -0.0164334 -42.8458 -0.016433 0.00457467 0.999855 0.160926
6.52827e-05 0.999996 -0.00294398 -64.2376 -0.999777 3.14157e-06 -0.0211029 -43.741 -0.0211028 0.00294471 0.999773 0.160368
0.001682 0.999996 -0.00205317 -64.2587 -0.999697 0.00163107 -0.024559 -44.452 -0.0245556 0.00209386 0.999696 0.146101
-0.00241188 0.999997 -0.000417047 -64.2631 -0.999924 -0.00241676 -0.0121176 -46.0563 -0.0121186 0.000387789 0.999926 0.159783
-0.00160614 0.999994 -0.00303139 -64.2698 -0.999865 -0.00165549 -0.0163461 -46.771 -0.016351 0.00300472 0.999862 0.123376
-0.00368623 0.999993 -0.000153513 -64.2882 -0.999817 -0.00368846 -0.0187551 -48.1578 -0.0187555 8.43491e-05 0.999824 0.119194
-0.00557996 0.999983 -0.00136274 -64.3024 -0.99973 -0.0056093 -0.022571 -48.5939 -0.0225783 0.00123642 0.999744 0.152134
-0.00541077 0.999979 -0.00361787 -64.344 -0.999755 -0.00548714 -0.021443 -49.302 -0.0214624 0.00350096 0.999763 0.125582
-0.00686006 0.999932 -0.00946634 -64.331 -0.999829 -0.0070213 -0.017106 -50.2107 -0.0171713 0.00934737 0.999809 0.149377
-0.00960182 0.999741 -0.020648 -64.3177 -0.999808 -0.0099509 -0.0168702 -51.0019 -0.0170713 0.0204821 0.999644 0.0995697
-0.00899481 0.999649 -0.0249126 -64.304 -0.999793 -0.00944453 -0.0179936 -51.3065 -0.0182226 0.0247456 0.999528 0.104617
-0.0113187 0.999426 -0.0319318 -64.3302 -0.999642 -0.0120833 -0.0238566 -51.8045 -0.0242288 0.0316504 0.999205 0.0835456
-0.00989665 0.999435 -0.0321305 -64.3219 -0.999588 -0.0107537 -0.0266112 -52.1938 -0.0269417 0.0318539 0.999129 0.107223
0.0445615 0.99894 -0.0115477 -64.306 -0.998999 0.0445117 -0.00453115 -53.4994 -0.00401234 0.011738 0.999923 0.0644859
0.0875984 0.996119 -0.00851309 -64.2548 -0.996141 0.0875464 -0.00629869 -53.882 -0.00552895 0.00903199 0.999944 0.0967491
0.151484 0.988433 -0.00727665 -64.2022 -0.98844 0.15143 -0.00747148 -54.285 -0.00628316 0.00832433 0.999946 0.0832416
0.249503 0.96835 -0.00684036 -64.0331 -0.968362 0.249459 -0.00665777 -55.1503 -0.00474066 0.00828508 0.999954 0.0779512
0.258067 0.966104 -0.00664897 -63.8134 -0.966002 0.257917 -0.0178387 -56.0437 -0.0155192 0.0110265 0.999819 0.0997155
0.261303 0.965185 -0.0117778 -63.5385 -0.965161 0.261086 -0.0172659 -56.9709 -0.0135898 0.0158791 0.999782 0.101081
0.263943 0.964485 -0.0100914 -63.4471 -0.964428 0.26374 -0.0178817 -57.4118 -0.0145851 0.0144522 0.999789 0.0799839
0.269153 0.963081 -0.00572599 -63.2062 -0.96293 0.26899 -0.020238 -58.2855 -0.0179505 0.0109608 0.999779 0.0903456
0.260005 0.965607 0.000143372 -63.0971 -0.965483 0.259974 -0.0160316 -58.8672 -0.0155175 0.00402986 0.999871 0.097304
0.259911 0.965628 0.00296493 -62.9706 -0.965486 0.259924 -0.0166112 -59.3291 -0.0168109 0.00145485 0.999858 0.123418
0.262937 0.964811 -0.00217691 -62.5361 -0.964439 0.262771 -0.0284194 -60.8098 -0.0268473 0.00957199 0.999594 0.0914726
0.202488 0.979273 -0.00475848 -62.0492 -0.979153 0.202378 -0.0174179 -62.7402 -0.0160938 0.00818618 0.999837 0.0942394
0.104908 0.994471 -0.00469202 -61.9513 -0.994256 0.104783 -0.021804 -63.4739 -0.0211918 0.00695248 0.999751 0.109459
0.0597986 0.998206 -0.00290187 -61.9159 -0.998035 0.0597334 -0.0189155 -63.8935 -0.0187083 0.00402729 0.999817 0.103169
0.0378383 0.999277 -0.00359121 -61.8882 -0.999026 0.0377467 -0.0228377 -64.4513 -0.0226857 0.00445185 0.999733 0.0850638
0.0309314 0.999519 -0.00216434 -61.8841 -0.999198 0.0308663 -0.0254892 -64.9424 -0.0254101 0.00295102 0.999673 0.0790526
0.0241597 0.999707 -0.00161999 -61.8667 -0.999462 0.0241178 -0.022234 -65.386 -0.0221884 0.00215629 0.999751 0.0913597
0.022776 0.99974 0.000982779 -61.8506 -0.999587 0.0227897 -0.0175137 -65.7644 -0.0175315 -0.000583481 0.999846 0.0786877
0.0213025 0.999772 0.00110601 -61.8388 -0.999577 0.0213202 -0.0197938 -66.3166 -0.0198129 -0.000683888 0.999803 0.0805958
-0.0104242 0.999944 -0.00194473 -61.8242 -0.999837 -0.0104517 -0.0147304 -67.6701 -0.0147499 0.00179085 0.99989 0.0710231
-0.0106026 0.99994 -0.00269307 -61.8279 -0.999754 -0.010653 -0.01944 -68.0492 -0.0194675 0.0024863 0.999807 0.0953886
-0.0134998 0.999902 -0.00378294 -61.8304 -0.999718 -0.0135709 -0.0194689 -68.4692 -0.0195183 0.00351904 0.999803 0.0808766
0.00501231 0.999961 -0.00728888 -61.7637 -0.999836 0.0048847 -0.0174212 -69.5412 -0.0173849 0.007375 0.999822 0.115165
0.0211388 0.999757 -0.00619814 -61.7835 -0.999585 0.0210131 -0.0196843 -70.4422 -0.0195493 0.00661167 0.999787 0.043129
0.0415741 0.999095 -0.00899013 -61.7502 -0.9988 0.0413252 -0.0262948 -71.3557 -0.0258995 0.0100725 0.999614 0.0985271
0.0427135 0.999083 0.00286695 -61.7277 -0.999068 0.0427304 -0.00609642 -72.7159 -0.00621334 -0.00260388 0.999977 0.0719985
0.0440995 0.999026 -0.00141966 -61.6975 -0.99899 0.0440855 -0.00870794 -73.6546 -0.00863687 0.00180225 0.999961 0.0528348
0.0462545 0.998925 0.00309923 -61.6891 -0.998541 0.0463229 -0.0277483 -74.1157 -0.027862 -0.00181122 0.99961 0.170129
0.0431857 0.99904 -0.0072916 -61.6231 -0.998973 0.0430806 -0.0140112 -74.5428 -0.0136836 0.0078892 0.999875 0.0678933
0.045043 0.998962 -0.00677853 -61.5501 -0.99871 0.0448704 -0.0237617 -76.2245 -0.0234329 0.00784008 0.999695 0.102178
0.0402902 0.999175 -0.00501521 -61.4865 -0.999119 0.0402281 -0.0119257 -77.7591 -0.0117141 0.00549128 0.999916 0.0364996
0.0392912 0.9992 -0.0075207 -61.4146 -0.998997 0.0391192 -0.0217915 -79.0209 -0.0214798 0.00836937 0.999734 0.0957819
0.0383596 0.999259 -0.00319683 -61.4103 -0.999114 0.0382983 -0.0174362 -79.4859 -0.0173008 0.00386285 0.999843 0.0790026
0.0371014 0.999312 4.8368e-05 -61.3962 -0.999176 0.0370972 -0.0164734 -80.0352 -0.0164638 0.000562857 0.999864 0.0983657
0.0357332 0.999358 0.00253694 -61.3819 -0.999246 0.0357675 -0.0150769 -80.5093 -0.0151579 -0.00199628 0.999883 0.0667306
0.0215872 0.999763 0.00286335 -61.3483 -0.999564 0.0216405 -0.0200931 -81.5417 -0.0201503 -0.00242834 0.999794 0.113044
-0.00994265 0.99995 0.000894086 -61.3576 -0.999701 -0.00992019 -0.0223418 -82.0065 -0.0223318 -0.00111595 0.99975 0.092319
-0.0280295 0.999603 -0.00269313 -61.3549 -0.999413 -0.0280771 -0.0196424 -82.5084 -0.0197102 0.00214098 0.999803 0.0538721
-0.00196818 0.999992 -0.00356624 -61.3743 -0.999799 -0.00203884 -0.0199215 -83.2306 -0.0199286 0.00352632 0.999795 0.0457109
0.00360626 0.999992 -0.00167249 -61.3667 -0.999808 0.00357339 -0.0192571 -83.6636 -0.019251 0.00174161 0.999813 0.0726541
0.00701975 0.999972 -0.00256952 -61.3758 -0.999772 0.00696645 -0.0201966 -84.1516 -0.0201782 0.0027107 0.999793 0.0925868
0.00735571 0.999958 -0.00553307 -61.3696 -0.99973 0.00723198 -0.022059 -84.6524 -0.0220181 0.00569384 0.999741 0.0572436
0.00901971 0.999922 -0.00862273 -61.3389 -0.99978 0.00885447 -0.0190132 -85.1167 -0.0189353 0.00879233 0.999782 0.0388331
0.0113066 0.999894 -0.00912505 -61.3229 -0.999774 0.0111398 -0.0181321 -85.8697 -0.0180285 0.009328 0.999794 0.037913
0.00793328 0.999942 -0.00733575 -61.3496 -0.999751 0.0077785 -0.0208914 -86.5361 -0.0208332 0.00749966 0.999755 0.0228098
0.0106986 0.999925 -0.00593422 -61.3426 -0.999688 0.0105617 -0.0226367 -87.1037 -0.0225723 0.00617455 0.999726 0.0789125
0.00565261 0.999966 -0.00602729 -61.3435 -0.999776 0.00552824 -0.0204543 -89.2147 -0.0204203 0.00614156 0.999773 0.0171951
0.00675559 0.999938 -0.0088898 -61.3345 -0.999736 0.00655867 -0.0219962 -89.6824 -0.0219365 0.00903605 0.999718 0.0249486
0.00610246 0.99994 -0.00913903 -61.3421 -0.999752 0.00590511 -0.0214681 -90.2011 -0.0214129 0.00926777 0.999728 0.00483435
0.00510794 0.999918 -0.0117007 -61.3 -0.999775 0.00486576 -0.0206336 -91.1656 -0.020575 0.0118035 0.999719 -0.0175879
0.00241753 0.999955 -0.00920974 -61.3209 -0.999804 0.00223594 -0.0196773 -91.4488 -0.0196558 0.0092555 0.999764 -0.0204371
0.00401569 0.999948 -0.00936939 -61.3106 -0.99976 0.0038129 -0.0215625 -91.6283 -0.0215256 0.00945373 0.999724 -0.0121812
0.00479975 0.999933 -0.0105503 -61.308 -0.999831 0.00461138 -0.0178067 -92.222 -0.0177569 0.010634 0.999786 -0.00686661
0.00176156 0.999961 -0.00865781 -61.3329 -0.999787 0.00158323 -0.0205617 -92.979 -0.0205472 0.00869219 0.999751 0.00972123
0.000328725 0.999968 -0.0080415 -61.3316 -0.999901 0.000215496 -0.0140774 -93.5109 -0.0140752 0.00804533 0.999869 0.000955301
0.00271995 0.999908 -0.0132558 -61.3599 -0.999715 0.0024043 -0.0237701 -95.7475 -0.0237361 0.0133166 0.99963 -0.00214175
0.000395955 0.999962 -0.00870893 -61.3407 -0.99976 0.000205159 -0.0218981 -96.2974 -0.0218954 0.00871551 0.999722 -0.0176754
-0.000944163 0.99998 -0.00618668 -61.3431 -0.999726 -0.00108869 -0.0233996 -96.7018 -0.0234059 0.00616289 0.999707 -0.0318956
-0.00244556 0.999972 -0.00713192 -61.3335 -0.999757 -0.00260102 -0.0218712 -97.0407 -0.0218891 0.0070767 0.999735 0.00684213
-0.00286807 0.999988 -0.00404473 -61.3239 -0.999744 -0.00295804 -0.0224166 -98.7159 -0.0224283 0.0039794 0.99974 -0.0330994
-0.00181452 0.999996 -0.0019152 -61.329 -0.999594 -0.00186823 -0.0284233 -99.2176 -0.0284268 0.00186285 0.999594 -0.0168029
0.00672709 0.999973 -0.00294214 -61.3206 -0.999636 0.00664793 -0.026135 -99.7624 -0.0261147 0.00311689 0.999654 -0.0313022
0.00817361 0.999957 -0.00433794 -61.3094 -0.999758 0.00808315 -0.0204773 -100.199 -0.0204413 0.00450426 0.999781 -0.0370678
0.0095178 0.999938 -0.0057301 -61.2786 -0.999789 0.00941159 -0.0182864 -100.843 -0.0182313 0.00590294 0.999816 -0.0224198
0.00719985 0.999968 -0.00356269 -61.3041 -0.999727 0.00711886 -0.0222462 -101.739 -0.0222201 0.00372189 0.999746 -0.0291527
0.00909531 0.999951 -0.00402542 -61.3275 -0.999773 0.00901599 -0.0193018 -102.216 -0.0192646 0.00420006 0.999806 -0.0517328
0.00355489 0.999993 0.000944765 -61.3205 -0.999795 0.00357303 -0.0199469 -102.911 -0.0199501 -0.000873662 0.999801 -0.0544432
0.00386456 0.999985 -0.00384591 -61.307 -0.999685 0.00376795 -0.0248193 -103.934 -0.0248045 0.00394062 0.999685 -0.0233288
0.00485998 0.999987 -0.00136122 -61.288 -0.999919 0.00484359 -0.0117946 -106.06 -0.0117878 0.00141844 0.999929 -0.0767972
0.0039857 0.999991 0.001733 -61.2894 -0.999859 0.0040134 -0.0162853 -106.825 -0.0162921 -0.00166785 0.999866 -0.0575151
0.00305901 0.999966 -0.00767485 -61.2597 -0.999865 0.00293458 -0.0161716 -108.203 -0.0161485 0.00772329 0.99984 -0.0626554
0.00161999 0.999986 -0.00505608 -61.2814 -0.999871 0.00153894 -0.0159938 -108.863 -0.0159858 0.00508134 0.999859 -0.047482
0.00119379 0.999985 -0.00539428 -61.2707 -0.999935 0.00113231 -0.0113854 -110.117 -0.0113791 0.00540752 0.999921 -0.0288594
0.00311701 0.999948 -0.00971926 -61.256 -0.999983 0.00306908 -0.00494244 -111.061 -0.00491235 0.0097345 0.999941 -0.054212
0.000902194 0.999936 -0.0112784 -61.2933 -0.999887 0.000732639 -0.0150287 -112.014 -0.0150195 0.0112907 0.999823 -0.0498
0.00113966 0.999954 -0.00956738 -61.2812 -0.99994 0.00103564 -0.0108707 -112.526 -0.0108603 0.0095792 0.999895 -0.0328637
-0.00213582 0.999953 -0.00950871 -61.2929 -0.999904 -0.00226557 -0.0136561 -113.039 -0.013677 0.00947863 0.999861 -0.0632148
-0.000842362 0.999983 -0.00581841 -61.3084 -0.999817 -0.000953442 -0.0191148 -113.867 -0.01912 0.00580124 0.9998 -0.0483465
-0.00389673 0.999989 -0.00275819 -61.2853 -0.999835 -0.00394507 -0.0177412 -114.953 -0.0177519 0.0026886 0.999839 -0.0233085
-0.00562866 0.999931 -0.0102864 -61.2939 -0.999926 -0.00573878 -0.0107076 -115.526 -0.0107659 0.0102253 0.99989 -0.0285831
-0.00472183 0.999898 -0.0134725 -61.3145 -0.999903 -0.00489709 -0.0130051 -116.103 -0.0130698 0.0134098 0.999825 -0.0483891
-0.00388743 0.999925 -0.011603 -61.2822 -0.999848 -0.00408363 -0.0169347 -117.564 -0.0169808 0.0115354 0.999789 -0.0563238
-0.00415434 0.999902 -0.0133925 -61.2819 -0.999844 -0.00438357 -0.0171324 -118.738 -0.0171894 0.0133192 0.999763 -0.0775308
-0.00800823 0.999897 -0.0118749 -61.347 -0.999768 -0.00824335 -0.0198848 -120.296 -0.0199806 0.0117129 0.999732 -0.115787
-0.00863278 0.999915 -0.00977037 -61.3459 -0.999778 -0.00881879 -0.0191584 -121.127 -0.0192429 0.0096028 0.999769 -0.0914771
-0.0093649 0.999909 -0.00971375 -61.3576 -0.999831 -0.00951667 -0.0156971 -122.008 -0.0157881 0.00956511 0.99983 -0.0759788
-0.00758801 0.999941 -0.00777401 -61.3643 -0.999843 -0.00771108 -0.0159249 -122.555 -0.0159839 0.00765195 0.999843 -0.065685
-0.00801208 0.999931 -0.00858137 -61.3592 -0.9998 -0.00816767 -0.0182522 -123.172 -0.0183211 0.00843342 0.999797 -0.0941174
-0.00984867 0.999947 -0.00313107 -61.4073 -0.999829 -0.00989639 -0.0156095 -125.786 -0.0156397 0.00297681 0.999873 -0.112166
-0.00920714 0.999956 -0.00203845 -61.4209 -0.999772 -0.00924471 -0.0192601 -126.411 -0.0192781 0.00186065 0.999812 -0.0640484
-0.0110552 0.999931 -0.00386735 -61.4242 -0.999725 -0.0111328 -0.0206592 -126.943 -0.0207009 0.00363789 0.999779 -0.0969903
-0.00898604 0.99992 -0.00888637 -61.4166 -0.999573 -0.00922936 -0.0277302 -128.375 -0.02781 0.00863339 0.999576 -0.103965
-0.0112574 0.999907 -0.00772748 -61.4148 -0.999557 -0.0114656 -0.0274496 -129.276 -0.0275356 0.00741505 0.999593 -0.128453
-0.0109204 0.999906 -0.00833718 -61.4107 -0.999761 -0.0110759 -0.0188343 -130.168 -0.0189248 0.00812951 0.999788 -0.0990001
-0.0119339 0.999874 -0.0104366 -61.4174 -0.999829 -0.0120795 -0.0139995 -130.98 -0.0141238 0.0102678 0.999848 -0.173511
-0.0132412 0.999869 -0.00929347 -61.4393 -0.999818 -0.0133672 -0.01363 -131.862 -0.0137524 0.0091113 0.999864 -0.178937
-0.010948 0.999919 -0.00655081 -61.4328 -0.999746 -0.0110746 -0.0196086 -132.755 -0.0196796 0.00633448 0.999786 -0.166478
-0.0137139 0.999885 -0.00644278 -61.481 -0.999709 -0.0138389 -0.0197807 -133.28 -0.0198676 0.00616963 0.999784 -0.167256
-0.0107845 0.999909 -0.00806344 -61.4577 -0.99966 -0.0109724 -0.0236368 -133.837 -0.0237231 0.00780579 0.999688 -0.143091
-0.0157708 0.999848 -0.00743912 -61.491 -0.9996 -0.0159409 -0.0233821 -134.424 -0.0234971 0.00706738 0.999699 -0.133865
-0.0152276 0.999868 -0.00565151 -61.4981 -0.999639 -0.0153487 -0.0220411 -134.989 -0.022125 0.00531384 0.999741 -0.127712
-0.0133782 0.99989 -0.00633886 -61.4897 -0.999701 -0.0135048 -0.0203696 -135.499 -0.020453 0.00606446 0.999772 -0.167305
-0.0149495 0.99985 -0.00876397 -61.4916 -0.999732 -0.0151016 -0.0175481 -136.614 -0.0176778 0.00849929 0.999808 -0.125269
-0.0144136 0.999871 -0.00706062 -61.4985 -0.999758 -0.0145287 -0.0165287 -137.114 -0.0166292 0.00682067 0.999838 -0.178741
-0.0175847 0.999792 -0.0102994 -61.4928 -0.999691 -0.0177619 -0.0173787 -137.635 -0.017558 0.00999065 0.999796 -0.162925
-0.0176156 0.999822 -0.00682552 -61.553 -0.999612 -0.0177585 -0.0214733 -138.16 -0.0215907 0.00644461 0.999746 -0.156931
-0.0177464 0.999828 -0.00543713 -61.5394 -0.999595 -0.0178626 -0.0221367 -138.714 -0.02223 0.00504209 0.99974 -0.174687
-0.0190886 0.999761 -0.0106323 -61.579 -0.99965 -0.0192791 -0.0181157 -140.011 -0.0183164 0.0102828 0.999779 -0.217318
-0.0223851 0.999707 -0.0092389 -61.5901 -0.999469 -0.0225968 -0.0234893 -140.452 -0.0236912 0.00870818 0.999681 -0.210939
-0.0351676 0.999336 -0.00956725 -61.5515 -0.999209 -0.035338 -0.0182645 -141.375 -0.0185904 0.00891736 0.999787 -0.223953
-0.0731094 0.997257 -0.0115853 -61.5629 -0.997082 -0.0733425 -0.02116 -141.898 -0.0219516 0.0100045 0.999709 -0.26394
-0.0846667 0.996351 -0.0107925 -61.6503 -0.996208 -0.0848625 -0.0192031 -142.06 -0.0200489 0.00912573 0.999757 -0.225448
-0.0956975 0.995365 -0.00951943 -61.6141 -0.995172 -0.0958795 -0.0209816 -142.188 -0.0217971 0.00746557 0.999735 -0.22264
-0.178301 0.983901 -0.0121744 -61.7555 -0.98371 -0.178527 -0.0210406 -143.139 -0.0228753 0.00822454 0.999704 -0.213613
-0.247373 0.968838 -0.0126148 -61.9483 -0.968584 -0.247609 -0.0231469 -143.804 -0.0255492 0.00649255 0.999652 -0.255224
-0.271064 0.962443 -0.0150715 -62.0629 -0.962218 -0.271352 -0.0224488 -144.237 -0.0256953 0.00841703 0.999634 -0.215207
-0.289043 0.957229 -0.0129371 -62.5312 -0.957117 -0.289232 -0.0165067 -145.707 -0.0195425 0.00761116 0.99978 -0.268865
-0.287376 0.957696 -0.0152863 -62.6333 -0.957623 -0.287602 -0.0155763 -146.137 -0.0193137 0.0101622 0.999762 -0.274287
-0.287165 0.9578 -0.012454 -62.7522 -0.957699 -0.287339 -0.0157766 -146.596 -0.0186894 0.00739674 0.999798 -0.27164
-0.284634 0.95846 -0.0183717 -63.0206 -0.958367 -0.284956 -0.0182484 -147.373 -0.0227255 0.0124127 0.999665 -0.241735
-0.295837 0.954987 -0.0219212 -63.1338 -0.954958 -0.296228 -0.0174533 -147.848 -0.0231613 0.0157705 0.999607 -0.286225
-0.364237 0.93079 -0.0309884 -63.4503 -0.93102 -0.364748 -0.012651 -148.798 -0.0230784 0.0242428 0.99944 -0.38255
-0.405931 0.913682 -0.0201332 -63.613 -0.913763 -0.406157 -0.00861744 -149.216 -0.0160508 0.0148989 0.99976 -0.28128
-0.474991 0.87973 -0.021408 -63.9656 -0.879816 -0.47524 -0.00835135 -149.849 -0.0175209 0.0148683 0.999736 -0.282513
-0.530233 0.847601 -0.0206448 -64.279 -0.847587 -0.530519 -0.0120839 -150.406 -0.0211948 0.011091 0.999714 -0.308384
-0.55877 0.829014 -0.0226322 -64.4578 -0.82889 -0.559152 -0.0170546 -150.687 -0.0267933 0.00922998 0.999598 -0.305834
-0.582995 0.81229 -0.0173809 -64.5949 -0.812163 -0.583231 -0.0152652 -150.908 -0.0225369 0.00521658 0.999732 -0.293037
-0.592326 0.805487 -0.0184576 -64.7128 -0.805359 -0.592586 -0.0154566 -151 -0.0233878 0.00570965 0.99971 -0.319422
-0.618398 0.78572 -0.015098 -65.1261 -0.785565 -0.618579 -0.0157399 -151.523 -0.0217064 0.00212697 0.999762 -0.31604
-0.627018 0.778932 -0.0105999 -65.4554 -0.778795 -0.627107 -0.0146344 -151.935 -0.0180464 -0.000920877 0.999837 -0.314561
-0.636249 0.771397 -0.0115593 -65.8353 -0.771275 -0.636354 -0.0137151 -152.422 -0.0179356 0.000189148 0.999839 -0.333012
-0.641498 0.767045 -0.0110518 -66.1009 -0.766926 -0.641593 -0.0135155 -152.75 -0.0174577 -0.000194252 0.999847 -0.33057
-0.680443 0.732699 -0.0122115 -66.5635 -0.732608 -0.680552 -0.0115839 -153.317 -0.016798 0.00106406 0.999858 -0.34187
-0.704582 0.709502 -0.0130667 -66.8561 -0.709338 -0.704701 -0.0153546 -153.598 -0.0201023 -0.00154991 0.999797 -0.376321
-0.730089 0.683178 -0.0154259 -67.1226 -0.682945 -0.730248 -0.018014 -153.852 -0.0235715 -0.0026168 0.999719 -0.371136
-0.788362 0.615008 -0.015836 -67.7842 -0.614213 -0.788287 -0.0367025 -154.497 -0.0350556 -0.0192082 0.999201 -0.365186
-0.833348 0.552674 -0.00907727 -68.2557 -0.552474 -0.83334 -0.0178197 -154.853 -0.0174129 -0.00983506 0.9998 -0.415133
-0.904746 0.425889 -0.0073353 -69.0377 -0.425853 -0.904772 -0.00606329 -155.246 -0.00921907 -0.00236198 0.999955 -0.310409
-0.931612 0.362891 -0.0202171 -69.3836 -0.363098 -0.93172 0.00763211 -155.384 -0.0160671 0.014451 0.999766 -0.328868
-0.942483 0.333312 -0.0250663 -69.595 -0.333706 -0.942581 0.0134797 -155.46 -0.019134 0.0210692 0.999595 -0.338435
-0.95318 0.301534 -0.0229273 -69.7107 -0.30176 -0.953357 0.00708308 -155.434 -0.0197222 0.01367 0.999712 -0.359009
-0.964509 0.263566 -0.0160055 -70.1545 -0.263823 -0.964422 0.0169299 -155.511 -0.0109739 0.0205516 0.999729 -0.414325
-0.966492 0.256116 -0.0172358 -70.5147 -0.256383 -0.96645 0.015591 -155.6 -0.0126644 0.0194875 0.99973 -0.365431
-0.987353 0.158035 -0.0126284 -71.6972 -0.15834 -0.986971 0.0285642 -155.942 -0.00794969 0.0302025 0.999512 -0.322682
-0.998234 0.0580701 -0.0125247 -72.3064 -0.0584403 -0.997792 0.0315579 -155.995 -0.0106644 0.0322341 0.999423 -0.345986
-0.999415 0.0310777 -0.0142693 -72.8003 -0.0314375 -0.999175 0.0257203 -155.96 -0.0134582 0.0261538 0.999567 -0.372412
-0.999785 0.0143739 -0.0149265 -73.6077 -0.0147837 -0.999506 0.0277159 -155.969 -0.0145208 0.0279306 0.999504 -0.364006
-0.999831 0.00913873 -0.0159797 -74.104 -0.00962458 -0.999485 0.0305963 -155.956 -0.0156919 0.0307449 0.999404 -0.337236
-0.999899 0.00438566 -0.0135109 -74.4578 -0.0047322 -0.999658 0.0257249 -156.001 -0.0133935 0.0257862 0.999578 -0.317189
-0.999861 0.00184184 -0.0165931 -75.3467 -0.00225577 -0.999686 0.0249618 -155.992 -0.0165419 0.0249957 0.999551 -0.321567
-0.999967 -9.57325e-05 -0.00811178 -76.1908 -9.02594e-05 -0.999737 0.0229251 -155.981 -0.00811184 0.0229251 0.999704 -0.367618
-0.999868 -0.00173218 -0.0161347 -76.9347 0.00145993 -0.999857 0.01687 -155.997 -0.0161616 0.0168443 0.999727 -0.310274
-0.999944 -0.00108132 -0.0105218 -77.8664 0.000834999 -0.999726 0.023387 -156.001 -0.0105443 0.0233769 0.999671 -0.279569
-0.999447 0.0329404 -0.00457485 -78.7883 -0.0330473 -0.999124 0.0256902 -156.027 -0.00372459 0.0258272 0.999659 -0.294196
-0.999192 0.0340963 -0.0212726 -79.2704 -0.0346723 -0.999025 0.027325 -156.035 -0.0203202 0.0280405 0.9994 -0.315076
-0.999259 0.0355528 -0.0147425 -80.1584 -0.035909 -0.999051 0.0246422 -156.087 -0.0138524 0.0251533 0.999588 -0.297412
-0.999226 0.0372489 -0.0126141 -80.5998 -0.0375542 -0.998984 0.024902 -156.092 -0.0116737 0.0253564 0.99961 -0.314932
-0.999265 0.0371646 -0.00936676 -81.016 -0.0373827 -0.999006 0.0242982 -156.08 -0.00845442 0.0246305 0.999661 -0.331702
-0.999173 0.0399853 -0.00742062 -82.1996 -0.0401529 -0.998905 0.0240019 -156.153 -0.00645278 0.02428 0.999684 -0.343914
-0.999227 0.0382183 -0.00926234 -82.7236 -0.038401 -0.999054 0.0204175 -156.17 -0.00847326 0.0207573 0.999749 -0.273746
-0.999152 0.0391261 -0.0128382 -83.1922 -0.0394405 -0.998903 0.025226 -156.18 -0.0118371 0.025711 0.999599 -0.283414
-0.999236 0.0371748 -0.0120436 -85.0084 -0.0374468 -0.999029 0.0232148 -156.237 -0.0111689 0.023648 0.999658 -0.295701
-0.999374 0.0340724 -0.00948215 -86.001 -0.0342899 -0.999128 0.0238041 -156.296 -0.00866283 0.0241144 0.999672 -0.290583
-0.999286 0.0359477 -0.0116083 -86.9059 -0.0361587 -0.999175 0.0185118 -156.325 -0.0109332 0.0189183 0.999761 -0.268131
-0.999255 0.0368023 -0.0115987 -87.3712 -0.0370384 -0.999096 0.0208448 -156.346 -0.0108211 0.0212589 0.999715 -0.2073
-0.999193 0.0357657 -0.0182513 -88.2848 -0.0361778 -0.999086 0.0227688 -156.365 -0.0174202 0.0234108 0.999574 -0.301481
-0.99947 0.0313674 -0.00873546 -88.9933 -0.0315098 -0.999364 0.0166728 -156.396 -0.00820692 0.0169392 0.999823 -0.250051
-0.99928 0.0365163 -0.010293 -89.6314 -0.0367108 -0.999138 0.0193918 -156.439 -0.00957598 0.0197557 0.999759 -0.223269
-0.999403 0.0322073 -0.0125306 -90.2721 -0.0325288 -0.999123 0.0263591 -156.483 -0.0116707 0.026751 0.999574 -0.257794
-0.999356 0.0315315 -0.0171216 -90.6978 -0.0319146 -0.999235 0.0225863 -156.497 -0.0163963 0.0231182 0.999598 -0.221976
-0.999485 0.0241947 -0.0210617 -91.4359 -0.0247704 -0.999314 0.0275146 -156.531 -0.0203815 0.0280221 0.999399 -0.247356
-0.999686 0.0247171 -0.00417914 -91.838 -0.0248091 -0.999413 0.0236136 -156.527 -0.00359303 0.0237098 0.999712 -0.240374
-0.999904 0.00630684 -0.012373 -92.7363 -0.00664293 -0.999605 0.0273129 -156.544 -0.0121959 0.0273925 0.99955 -0.297461
-0.999886 0.00310943 -0.014741 -94.6315 -0.00340963 -0.999786 0.0203839 -156.529 -0.0146745 0.0204319 0.999683 -0.277379
-0.999846 0.000826675 -0.017528 -95.0051 -0.00118305 -0.999793 0.0203313 -156.531 -0.0175076 0.0203489 0.99964 -0.275771
-0.999871 -0.00122446 -0.0160014 -95.3033 0.000884582 -0.999774 0.0212301 -156.518 -0.0160238 0.0212132 0.999647 -0.296078
-0.999922 -0.00150707 -0.0123823 -95.5974 0.00128592 -0.99984 0.0178485 -156.542 -0.0124073 0.0178312 0.999764 -0.258031
-0.998565 0.000796417 0.0535403 -96.2124 0.000237913 -0.999814 0.0193096 -156.534 0.0535457 0.0192946 0.998379 -0.326231
-0.99955 -0.0138348 -0.0266293 -96.6672 0.0134339 -0.999795 0.0151762 -156.529 -0.0268338 0.0148116 0.99953 -0.276114
-0.997259 -0.0128598 -0.0728592 -96.7784 0.0114528 -0.99974 0.0196958 -156.55 -0.0730936 0.0188074 0.997148 -0.266736
-0.999549 -0.0114537 -0.0277573 -97.1555 0.0108423 -0.999697 0.0220786 -156.529 -0.0280018 0.0217677 0.999371 -0.370711
-0.999932 0.000305672 -0.0116731 -97.5322 -0.00051609 -0.999837 0.0180272 -156.481 -0.0116657 0.018032 0.999769 -0.280512
-0.999895 0.00958133 -0.0109138 -98.8431 -0.00978055 -0.999784 0.0183498 -156.513 -0.0107356 0.0184546 0.999772 -0.257764
-0.99989 0.00985001 -0.0111076 -99.312 -0.0100776 -0.999737 0.0206199 -156.543 -0.0109016 0.0207296 0.999726 -0.28709
-0.999906 0.0101949 -0.00920918 -99.8115 -0.0103767 -0.999748 0.0199148 -156.533 -0.00900382 0.0200084 0.999759 -0.267686
-0.999911 0.00868559 -0.0101735 -100.914 -0.00890502 -0.999724 0.0217254 -156.547 -0.00998203 0.021814 0.999712 -0.251481
-0.999903 0.00796417 -0.0114054 -102.108 -0.00821869 -0.999714 0.0224458 -156.527 -0.0112234 0.0225374 0.999683 -0.223816
-0.999813 0.00690993 -0.0180403 -102.883 -0.00727838 -0.999765 0.0204386 -156.556 -0.0178948 0.0205661 0.999628 -0.230536
-0.999917 0.00630714 -0.0112628 -104.294 -0.00654253 -0.999758 0.0209867 -156.555 -0.0111277 0.0210586 0.999716 -0.233852
-0.999866 0.00739958 -0.0145868 -105.402 -0.00771188 -0.99974 0.0214715 -156.556 -0.0144241 0.0215812 0.999663 -0.242834
-0.999879 0.00571396 -0.0144333 -106.513 -0.00602837 -0.999743 0.021835 -156.579 -0.0143048 0.0219194 0.999657 -0.282521
-0.999863 0.00615332 -0.0153706 -107.553 -0.00646066 -0.999779 0.0200258 -156.569 -0.015244 0.0201223 0.999681 -0.294435
-0.999872 0.00411989 -0.0154808 -108.86 -0.00443728 -0.99978 0.0205239 -156.573 -0.0153928 0.0205899 0.999669 -0.231874
-0.99987 0.00375748 -0.015651 -109.967 -0.00411197 -0.999734 0.0226795 -156.583 -0.0155616 0.0227409 0.99962 -0.227716
-0.999894 0.00359764 -0.0140738 -110.512 -0.00393411 -0.999705 0.0239537 -156.595 -0.0139834 0.0240065 0.999614 -0.243816
-0.999877 0.00350838 -0.0152946 -112.426 -0.00379376 -0.999819 0.0186701 -156.596 -0.0152263 0.0187258 0.999709 -0.245289
-0.999835 0.000715936 -0.0181538 -113.193 -0.00102032 -0.999859 0.0167632 -156.582 -0.0181392 0.0167789 0.999695 -0.273716
-0.999909 -0.0010422 -0.0134544 -113.769 0.000790636 -0.999825 0.0186889 -156.582 -0.0134715 0.0186766 0.999735 -0.296456
-0.999895 -0.000178209 -0.0145041 -114.331 -9.76239e-05 -0.999819 0.0190147 -156.609 -0.0145048 0.0190141 0.999714 -0.298193
-0.999918 0.000654238 -0.0128203 -114.855 -0.000890163 -0.99983 0.0184054 -156.601 -0.0128061 0.0184153 0.999748 -0.272297
-0.99985 -0.00214877 -0.0172002 -115.704 0.00182854 -0.999825 0.0186123 -156.609 -0.0172372 0.018578 0.999679 -0.278448
-0.999863 -0.00516063 -0.0157003 -117.66 0.00479178 -0.999714 0.0234407 -156.596 -0.0158168 0.0233623 0.999602 -0.322876
-0.999937 -0.00410912 -0.0104301 -120.207 0.00390015 -0.999793 0.019977 -156.57 -0.01051 0.019935 0.999746 -0.252116
-0.999881 -0.00577951 -0.0143072 -121.332 0.00548396 -0.999773 0.020611 -156.547 -0.014423 0.0205301 0.999685 -0.286425
-0.999964 -0.00518532 -0.00672207 -121.919 0.00504661 -0.999777 0.020491 -156.557 -0.00682683 0.0204564 0.999767 -0.278779
-0.999728 -0.00725874 0.0221579 -122.497 0.0079258 -0.999513 0.0301669 -156.511 0.0219282 0.0303344 0.999299 -0.179134
-0.999975 -0.00640598 -0.00314768 -123.08 0.00630719 -0.999516 0.030453 -156.544 -0.00334124 0.0304324 0.999531 -0.204836
-0.999862 -0.0107182 -0.0126908 -124.182 0.010459 -0.999739 0.0203242 -156.452 -0.0129054 0.0201887 0.999713 -0.306947
-0.999849 -0.0116204 -0.0129044 -125.315 0.0113647 -0.999741 0.0197111 -156.45 -0.0131301 0.0195615 0.999722 -0.276877
-0.99983 -0.012737 -0.0133126 -125.888 0.0124773 -0.999734 0.019415 -156.448 -0.0135563 0.0192456 0.999723 -0.303187
-0.999828 -0.0142605 -0.011881 -126.747 0.0140082 -0.99968 0.0210504 -156.451 -0.0121774 0.0208804 0.999708 -0.277074
-0.999685 -0.0225895 -0.010946 -128.099 0.0223315 -0.999483 0.0231467 -156.425 -0.0114632 0.0228949 0.999672 -0.264539
-0.999625 -0.0268588 -0.00528777 -129.154 0.0267537 -0.999461 0.0190407 -156.381 -0.00579633 0.0188921 0.999805 -0.2594
-0.999209 -0.0386788 -0.00927402 -129.986 0.0385246 -0.999125 0.0162646 -156.329 -0.00989501 0.0158945 0.999825 -0.242192
-0.998514 -0.0539271 -0.00785835 -131.571 0.0537544 -0.998339 0.0207321 -156.265 -0.00896331 0.0202789 0.999754 -0.234012
-0.998438 -0.0546435 -0.0116001 -132.121 0.0543881 -0.998293 0.0213008 -156.249 -0.0127443 0.0206366 0.999706 -0.241845
-0.998444 -0.0550076 -0.0090945 -132.916 0.0548399 -0.998337 0.017759 -156.188 -0.0100563 0.0172326 0.999801 -0.204854
-0.99849 -0.0541272 -0.00933887 -133.485 0.0538985 -0.998277 0.023209 -156.168 -0.010579 0.0226706 0.999687 -0.267995
-0.998386 -0.0558175 -0.0104699 -134.948 0.0556214 -0.998287 0.0181711 -156.097 -0.0114662 0.0175595 0.99978 -0.27483
-0.99848 -0.0541697 -0.0101814 -136.09 0.0539782 -0.998376 0.0182234 -156.027 -0.011152 0.0176461 0.999782 -0.223507
-0.998378 -0.055262 -0.0136926 -137.533 0.0550246 -0.998338 0.0171524 -155.945 -0.0146177 0.0163711 0.999759 -0.244564
-0.998391 -0.0547016 -0.0149151 -138.411 0.0544375 -0.998363 0.0175706 -155.894 -0.0158518 0.0167304 0.999734 -0.243648
-0.998309 -0.056366 -0.0141791 -139.828 0.0561153 -0.998271 0.0174969 -155.831 -0.0151409 0.0166717 0.999746 -0.235044
-0.984198 -0.176818 -0.00942708 -150.517 0.17651 -0.983927 0.0270662 -154.872 -0.0140613 0.0249745 0.999589 -0.156708
-0.983777 -0.179284 -0.00631558 -150.969 0.179125 -0.983618 0.0202647 -154.81 -0.00984524 0.0188046 0.999775 -0.150589
-0.982437 -0.186536 -0.00463785 -152.974 0.186389 -0.982219 0.0224554 -154.424 -0.00874412 0.0211966 0.999737 -0.130435
-0.982851 -0.184128 -0.0100584 -153.474 0.183851 -0.982668 0.0237148 -154.335 -0.0142506 0.0214589 0.999668 -0.159538
-0.981708 -0.190019 -0.0119594 -154.44 0.189719 -0.981578 0.022617 -154.089 -0.0160368 0.0199344 0.999673 -0.169447
-0.981878 -0.189478 -0.00361713 -155.176 0.189344 -0.981632 0.023397 -153.967 -0.0079839 0.0222881 0.99972 -0.12766
-0.978416 -0.206554 0.00614321 -155.67 0.206641 -0.97816 0.0223968 -153.879 0.00138288 0.0231828 0.99973 -0.147872
-0.971772 -0.235914 0.00212654 -156.376 0.235901 -0.971515 0.0225743 -153.739 -0.00325961 0.0224387 0.999743 -0.127153
-0.969365 -0.245167 -0.0149911 -157.309 0.244913 -0.969397 0.0169654 -153.464 -0.0186917 0.0127742 0.999744 -0.153507
-0.966247 -0.25746 -0.00902346 -157.841 0.257277 -0.966177 0.0176186 -153.349 -0.0132543 0.0147024 0.999804 -0.172078
-0.960744 -0.277413 -0.00366201 -158.542 0.277289 -0.960577 0.0200535 -153.174 -0.00908075 0.0182508 0.999792 -0.148158
-0.944075 -0.32966 -0.00688396 -159.429 0.329451 -0.943927 0.0215522 -152.843 -0.0136028 0.018079 0.999744 -0.162431
-0.939053 -0.343607 -0.0106854 -160.291 0.343292 -0.938929 0.0237366 -152.538 -0.0181889 0.0186217 0.999661 -0.0642099
-0.938373 -0.34561 0.00313726 -160.74 0.345584 -0.938085 0.0238251 -152.407 -0.00529118 0.023441 0.999711 -0.125797
-0.940758 -0.338944 -0.00954557 -161.13 0.338588 -0.940538 0.0273085 -152.22 -0.018234 0.0224587 0.999581 -0.121985
-0.952686 -0.303956 -0.000115546 -162.429 0.303891 -0.952492 0.0202484 -151.797 -0.00626466 0.0192552 0.999795 -0.152915
-0.950986 -0.309211 -0.00370588 -162.957 0.309075 -0.950815 0.0205643 -151.694 -0.00988232 0.018411 0.999782 -0.13823
-0.940843 -0.338809 -0.00489582 -165.095 0.338719 -0.94079 0.0135892 -150.883 -0.00921007 0.011127 0.999896 -0.136987
-0.923143 -0.38441 -0.00593745 -166.187 0.384251 -0.923045 0.0184359 -150.498 -0.0125675 0.0147375 0.999812 -0.0999617
-0.918432 -0.39553 -0.00627696 -166.634 0.395283 -0.918242 0.0241372 -150.293 -0.0153107 0.0196872 0.999689 -0.0918996
-0.906396 -0.422314 -0.00987767 -167.646 0.42225 -0.906444 0.00793854 -149.892 -0.0123061 0.00302461 0.99992 -0.130655
-0.886044 -0.463486 -0.0103218 -168.127 0.463448 -0.886104 0.00596098 -149.691 -0.011909 0.000498067 0.999929 -0.142563
-0.869116 -0.494324 -0.0167554 -168.613 0.494365 -0.869253 0.00189816 -149.343 -0.015503 -0.00663355 0.999858 -0.179897
-0.863491 -0.503796 -0.0239506 -170.385 0.503924 -0.863748 0.000794572 -148.353 -0.0210876 -0.0113832 0.999713 -0.14338
-0.864611 -0.50207 -0.0193327 -171.183 0.502253 -0.864701 -0.00587624 -147.85 -0.0137667 -0.0147906 0.999796 -0.123144
-0.864031 -0.502899 -0.023301 -172.134 0.503241 -0.864062 -0.0120252 -147.341 -0.0140861 -0.0221162 0.999656 -0.0942062
-0.864549 -0.501963 -0.0242636 -172.909 0.502312 -0.864615 -0.0110947 -146.887 -0.0154095 -0.0217798 0.999644 -0.080029
-0.863977 -0.502978 -0.0236005 -175.788 0.503274 -0.864084 -0.00857496 -145.242 -0.0160798 -0.0192861 0.999685 -0.0838608
-0.735297 -0.677119 -0.0291216 -177.02 0.677474 -0.73554 -0.00329407 -144.429 -0.0191896 -0.0221513 0.99957 -0.0918482
-0.678275 -0.734191 -0.0301017 -177.413 0.734612 -0.678472 -0.0046858 -143.967 -0.0169829 -0.0252913 0.999536 -0.111741
-0.60702 -0.794359 -0.0228044 -178.096 0.794647 -0.607027 -0.00741202 -143.323 -0.00795504 -0.0226207 0.999712 -0.0981251
-0.474124 -0.880213 -0.0207676 -178.402 0.88045 -0.474088 -0.00694463 -142.733 -0.00373291 -0.0215774 0.99976 -0.093845
-0.392129 -0.919694 -0.0199412 -178.536 0.919902 -0.392123 -0.00434658 -142.366 -0.0038219 -0.0200484 0.999792 -0.0904754
-0.361243 -0.932262 -0.0197819 -178.764 0.932449 -0.361302 -0.000637017 -141.746 -0.00655336 -0.0186757 0.999804 -0.0990385
-0.351746 -0.93594 -0.017075 -179.201 0.936095 -0.351707 -0.00534694 -140.556 -0.00100096 -0.0178646 0.99984 -0.0876849
-0.351494 -0.936056 -0.0158741 -179.376 0.936187 -0.351486 -0.00340338 -140.18 -0.00239378 -0.0160574 0.999868 -0.0777082
-0.352036 -0.93581 -0.0181799 -179.572 0.935947 -0.352133 0.0023287 -139.525 -0.00858098 -0.0161957 0.999832 -0.0925286
-0.351159 -0.936192 -0.0152183 -179.732 0.936287 -0.351229 0.002108 -139.141 -0.00731861 -0.0135085 0.999882 -0.118183
-0.350877 -0.936413 -0.00390138 -180.38 0.93632 -0.350897 0.0132595 -137.296 -0.0137854 0.000999526 0.999904 -0.0738454
-0.350352 -0.936617 -0.00165859 -180.704 0.93647 -0.350327 0.0171792 -136.424 -0.0166714 0.00446556 0.999851 -0.081993
-0.348665 -0.937247 -0.00124565 -181.02 0.937063 -0.348622 0.0193895 -135.621 -0.018607 0.00559319 0.999811 -0.0995529
-0.363012 -0.931784 0.000736324 -181.363 0.931565 -0.36291 0.021976 -134.76 -0.0202097 0.00866351 0.999758 -0.0929822
-0.368733 -0.929535 0.000438603 -181.527 0.929337 -0.368645 0.0208317 -134.375 -0.0192021 0.00808894 0.999783 -0.0923813
-0.3909 -0.920428 0.00300702 -182.098 0.920391 -0.39085 0.0107747 -132.957 -0.00874209 0.00697949 0.999937 -0.112717
-0.390653 -0.920536 0.00178084 -182.29 0.920459 -0.390593 0.013845 -132.492 -0.0120492 0.00704778 0.999903 -0.0804371
-0.3927 -0.919663 -0.00240079 -182.441 0.919107 -0.392551 0.0338505 -132.091 -0.0320735 0.0110865 0.999424 -0.125388
-0.391979 -0.91997 0.00265136 -182.902 0.919887 -0.391901 0.0148661 -131.016 -0.0126373 0.00826617 0.999886 -0.0773024
-0.392738 -0.919566 0.0124472 -184.059 0.919532 -0.392435 0.0213442 -128.369 -0.0147427 0.0198283 0.999695 -0.0582058
-0.383377 -0.923276 0.0241639 -184.244 0.92318 -0.382294 0.039878 -127.958 -0.0275807 0.0375959 0.998912 -0.0243757
-0.377853 -0.925231 0.0342594 -184.375 0.925771 -0.377026 0.02828 -127.583 -0.0132489 0.0424021 0.999013 0.0326804
-0.37256 -0.927822 0.0185717 -184.647 0.927984 -0.372332 0.0146701 -126.963 -0.00669642 0.0226997 0.99972 -0.0181961
-0.373129 -0.927691 0.0127824 -184.872 0.927691 -0.372869 0.0189167 -126.361 -0.0127827 0.0189165 0.999739 -0.0114331
-0.370797 -0.928645 0.0112835 -185.193 0.928632 -0.370575 0.0178108 -125.573 -0.0123585 0.0170825 0.999778 -0.0306396
-0.373039 -0.927759 0.0102589 -185.517 0.927649 -0.372739 0.0231008 -124.776 -0.0176081 0.0181341 0.99968 -0.0343521
-0.373757 -0.927475 0.00976347 -185.684 0.92743 -0.373546 0.0183426 -124.37 -0.0133652 0.0159106 0.999784 -0.0136053
-0.372692 -0.927934 0.00625907 -185.916 0.927832 -0.372523 0.0188385 -123.798 -0.0151492 0.0128283 0.999803 -0.0415639
-0.373013 -0.927792 0.00795395 -186.225 0.927786 -0.372904 0.0124857 -123.05 -0.00861803 0.0120369 0.99989 -0.0543799
-0.370245 -0.928919 0.00519765 -186.959 0.928828 -0.370112 0.0171905 -121.253 -0.0140449 0.0111924 0.999839 0.0239281
-0.371328 -0.928502 5.03937e-05 -187.246 0.928443 -0.371304 0.0112504 -120.462 -0.0104273 0.00422438 0.999937 0.0113067
-0.372343 -0.928092 -0.00234476 -187.484 0.928043 -0.372348 0.00963685 -119.909 -0.00981695 0.00141218 0.999951 0.000466749
-0.371554 -0.928355 -0.010252 -187.722 0.928374 -0.371616 0.00486242 -119.288 -0.00832385 -0.00771101 0.999936 0.0259785
-0.370672 -0.928563 -0.0193421 -188.01 0.92848 -0.370993 0.0169966 -118.566 -0.0229582 -0.0116586 0.999668 0.0151031
-0.368179 -0.929408 -0.0254062 -188.531 0.92953 -0.368554 0.0119386 -117.31 -0.0204594 -0.0192202 0.999606 -0.0218504
-0.366635 -0.930001 -0.0259963 -188.92 0.930097 -0.367057 0.0137354 -116.347 -0.022316 -0.0191432 0.999568 -0.0234427
-0.216522 -0.975943 -0.0255763 -189.344 0.976043 -0.216971 0.0162664 -115.098 -0.0214244 -0.0214415 0.999541 -0.0138004
-0.124242 -0.99194 -0.0248961 -189.374 0.992046 -0.124689 0.0172762 -114.897 -0.0202412 -0.0225517 0.999541 0.00125252
-0.0797917 -0.996512 -0.0244449 -189.371 0.996622 -0.0802306 0.0175295 -114.921 -0.0194295 -0.0229636 0.999548 -0.00591824
-0.0792755 -0.996563 -0.0240476 -189.362 0.996648 -0.0797247 0.0183323 -114.93 -0.0201864 -0.0225137 0.999543 -0.00802635
-0.0794026 -0.996555 -0.0239446 -189.37 0.996642 -0.0798452 0.0181305 -114.925 -0.0199799 -0.0224246 0.999549 -0.00328551
-0.0787281 -0.996605 -0.024095 -189.369 0.996711 -0.0791559 0.0173471 -114.904 -0.0191954 -0.0226501 0.999559 -0.0113766
-0.0785228 -0.996627 -0.0238345 -189.366 0.996732 -0.0789407 0.0171286 -114.915 -0.0189524 -0.0224116 0.999569 -0.0147714
-0.0787204 -0.996576 -0.0252806 -189.367 0.996745 -0.0791257 0.0154484 -114.895 -0.0173959 -0.0239822 0.999561 -0.0191969
-0.0790411 -0.996563 -0.024811 -189.352 0.996711 -0.07945 0.0159533 -114.906 -0.0178697 -0.0234684 0.999565 -0.0126661
-0.0784165 -0.996624 -0.0243269 -189.359 0.996741 -0.078842 0.0170522 -114.903 -0.0189126 -0.0229105 0.999559 -0.0135181
-0.0781911 -0.996656 -0.0237277 -189.362 0.996781 -0.0785801 0.0159299 -114.896 -0.0177412 -0.0224058 0.999592 -0.00894965
