0.352307 -0.935863 -0.00629749 -189.96 0.935837 0.352349 -0.00773359 -113.91 0.0094565 -0.00316883 0.99995 -0.106377
0.35176 -0.936013 0.0119925 -190.072 0.935526 0.351964 0.0302158 -114.11 -0.0325033 0.000590631 0.999471 -0.0195354
0.350857 -0.936148 0.0229573 -190.083 0.935033 0.351566 0.0459805 -114.128 -0.0511155 0.00533328 0.998678 -0.000116795
0.351066 -0.936094 0.021939 -190.088 0.935066 0.351715 0.0441296 -114.126 -0.0490257 0.00502201 0.998785 -0.0012887
0.35142 -0.936123 0.013348 -190.089 0.93575 0.35166 0.0265793 -114.124 -0.0295754 0.00314993 0.999558 -0.00678534
0.351245 -0.936254 0.00744685 -190.09 0.936118 0.351322 0.0160139 -114.119 -0.0176093 0.00134632 0.999844 -0.00724801
0.350751 -0.936461 0.00384676 -190.097 0.93641 0.350772 0.00976859 -114.125 -0.0104972 0.000175806 0.999945 -0.015981
0.350481 -0.936542 0.00719339 -190.096 0.936413 0.350553 0.0156305 -114.118 -0.0171603 0.00125778 0.999852 -0.0374352
0.350449 -0.936552 0.00744669 -190.089 0.936448 0.350522 0.0141231 -114.118 -0.0158372 0.00202401 0.999873 -0.0317935
0.350223 -0.936657 0.00404799 -190.094 0.936547 0.350245 0.0144522 -114.117 -0.0149546 -0.00127038 0.999887 -0.0295227
0.3503 -0.936601 0.0082723 -190.083 0.936501 0.350386 0.0140047 -114.119 -0.0160153 0.00284117 0.999868 -0.0277912
0.349363 -0.936981 0.00353964 -190.084 0.936856 0.349375 0.0154529 -114.117 -0.0157158 -0.00208256 0.999874 -0.024584
0.34818 -0.937417 0.00456184 -190.099 0.937306 0.348209 0.0144152 -114.115 -0.0151015 -0.000743245 0.999886 -0.0107375
0.449463 -0.893237 -0.010505 -190.082 0.893294 0.44939 0.00863241 -114.049 -0.00298994 -0.013264 0.999908 -0.0250151
0.752517 -0.658084 -0.0253581 -190.026 0.658533 0.752337 0.0179935 -113.938 0.00723664 -0.0302395 0.999516 -0.0159546
0.978326 -0.207067 0.00101254 -189.943 0.206757 0.977103 0.0502115 -113.718 -0.0113865 -0.0489139 0.998738 -0.0299611
0.983685 0.178425 0.0229744 -189.744 -0.179022 0.983467 0.0272652 -113.203 -0.0177298 -0.0309333 0.999364 0.00692798
0.966652 0.254284 0.0303803 -189.655 -0.255056 0.966603 0.0250001 -113.01 -0.0230086 -0.0319151 0.999226 0.0176026
0.965997 0.257079 0.027567 -189.595 -0.257789 0.965844 0.0262901 -112.815 -0.0198668 -0.0325026 0.999274 0.0128009
0.960557 0.277069 0.0237291 -189.518 -0.277691 0.960234 0.0289633 -112.627 -0.0147607 -0.0344103 0.999299 0.0141209
0.95295 0.302374 0.021356 -189.423 -0.302901 0.952594 0.0285593 -112.424 -0.011708 -0.0336844 0.999364 -0.00134151
0.957204 0.288954 0.0163343 -189.361 -0.289283 0.956946 0.0238479 -112.23 -0.00874014 -0.0275526 0.999582 0.00492024
0.949067 0.313509 0.0313755 -189.263 -0.314497 0.948647 0.0340735 -112.013 -0.0190819 -0.0422055 0.998927 -0.00360329
0.949971 0.311518 0.0226099 -189.186 -0.312037 0.949743 0.0249424 -111.788 -0.0137035 -0.0307497 0.999433 -0.00311485
0.944898 0.325905 0.0308804 -189.085 -0.326696 0.94479 0.0253466 -111.555 -0.0209149 -0.0340384 0.999202 0.0102251
0.940781 0.337492 0.0321047 -188.957 -0.338356 0.940635 0.0268498 -111.244 -0.0211372 -0.0361226 0.999124 0.00817139
0.936271 0.349143 0.0386682 -188.82 -0.350474 0.935895 0.0356192 -110.942 -0.0237532 -0.0469014 0.998617 -0.00600512
0.939335 0.341607 0.0308988 -188.758 -0.342144 0.939543 0.0140366 -110.794 -0.0242357 -0.0237569 0.999424 0.0130009
0.951588 0.306386 0.0246459 -188.636 -0.307023 0.951276 0.0284659 -110.411 -0.0147235 -0.0346546 0.999291 0.0229682
0.947557 0.317571 0.0358491 -188.509 -0.318739 0.947247 0.0336083 -110.046 -0.0232849 -0.0432722 0.998792 0.0264747
0.944612 0.326461 0.0336249 -188.423 -0.327545 0.944211 0.0343449 -109.831 -0.0205368 -0.0434563 0.998844 0.0056368
0.941216 0.336022 0.0346696 -188.332 -0.337186 0.940742 0.036184 -109.617 -0.0204565 -0.0457471 0.998744 -0.00752664
0.950368 0.309152 0.0350024 -188.24 -0.310393 0.94983 0.0384584 -109.361 -0.0213568 -0.0474141 0.998647 -0.022025
0.943514 0.328551 0.0428401 -188.108 -0.329528 0.943975 0.0179853 -108.98 -0.0345309 -0.0310864 0.99892 0.00669397
0.943679 0.329746 0.027176 -187.942 -0.330031 0.943947 0.00664824 -108.579 -0.0234604 -0.0152427 0.999609 -0.0153687
0.945236 0.325526 0.0237038 -187.752 -0.325839 0.945364 0.0107174 -108.113 -0.0189199 -0.0178541 0.999662 0.00996189
0.953376 0.300439 0.0284589 -187.541 -0.300772 0.953661 0.00816385 -107.507 -0.0246874 -0.0163429 0.999562 0.00658301
0.947561 0.317487 0.03648 -187.412 -0.317271 0.948263 -0.0117224 -107.217 -0.0383143 -0.000466345 0.999266 0.00485522
0.950648 0.30944 0.0227071 -187.343 -0.309091 0.950869 -0.0176241 -107.04 -0.0270451 0.00973577 0.999587 0.0151406
0.944775 0.326918 0.0228853 -187.262 -0.327 0.945024 -0.000187403 -106.866 -0.0216884 -0.00730644 0.999738 0.00256999
0.952035 0.305617 0.0151073 -187.148 -0.305815 0.951999 0.0132242 -106.587 -0.0103406 -0.01721 0.999798 -0.0191715
0.959879 0.279889 0.0171716 -187.055 -0.280044 0.959959 0.00740119 -106.294 -0.0144126 -0.0119131 0.999825 -0.0088892
0.943484 0.329559 0.035053 -186.85 -0.328464 0.943919 -0.0335781 -105.809 -0.0441532 0.0201667 0.998821 0.0178254
0.962269 0.27138 0.019767 -186.566 -0.27181 0.962055 0.0238786 -104.973 -0.0125367 -0.0283505 0.999519 -0.037121
0.939179 0.342465 0.0257115 -186.185 -0.34226 0.939527 -0.0121311 -104.041 -0.0283112 0.0025932 0.999596 -0.0229364
0.94528 0.325708 0.0189657 -186.001 -0.325705 0.945465 -0.00333373 -103.578 -0.0190172 -0.00302591 0.999815 0.00222576
0.950888 0.308675 0.0230482 -185.785 -0.308717 0.951152 -0.00180422 -102.946 -0.0224793 -0.00539976 0.999733 0.027518
0.941748 0.33395 0.0398467 -185.665 -0.334073 0.94254 -0.00372728 -102.653 -0.0388018 -0.00980152 0.999199 0.0280517
0.946342 0.321502 0.0327607 -185.42 -0.321868 0.946763 0.00643691 -102.047 -0.0289472 -0.0166361 0.999442 -0.00657882
0.953144 0.301436 0.0255546 -185.243 -0.300915 0.953389 -0.0223498 -101.569 -0.0311005 0.0136129 0.999424 0.0087844
0.948688 0.315467 0.0217283 -185.018 -0.31493 0.948788 -0.0248975 -100.947 -0.0284699 0.0167771 0.999454 0.0334057
0.950937 0.308761 0.0196173 -184.852 -0.30867 0.951139 -0.00754332 -100.474 -0.0209878 0.00111796 0.999779 0.0377193
0.927981 0.370561 0.0391993 -184.426 -0.370896 0.928673 0.00138571 -99.5109 -0.0358899 -0.0158248 0.999231 0.0354244
0.941601 0.336536 0.0114669 -184.343 -0.336363 0.941618 -0.0146543 -99.2825 -0.0157292 0.0099415 0.999827 0.0451287
0.942711 0.333435 0.0108346 -184.238 -0.333302 0.942738 -0.0124109 -98.9691 -0.0143525 0.0080887 0.999864 0.0536079
0.942904 0.331193 0.0352562 -183.955 -0.330963 0.943563 -0.0123559 -98.2145 -0.0373586 -1.80956e-05 0.999302 0.0184544
0.932692 0.358575 0.0388607 -183.707 -0.359011 0.933322 0.00466352 -97.6114 -0.0345973 -0.0183011 0.999234 0.0215957
0.933049 0.359066 0.0221414 -183.548 -0.359122 0.93329 -0.00155702 -97.1913 -0.0212234 -0.00649869 0.999754 0.0445215
0.928177 0.371051 0.0284305 -182.774 -0.370535 0.928561 -0.021858 -95.2177 -0.0345099 0.00975355 0.999357 0.0481229
0.930051 0.366705 0.0230735 -182.505 -0.366378 0.930306 -0.0172496 -94.5617 -0.0277909 0.00758945 0.999585 0.0665971
0.948658 0.315039 0.0282534 -182.315 -0.314845 0.949077 -0.0111775 -94.0857 -0.030336 0.00170821 0.999538 0.0650899
0.944538 0.327017 0.0301444 -182.036 -0.327037 0.945001 -0.00440402 -93.3432 -0.0299267 -0.00569858 0.999536 0.0514271
0.94743 0.317489 0.0397085 -181.921 -0.317428 0.948249 -0.00801479 -93.0368 -0.0401981 -0.00501112 0.999179 0.0586548
0.945412 0.325148 0.0217758 -181.761 -0.3252 0.945644 -0.00121841 -92.5887 -0.0209883 -0.00592958 0.999762 0.0321297
0.938251 0.34507 0.02473 -181.618 -0.345108 0.938559 -0.00288178 -92.2638 -0.024205 -0.00583068 0.99969 0.0397227
0.935007 0.354303 0.0152338 -181.451 -0.354153 0.935114 -0.0116998 -91.8168 -0.0183906 0.00554433 0.999816 0.0550556
0.944025 0.329137 0.0220395 -181.281 -0.329199 0.94426 -0.000865394 -91.3649 -0.0210959 -0.00643844 0.999757 0.0305202
0.937187 0.345154 0.0504988 -181.133 -0.344441 0.938539 -0.0224755 -91.0564 -0.0551526 0.00366988 0.998471 0.033254
0.94108 0.336943 0.0289537 -181.037 -0.336694 0.941521 -0.0132245 -90.7837 -0.0317165 0.00269682 0.999493 0.038927
0.932006 0.360522 0.0372656 -180.907 -0.360329 0.932748 -0.0120105 -90.4895 -0.0390895 -0.00223398 0.999233 0.0582084
0.938316 0.344519 0.0294772 -180.809 -0.344624 0.93874 -0.00161516 -90.1901 -0.0282279 -0.00864301 0.999564 0.0793345
0.942576 0.333664 0.0147675 -180.502 -0.33355 0.942683 -0.00967239 -89.4188 -0.0171484 0.00419127 0.999844 0.0841598
0.937919 0.34624 0.0206163 -180.332 -0.346041 0.938134 -0.0126652 -88.9283 -0.023726 0.00474481 0.999707 0.0830355
0.930359 0.365596 0.0277922 -180.208 -0.365332 0.930769 -0.0142155 -88.642 -0.0310653 0.00307209 0.999513 0.0818651
0.927881 0.37111 0.0362426 -179.906 -0.371578 0.928376 0.00689583 -87.8982 -0.0310877 -0.0198655 0.999319 0.0693871
0.933867 0.356669 0.0260891 -179.589 -0.356616 0.934226 -0.00681349 -87.0642 -0.0268033 -0.00294091 0.999636 0.0601734
0.938674 0.343637 0.0283751 -179.464 -0.344097 0.938841 0.0131971 -86.7521 -0.0221047 -0.0221516 0.99951 0.0582431
0.92467 0.379626 0.0294821 -179.329 -0.379811 0.925064 0.000731549 -86.4654 -0.0269951 -0.0118741 0.999565 0.0565214
0.932877 0.359457 0.0230586 -179.242 -0.359515 0.933138 -0.00172933 -86.228 -0.0221384 -0.00667664 0.999733 0.048152
0.938965 0.343163 0.0241466 -179.166 -0.342845 0.939249 -0.0163847 -86.0022 -0.0283023 0.00710614 0.999574 0.0404225
0.929782 0.367154 0.0265324 -178.981 -0.36618 0.929872 -0.0353586 -85.512 -0.0376538 0.0231602 0.999022 0.0391382
0.909729 0.413488 0.0376842 -178.416 -0.414225 0.910065 0.014134 -84.2658 -0.0284508 -0.0284679 0.99919 0.0550493
0.913342 0.406081 0.0300587 -178.214 -0.406362 0.913705 0.00362116 -83.8293 -0.0259943 -0.0155221 0.999542 0.0620077
0.898822 0.436926 0.0348533 -178.086 -0.436739 0.899491 -0.0132018 -83.5969 -0.0371185 -0.00335573 0.999305 0.0815807
0.894525 0.446439 0.0227452 -177.774 -0.446204 0.894809 -0.0148218 -83.0036 -0.0269696 0.00310943 0.999631 0.084312
0.893317 0.449099 0.0172053 -177.576 -0.449136 0.893461 -0.00180565 -82.562 -0.0161832 -0.00611453 0.99985 0.0874089
0.89573 0.444153 0.0198876 -177.01 -0.444007 0.89595 -0.0115098 -81.4272 -0.0229304 0.00147944 0.999736 0.0245599
0.902099 0.429968 0.0366733 -176.68 -0.429112 0.902783 -0.0290727 -80.7259 -0.0456084 0.0104895 0.998904 0.0907936
0.89329 0.448815 0.0244608 -176.419 -0.448841 0.893599 -0.00469071 -80.1778 -0.0239634 -0.00678884 0.99969 0.0968453
0.906412 0.422318 0.00802812 -176.323 -0.422246 0.906434 -0.0092797 -79.9242 -0.0111959 0.00502139 0.999925 0.0824941
0.902243 0.431008 0.0137385 -176.219 -0.431029 0.902337 -0.0015689 -79.6621 -0.013073 -0.00450616 0.999904 0.0885708
0.891844 0.450314 0.042792 -175.874 -0.450343 0.892805 -0.00949768 -78.9645 -0.0424818 -0.0108006 0.999039 0.112817
0.897061 0.440802 0.0312229 -175.753 -0.440756 0.897585 -0.00872463 -78.6795 -0.0318711 -0.00593517 0.999474 0.116247
0.917856 0.395904 0.0282795 -175.44 -0.395754 0.918291 -0.0109682 -77.9872 -0.0303111 -0.00112446 0.99954 0.123323
0.919095 0.392915 0.0297048 -175.304 -0.39321 0.919437 0.00459869 -77.7123 -0.0255048 -0.0159068 0.999548 0.093392
0.904662 0.425475 0.0236132 -175.113 -0.425122 0.904945 -0.0186053 -77.2852 -0.0292847 0.006793 0.999548 0.116277
0.918776 0.393082 0.0365721 -174.772 -0.393162 0.919454 -0.00527831 -76.5864 -0.0357012 -0.00952921 0.999317 0.111595
0.92693 0.37474 0.0192393 -174.322 -0.374416 0.927077 -0.0184641 -75.5603 -0.0247556 0.00991138 0.999644 0.121616
0.909833 0.414435 0.0211475 -174.16 -0.414482 0.910055 -0.0023376 -75.2268 -0.0202141 -0.00663841 0.999774 0.108948
0.913306 0.406045 0.0316195 -173.998 -0.406297 0.91374 0.00168485 -74.878 -0.0282078 -0.0143857 0.999499 0.0798859
0.912651 0.407984 0.0248396 -173.668 -0.407701 0.912979 -0.0157904 -74.1578 -0.0291203 0.00428404 0.999567 0.0913312
0.912911 0.407759 0.0180609 -173.475 -0.407285 0.912958 -0.0250147 -73.7269 -0.0266888 0.0154803 0.999524 0.0895652
0.907597 0.419466 0.0178009 -173.207 -0.419468 0.907762 -0.003811 -73.1499 -0.0177576 -0.00400807 0.999834 0.0789415
0.902781 0.429602 0.0207152 -172.913 -0.429514 0.903018 -0.00874625 -72.5361 -0.0224636 -0.00100152 0.999747 0.124244
0.883844 0.467503 0.0161605 -172.754 -0.467464 0.883989 -0.0063757 -72.2411 -0.0172664 -0.00191932 0.999849 0.123997
0.904144 0.427023 0.0132302 -172.625 -0.427165 0.90411 0.0107809 -71.9588 -0.00735783 -0.015399 0.999854 0.118604
0.916324 0.40042 0.00370813 -172.52 -0.400265 0.916162 -0.0208628 -71.6856 -0.0117511 0.0176329 0.999775 0.126312
0.898783 0.436687 0.0386532 -171.774 -0.436781 0.899545 -0.00643025 -70.1329 -0.0375783 -0.0111036 0.999232 0.114944
0.925967 0.37728 0.0156608 -171.133 -0.377093 0.926075 -0.013664 -68.7471 -0.0196582 0.00674679 0.999784 0.144134
0.919404 0.392662 0.0226352 -170.934 -0.392418 0.919672 -0.0145565 -68.281 -0.0265327 0.00450092 0.999638 0.148951
0.912848 0.40826 0.00558798 -170.813 -0.407961 0.912564 -0.0281932 -68.0314 -0.0166096 0.0234565 0.999587 0.159935
0.922431 0.384825 0.0321008 -170.3 -0.384853 0.922961 -0.00555123 -66.9638 -0.031764 -0.00723343 0.999469 0.150314
0.921546 0.386175 0.040279 -170.08 -0.386074 0.922407 -0.0105566 -66.4259 -0.0412303 -0.00582232 0.999133 0.146158
0.884686 0.465808 0.0188186 -169.584 -0.465748 0.884884 -0.00769752 -65.4414 -0.0202378 -0.00195484 0.999793 0.169976
0.88987 0.45545 0.0264076 -169.09 -0.45522 0.890261 -0.0144856 -64.4763 -0.0301071 0.000869054 0.999546 0.173642
0.875017 0.483516 0.0236092 -168.808 -0.483332 0.875335 -0.0133401 -63.873 -0.0271161 0.000261689 0.999632 0.188674
0.876229 0.481644 0.0155417 -168.662 -0.481761 0.87629 0.00471059 -63.5452 -0.0113502 -0.0116149 0.999868 0.189885
0.895829 0.443779 0.0234588 -168.504 -0.443927 0.896062 0.00123844 -63.2023 -0.020471 -0.0115234 0.999724 0.18158
0.896805 0.44165 0.0262015 -168.4 -0.441791 0.897118 -0.000461645 -62.9623 -0.0237097 -0.0111616 0.999657 0.178035
0.890406 0.454061 0.0317071 -168.105 -0.453892 0.890965 -0.0127613 -62.3172 -0.0340443 -0.00302883 0.999416 0.168637
0.884238 0.465369 0.0394362 -167.907 -0.464558 0.885092 -0.0282539 -61.9552 -0.0480531 0.00666275 0.998823 0.173522
0.883736 0.467283 0.0256349 -167.713 -0.467306 0.884079 -0.00541853 -61.5871 -0.0251953 -0.0071908 0.999657 0.163452
0.897075 0.441766 0.00997402 -167.56 -0.44165 0.897109 -0.0118892 -61.2042 -0.0142 0.0062605 0.99988 0.162485
0.887499 0.459233 0.0380883 -167.261 -0.459321 0.888243 -0.00691015 -60.5447 -0.0370051 -0.011362 0.99925 0.14784
0.880304 0.472248 0.0452372 -167.065 -0.4722 0.881404 -0.0124309 -60.1365 -0.0457427 -0.010418 0.998899 0.158181
0.870049 0.491081 0.0430621 -166.87 -0.49055 0.871113 -0.0228586 -59.7836 -0.0487374 -0.001236 0.998811 0.156234
0.887497 0.460645 0.0124701 -166.433 -0.460785 0.887418 0.0128805 -58.8102 -0.00513284 -0.0171774 0.999839 0.161707
0.881281 0.47199 0.0238737 -165.689 -0.471717 0.881599 -0.0163387 -57.2862 -0.0287588 0.00313736 0.999581 0.173964
0.890611 0.454422 0.0176622 -165.478 -0.454374 0.890784 -0.00686836 -56.7868 -0.0188544 -0.00190823 0.99982 0.159077
0.885538 0.463155 0.0361822 -165.029 -0.462921 0.886271 -0.0151153 -55.8833 -0.0390679 -0.00336431 0.999231 0.152895
0.891902 0.451439 0.0267259 -164.305 -0.451666 0.892182 0.00284966 -54.3757 -0.0225579 -0.0146128 0.999639 0.153187
0.86566 0.49955 0.0328961 -164.012 -0.49971 0.866185 -0.00375455 -53.8443 -0.0303697 -0.0131884 0.999452 0.138355
0.865499 0.500518 0.0198458 -163.758 -0.500234 0.865709 -0.0176782 -53.3694 -0.026029 0.00537292 0.999647 0.121839
0.885141 0.4652 0.0107249 -163.577 -0.465195 0.885203 -0.00304928 -52.9522 -0.0109122 -0.00229011 0.999938 0.130884
0.882217 0.470276 0.0230974 -163.095 -0.469881 0.882489 -0.0206249 -51.9582 -0.0300826 0.00734267 0.99952 0.128325
0.88795 0.459042 0.0287104 -163.045 -0.458833 0.888414 -0.0138932 -51.8313 -0.0318843 -0.000836831 0.999491 0.127537
0.872822 0.486995 0.0318968 -162.588 -0.486739 0.873403 -0.0158869 -50.925 -0.0355957 -0.00165898 0.999365 0.10447
0.895096 0.445448 0.0194846 -162.082 -0.445485 0.895285 -0.00262627 -49.8538 -0.0186141 -0.00632932 0.999807 0.0852466
0.889579 0.456476 0.0166927 -161.914 -0.456049 0.889628 -0.024091 -49.4901 -0.0258473 0.0138182 0.99957 0.108566
0.880625 0.472964 0.0283663 -161.72 -0.472081 0.880946 -0.0327672 -49.1095 -0.0404869 0.0154645 0.99906 0.113741
0.893197 0.448045 0.0381346 -161.503 -0.448214 0.893915 -0.00449455 -48.6578 -0.0361028 -0.0130779 0.999263 0.0923136
0.890398 0.453505 0.0390377 -161.342 -0.453646 0.891164 -0.00567638 -48.3241 -0.0373633 -0.0126551 0.999222 0.0909335
0.884273 0.466481 0.0213837 -161.017 -0.466062 0.884482 -0.0218549 -47.6391 -0.0291084 0.00935956 0.999532 0.100912
0.879255 0.476095 0.0156474 -160.372 -0.476092 0.879386 -0.0041498 -46.3386 -0.0157358 -0.00380086 0.999869 0.0966334
0.889911 0.455669 0.0206029 -160.056 -0.455546 0.890149 -0.0105763 -45.6564 -0.0231589 2.64309e-05 0.999732 0.085784
0.875589 0.481378 0.0402385 -159.608 -0.480663 0.876505 -0.026513 -44.7638 -0.048032 0.0038734 0.998838 0.0902482
0.868457 0.494627 0.0335536 -159.368 -0.49455 0.869078 -0.0111425 -44.2906 -0.0346721 -0.00691711 0.999375 0.098922
0.863704 0.503534 0.0216658 -158.387 -0.503571 0.863944 -0.00411731 -42.2957 -0.0207913 -0.00735413 0.999757 0.102022
0.885067 0.465008 0.0205838 -158.031 -0.465113 0.885251 0.000354735 -41.536 -0.0180569 -0.00988775 0.999788 0.0776248
0.858876 0.511289 0.0302566 -157.256 -0.510749 0.859393 -0.0240486 -39.9002 -0.0382981 0.00520119 0.999253 0.10212
0.862661 0.504741 0.0324576 -156.876 -0.504781 0.863214 -0.00755013 -39.1848 -0.0318287 -0.00987076 0.999445 0.0852139
0.863812 0.503182 0.0252503 -156.286 -0.502674 0.864143 -0.0239732 -37.9839 -0.0338828 0.00801568 0.999394 0.083999
0.863623 0.503561 0.02412 -156.05 -0.503138 0.863935 -0.0216533 -37.5072 -0.0317418 0.00656458 0.999475 0.0827901
0.869839 0.49215 0.0341937 -155.358 -0.491571 0.8705 -0.0242552 -36.0749 -0.0417028 0.00428949 0.999121 0.0450946
0.851056 0.523269 0.0435084 -155.088 -0.523108 0.852118 -0.0159281 -35.5486 -0.045409 -0.00920392 0.998926 0.0168502
0.835555 0.548268 0.0353534 -154.639 -0.545714 0.835668 -0.0620914 -34.6377 -0.0635864 0.0325879 0.997444 0.0794745
0.831864 0.553224 0.0441099 -154.507 -0.552305 0.83303 -0.0319437 -34.4165 -0.0544168 0.00221071 0.998516 0.0624163
0.839251 0.54228 0.0398746 -154.466 -0.542312 0.840106 -0.0109527 -34.3187 -0.0394383 -0.0124324 0.999145 0.0580307
0.843892 0.535594 0.0313749 -154.423 -0.535573 0.844432 -0.00978705 -34.2343 -0.0317359 -0.00854433 0.99946 0.0674824
0.848718 0.526238 0.0524583 -154.257 -0.526439 0.850142 -0.0110323 -33.907 -0.0504026 -0.0182527 0.998562 0.0441037
0.809904 0.585824 0.0294251 -153.993 -0.584107 0.810083 -0.050846 -33.3004 -0.0536236 0.023993 0.998273 0.0569855
0.82383 0.566379 0.0228004 -153.683 -0.566296 0.824134 -0.0105539 -32.7587 -0.0247681 -0.00421719 0.999684 0.0418609
0.828353 0.55963 0.025415 -153.532 -0.559621 0.828709 -0.00815133 -32.5009 -0.0256233 -0.00747058 0.999644 0.039432
0.801141 0.595754 -0.0570193 -153.321 -0.594299 0.803167 0.0416041 -32.0868 0.0705819 0.000555795 0.997506 0.0839271
0.859345 0.506596 0.0699077 -153.163 -0.507641 0.861563 -0.00323466 -31.7016 -0.0618685 -0.0327083 0.997548 0.109858
0.858889 0.511896 0.0164941 -153.045 -0.511833 0.859046 -0.00815286 -31.472 -0.0183427 -0.00143984 0.999831 -0.0063626
0.834481 0.546594 0.0698347 -152.743 -0.547396 0.836828 -0.00879164 -30.8868 -0.0632451 -0.0308908 0.99752 0.0267705
0.839215 0.540218 0.0623164 -152.619 -0.540819 0.841099 -0.00823632 -30.6462 -0.0568637 -0.0267899 0.998022 0.0299227
0.882476 0.470209 -0.011845 -152.088 -0.470123 0.882551 0.00938766 -29.5808 0.014868 -0.00271576 0.999886 0.0302283
0.866334 0.498209 0.0354033 -151.765 -0.498633 0.866805 0.00373416 -28.9258 -0.0288274 -0.0208883 0.999366 0.0235827
0.852401 0.522879 0.00331453 -151.359 -0.522811 0.852147 0.0226795 -28.1875 0.00903415 -0.0210649 0.999737 0.0236691
0.885541 0.464286 0.0160027 -150.412 -0.464315 0.885668 -0.0020642 -26.2776 -0.0151314 -0.00560234 0.99987 0.0295128
0.85699 0.514359 0.0316631 -149.935 -0.51436 0.85753 -0.00874914 -25.2877 -0.0316522 -0.00878829 0.99946 0.0584101
0.854912 0.517442 0.0371465 -149.666 -0.517883 0.855447 0.00269382 -24.7955 -0.030383 -0.0215405 0.999306 0.0188663
0.848125 0.529179 0.0255803 -149.296 -0.528981 0.848509 -0.0145316 -24.0641 -0.0293949 -0.00120683 0.999567 0.0637447
0.857632 0.513631 0.0254923 -148.92 -0.513889 0.857845 0.00437695 -23.2639 -0.0196203 -0.016854 0.999665 0.0166406
0.850984 0.524612 0.0246634 -148.32 -0.523648 0.851145 -0.0366703 -22.0453 -0.0402298 0.0182909 0.999023 0.00163014
0.848401 0.528251 0.0341552 -148.086 -0.526854 0.848898 -0.042387 -21.6037 -0.0513852 0.0179664 0.998517 0.0264629
0.840096 0.541574 0.0306026 -147.73 -0.540833 0.840613 -0.0294682 -20.9098 -0.0416841 0.0082052 0.999097 0.0337102
0.83495 0.549975 0.0196371 -147.258 -0.549697 0.835171 -0.0179776 -20.022 -0.0262876 0.00421594 0.999646 0.0256763
0.819348 0.573234 0.00844841 -146.904 -0.572998 0.819308 -0.0201664 -19.4128 -0.0184819 0.0116823 0.999761 0.0304542
0.832443 0.553697 0.0213963 -146.665 -0.553878 0.832591 0.00319251 -18.9629 -0.0160467 -0.0145085 0.999766 0.00621612
0.824761 0.564854 0.0266293 -146.422 -0.564646 0.825188 -0.0154816 -18.5451 -0.030719 -0.00226752 0.999526 0.024844
0.82397 0.565906 0.0287111 -146.224 -0.565746 0.824457 -0.0142237 -18.2073 -0.0317203 -0.00452327 0.999487 0.0273976
0.837284 0.546469 0.0180936 -145.918 -0.546426 0.837472 -0.00767897 -17.6378 -0.0193492 -0.00345732 0.999807 0.0247077
0.805063 0.591931 0.03861 -145.118 -0.591808 0.805924 -0.0157584 -16.2606 -0.0404446 -0.0101632 0.99913 0.0202537
0.810642 0.584208 0.0395173 -144.832 -0.581589 0.811161 -0.061415 -15.8245 -0.067934 0.0268028 0.99733 0.0207468
0.783296 0.620127 0.0434853 -144.361 -0.619779 0.784448 -0.0226885 -15.0505 -0.0481817 -0.00917953 0.998796 0.00652798
0.859664 0.510466 0.0200294 -142.731 -0.510427 0.859889 -0.00742829 -12.3839 -0.0210149 -0.00383769 0.999772 -0.0251165
0.770722 0.631937 0.0815048 -142.423 -0.625261 0.774719 -0.0941202 -11.9118 -0.122621 0.0215787 0.992219 -0.0173299
0.782098 0.622813 0.0206405 -142.321 -0.620001 0.781042 -0.0746474 -11.7163 -0.0626125 0.0455845 0.996996 -0.00748067
0.784696 0.619758 0.0123287 -142.158 -0.619473 0.784746 -0.0206373 -11.4453 -0.022465 0.00855676 0.999711 -0.0135862
0.766982 0.640916 -0.0310688 -141.747 -0.639428 0.76745 0.0463922 -10.7976 0.0535772 -0.0157157 0.99844 0.000608519
0.828074 0.557979 0.0543342 -141.594 -0.560152 0.827444 0.0395787 -10.4714 -0.0228744 -0.0632095 0.997738 -0.0964526
0.746248 0.662055 0.0692609 -141.423 -0.657179 0.749296 -0.0816712 -10.2682 -0.105968 0.0154302 0.99425 0.000426248
0.756905 0.653525 0.000803316 -141.291 -0.650584 0.753614 -0.0938467 -10.1048 -0.0619365 0.0705104 0.995586 0.133556
0.768535 0.637345 0.0560762 -140.533 -0.63802 0.769986 -0.00723831 -8.86398 -0.0477912 -0.0302149 0.9984 -0.0338496
0.764914 0.644133 0.000328044 -140.007 -0.644122 0.764904 -0.00527854 -8.02467 -0.003651 0.00382633 0.999986 -0.0662674
0.763935 0.645273 0.0050764 -139.72 -0.64507 0.763855 -0.0202557 -7.56571 -0.0169481 0.0121994 0.999782 -0.0313199
0.782498 0.622114 0.0259024 -139.392 -0.622245 0.782814 -0.00360918 -7.03574 -0.0225221 -0.0132935 0.999658 -0.038682
0.76772 0.64061 0.0149855 -137.805 -0.640427 0.767863 -0.0154891 -4.65762 -0.0214293 0.00229417 0.999768 -0.0366409
0.749142 0.661895 0.0260974 -137.424 -0.661719 0.749579 -0.0161092 -4.10145 -0.0302247 -0.00520111 0.99953 -0.0466779
0.723468 0.688587 0.0494058 -137.147 -0.68873 0.724823 -0.0167914 -3.75446 -0.0473728 -0.0218792 0.998638 -0.0599602
0.702338 0.710887 0.0369047 -136.703 -0.710427 0.703266 -0.026642 -3.23859 -0.0448933 -0.00750646 0.998964 -0.0616792
0.707015 0.707058 0.014099 -136.435 -0.706717 0.707129 -0.0228129 -2.90367 -0.0260998 0.00616503 0.99964 -0.0459133
0.702747 0.711057 0.0233165 -136.039 -0.710994 0.70309 -0.0123546 -2.4201 -0.0251784 -0.00789568 0.999652 -0.0431972
0.680133 0.732348 0.0329544 -135.776 -0.732576 0.680651 -0.00679384 -2.10507 -0.0274059 -0.0195209 0.999434 -0.0375834
0.671603 0.739491 0.0458536 -135.35 -0.740494 0.672015 0.00805147 -1.63843 -0.0248603 -0.0393617 0.998916 -0.0735317
0.718249 0.69549 0.0203002 -134.688 -0.695731 0.718254 0.00835866 -0.883247 -0.00876735 -0.0201271 0.999759 -0.0688401
0.709396 0.704414 0.0236224 -134.33 -0.704465 0.709699 -0.00750925 -0.475632 -0.0220544 -0.0113141 0.999693 -0.0503974
0.683209 0.730214 0.00360853 -133.81 -0.730221 0.683189 0.0055146 0.095993 0.00156153 -0.00640265 0.999978 -0.0394638
0.660399 0.750811 0.0125119 -132.865 -0.750636 0.660516 -0.0162839 1.04707 -0.0204904 0.00136196 0.999789 -0.0695925
0.654242 0.756281 0.00240428 -132.473 -0.756061 0.654123 -0.022236 1.47569 -0.0183893 0.0127299 0.99975 -0.0711973
0.557128 0.829017 0.0483546 -131.624 -0.82813 0.558972 -0.0418387 2.20718 -0.0617139 -0.0167344 0.997954 -0.0681403
0.488086 0.872484 0.0233379 -130.49 -0.872653 0.488315 -0.00501342 3.07619 -0.0157704 -0.0179189 0.999715 -0.0409074
0.379709 0.924639 0.0293856 -129.613 -0.924673 0.380312 -0.0185286 3.61568 -0.028308 -0.0201365 0.999396 -0.0806234
0.31961 0.947126 0.0283048 -127.515 -0.947518 0.319701 0.00138306 4.67543 -0.00773915 -0.0272614 0.999598 -0.205694
0.264118 0.964133 -0.0262418 -126.349 -0.963346 0.262383 -0.0558556 5.14388 -0.0469668 0.0400325 0.998094 -0.0599459
0.285913 0.957289 0.0430271 -124.913 -0.958251 0.285764 0.00969606 5.66592 -0.00301369 -0.044003 0.999027 -0.0523782
0.255617 0.966393 0.0272643 -124.161 -0.966774 0.255593 0.00444547 5.93135 -0.00267248 -0.0274947 0.999618 -0.0845881
0.164585 0.985645 0.0376193 -122.878 -0.986264 0.16499 -0.00790525 6.33228 -0.0139986 -0.0358014 0.999261 -0.0478244
0.0610535 0.997416 0.0378726 -122.14 -0.997472 0.0623509 -0.0340754 6.42599 -0.0363487 -0.0356964 0.998701 -0.0651772
0.10586 0.99402 0.0268069 -118.917 -0.993219 0.104395 0.0511548 6.99294 0.0480504 -0.0320404 0.998331 0.0163345
0.0160565 0.999575 0.0243484 -118.395 -0.998402 0.0173476 -0.0537776 7.05008 -0.0541771 -0.023446 0.998256 -0.021581
0.00156866 0.999332 0.0365089 -117.622 -0.999784 0.00232405 -0.0206562 7.12682 -0.0207272 -0.0364686 0.99912 -0.0927003
0.0136244 0.999366 0.0328969 -117.093 -0.999779 0.0141422 -0.0155581 7.17205 -0.0160135 -0.0326776 0.999338 -0.0905798
0.0135933 0.999707 0.0200088 -116.586 -0.999866 0.0137728 -0.00885902 7.23819 -0.00913201 -0.0198857 0.999761 -0.0898638
-0.0151946 0.999881 0.00270924 -116.077 -0.999837 -0.0151674 -0.00977048 7.28474 -0.00972822 -0.00285726 0.999949 -0.0853217
-0.125321 0.992009 0.0145704 -113.964 -0.991976 -0.125042 -0.0186576 7.33635 -0.0166866 -0.0167917 0.99972 -0.0893312
-0.0861957 0.996272 -0.00364373 -111.023 -0.996277 -0.0862001 -0.00106685 7.2818 -0.00137696 0.00353821 0.999993 -0.110165
-0.14333 0.989374 0.0244198 -108.889 -0.989603 -0.142979 -0.0155713 7.16959 -0.0119144 -0.0263977 0.999581 -0.145713
-0.163618 0.9865 -0.00685455 -107.546 -0.986426 -0.163695 -0.0129795 7.04204 -0.0139263 0.00463783 0.999892 -0.13677
-0.235456 0.971885 -0.00066777 -106.219 -0.971879 -0.235452 0.00374946 6.89856 0.00348682 0.00153182 0.999993 -0.117675
-0.302309 0.953162 -0.0095081 -105.475 -0.952846 -0.302455 -0.0246254 6.72595 -0.0263478 0.00161526 0.999651 -0.0635834
-0.245944 0.969118 0.0179358 -104.49 -0.969196 -0.246129 0.00889685 6.56547 0.0130366 -0.0151952 0.999799 -0.0630274
-0.27586 0.961171 0.0072172 -102.647 -0.961198 -0.275855 -0.00168073 6.22999 0.000375435 -0.00740081 0.999973 0.00274821
-0.279885 0.959898 0.0161096 -102.132 -0.959977 -0.279647 -0.015568 6.13309 -0.0104387 -0.0198221 0.999749 -0.0446465
-0.357619 0.933434 0.0284717 -101.139 -0.933731 -0.356879 -0.0279907 5.88805 -0.0159665 -0.0365949 0.999203 -0.0490046
-0.476347 0.87922 0.00810075 -99.2978 -0.879197 -0.476402 0.00731201 5.15973 0.0102881 -0.00363911 0.99994 -0.0358386
-0.481181 0.876055 0.0315018 -98.8488 -0.876359 -0.481605 0.00715865 4.9354 0.0214428 -0.0241623 0.999478 -0.0435734
-0.479726 0.877238 0.0177763 -97.2389 -0.877348 -0.479845 0.0029355 4.23152 0.011105 -0.0141878 0.999838 -0.0671359
-0.498422 0.866933 -0.00149359 -96.3197 -0.866921 -0.498423 -0.00478301 3.79366 -0.00489099 -0.00108914 0.999987 -0.0606251
-0.488756 0.872417 -0.00238551 -93.3772 -0.872363 -0.488691 0.0127921 2.45136 0.00999425 0.00833324 0.999915 -0.0237771
-0.500038 0.866003 -0.000969886 -93.0678 -0.865939 -0.499988 0.0127104 2.29834 0.0105223 0.00719556 0.999919 -0.0355647
-0.449795 0.892511 0.0333123 -91.9589 -0.892586 -0.450511 0.0181778 1.78597 0.0312314 -0.0215579 0.99928 -0.0379425
-0.489545 0.871976 0.00161791 -89.6217 -0.871966 -0.489528 -0.00619062 0.710091 -0.00460606 -0.00444135 0.99998 -0.0989018
-0.456037 0.889678 0.0224268 -88.6886 -0.88985 -0.456233 0.00427132 0.28582 0.0140319 -0.0180086 0.999739 -0.130712
-0.509917 0.860139 0.01206 -87.5205 -0.860072 -0.51004 0.01161 -0.227791 0.0161373 -0.0044523 0.99986 -0.110032
-0.518309 0.855182 -0.00450729 -85.6778 -0.855192 -0.51831 0.000936681 -1.07275 -0.00153514 0.00434009 0.999989 -0.101347
-0.458863 0.888505 0.00162667 -84.5077 -0.888278 -0.458786 0.0218632 -1.57758 0.0201718 0.00858728 0.99976 -0.0610531
-0.463643 0.885813 0.0192585 -83.8312 -0.885891 -0.463839 0.0071417 -1.87312 0.0152591 -0.0137498 0.999789 -0.070252
-0.423586 0.905766 0.0127154 -83.1414 -0.905559 -0.423765 0.0196335 -2.15071 0.0231717 -0.00319804 0.999726 -0.0758386
-0.397176 0.917675 0.0110828 -82.6479 -0.917357 -0.397331 0.0241629 -2.31533 0.0265772 -0.00056995 0.999647 -0.0428775
-0.353079 0.935175 0.0279875 -81.9303 -0.93526 -0.353594 0.0161265 -2.51737 0.0249773 -0.0204817 0.999478 -0.0291517
-0.372344 0.927757 0.0250507 -81.446 -0.928023 -0.372516 0.00240364 -2.6785 0.0115618 -0.0223527 0.999683 -0.0526739
-0.409671 0.912187 0.0092167 -80.9722 -0.912061 -0.409769 0.0153101 -2.83552 0.0177424 -0.00213409 0.99984 -0.0156448
-0.395633 0.918041 0.0259918 -80.4932 -0.918081 -0.396089 0.0155132 -2.98665 0.0245368 -0.0177251 0.999542 -0.0307425
-0.376933 0.925737 0.0305264 -80.0205 -0.926105 -0.377238 0.00468666 -3.13847 0.0158543 -0.026504 0.999523 -0.0153826
-0.375113 0.926064 0.0411795 -79.3119 -0.926734 -0.375666 0.00633534 -3.37626 0.0213367 -0.035786 0.999132 -0.0664287
-0.371414 0.927948 0.0310527 -78.8266 -0.92841 -0.371555 -0.00134338 -3.53908 0.0102912 -0.0293286 0.999517 -0.051271
-0.384088 0.922152 0.0459504 -77.8539 -0.923069 -0.384623 0.00305997 -3.84411 0.0204953 -0.0412401 0.998939 -0.0652967
-0.385865 0.922536 0.00598243 -76.933 -0.922555 -0.385862 -0.00172441 -4.17648 0.000717567 -0.00618451 0.999981 -0.00161295
-0.283847 0.958843 0.00711377 -76.0085 -0.95842 -0.283933 0.0285176 -4.42727 0.0293638 0.00127667 0.999568 -0.0289023
-0.235229 0.971924 0.00557003 -75.475 -0.971506 -0.235292 0.0285206 -4.49913 0.0290305 0.00129757 0.999578 0.0841169
-0.236998 0.970973 0.0323093 -74.715 -0.97148 -0.236598 -0.0157295 -4.6599 -0.00762865 -0.0351157 0.999354 0.0355947
-0.24159 0.969864 0.0315766 -73.7233 -0.970372 -0.241346 -0.0113879 -4.84882 -0.00342383 -0.0333922 0.999436 0.0303268
-0.221255 0.974572 0.0354271 -72.7161 -0.975189 -0.221374 -0.000580553 -5.02147 0.00727687 -0.0346766 0.999372 0.0484983
-0.233387 0.972295 0.0131362 -71.9982 -0.972384 -0.233372 -0.00274759 -5.16121 0.000394151 -0.0134147 0.99991 0.0653607
-0.226639 0.973839 0.0164817 -71.649 -0.973966 -0.226518 -0.00890297 -5.23379 -0.00493667 -0.0180704 0.999825 0.0418896
-0.212911 0.976828 0.0218353 -71.032 -0.976945 -0.21319 0.011361 -5.34236 0.0157528 -0.0189129 0.999697 0.0442547
-0.20628 0.978135 0.0264851 -70.5414 -0.978333 -0.20666 0.0125123 -5.4224 0.0177121 -0.0233302 0.999571 0.0520501
-0.185542 0.982156 0.0307194 -70.0654 -0.982298 -0.186207 0.0204123 -5.46511 0.0257683 -0.0263883 0.99932 0.0364608
-0.202223 0.978856 0.0307844 -69.3171 -0.979333 -0.202009 -0.00992812 -5.57447 -0.00349947 -0.0321559 0.999477 0.0268461
-0.232493 0.972439 0.0176167 -68.3729 -0.972576 -0.232327 -0.0109687 -5.72135 -0.00657362 -0.0196837 0.999785 0.0385959
-0.414474 0.910042 0.00594502 -66.3905 -0.910043 -0.414498 0.00366748 -6.1358 0.00580176 -0.00389015 0.999976 0.0619463
-0.556411 0.830892 -0.00507596 -65.7015 -0.829083 -0.555583 -0.0628447 -6.47043 -0.0550372 -0.0307591 0.99801 0.110925
-0.650384 0.758207 0.0460752 -65.1723 -0.759597 -0.64947 -0.034658 -6.87019 0.00364655 -0.0575396 0.998337 0.0963056
-0.711985 0.699277 0.063939 -64.7485 -0.700758 -0.713398 -0.0010411 -7.21949 0.0448859 -0.045547 0.997953 0.118156
-0.798231 0.602246 0.0112929 -64.314 -0.602351 -0.798062 -0.0164501 -7.7933 -0.000894574 -0.0199332 0.999801 0.113981
-0.829117 0.559031 0.00699462 -64.1261 -0.559075 -0.829061 -0.00962487 -8.0834 0.000418362 -0.0118907 0.999929 0.123141
-0.91902 0.392718 0.034283 -63.6905 -0.392955 -0.919558 -0.000175083 -8.93578 0.0314565 -0.0136326 0.999412 0.133033
-0.937464 0.346127 0.0368409 -63.5548 -0.346926 -0.937721 -0.0179177 -9.26706 0.0283447 -0.0295783 0.99916 0.128753
-0.985465 0.169199 0.0151838 -63.3761 -0.16935 -0.985512 -0.00933057 -9.96823 0.0133851 -0.0117663 0.999841 0.15134
-0.998842 0.040495 0.0259839 -63.2841 -0.0399892 -0.999006 0.0196989 -10.6106 0.0267558 0.018637 0.999468 0.178325
-0.999584 -0.0280248 0.0068045 -63.2574 0.0279874 -0.999593 -0.00552747 -11.1501 0.00695664 -0.00533472 0.999962 0.171904
-0.998263 -0.0586389 -0.00570524 -63.2621 0.0586644 -0.998268 -0.00441402 -11.5098 -0.00543652 -0.00474105 0.999974 0.173101
-0.990422 -0.13779 0.00888468 -63.3283 0.137862 -0.990419 0.00801414 -12.2164 0.00769529 0.00916223 0.999928 0.169603
-0.983622 -0.178683 0.0236726 -63.4777 0.179073 -0.983713 0.0155197 -13.1074 0.020514 0.0195047 0.999599 0.207368
-0.991254 -0.126185 0.038632 -63.567 0.126408 -0.991973 0.00337771 -14.098 0.0378957 0.00823155 0.999248 0.195113
-0.98982 -0.141738 -0.0128902 -63.6634 0.141393 -0.989648 0.0245842 -14.6422 -0.0162413 0.0225114 0.999615 0.209638
-0.996256 -0.085663 0.0116806 -63.8109 0.0856504 -0.996324 -0.00157523 -15.8941 0.0117726 -0.000568887 0.999931 0.177973
-0.994247 -0.106921 0.00644242 -63.8672 0.107045 -0.993969 0.0237941 -16.2943 0.00385948 0.0243469 0.999696 0.195001
-0.995125 -0.0975101 0.0147685 -63.917 0.0975505 -0.995229 0.0020414 -16.7377 0.014499 0.00347213 0.999889 0.203074
-0.990125 -0.140184 -0.000631663 -64.067 0.140147 -0.989946 0.019105 -17.7718 -0.00330354 0.0188279 0.999817 0.160896
-0.99508 -0.0989286 0.00542407 -64.1671 0.0990498 -0.9946 0.030994 -18.5545 0.00232859 0.0313787 0.999505 0.149302
-0.998874 -0.0461619 0.0109033 -64.2032 0.0463343 -0.998796 0.0161275 -19.1668 0.0101457 0.0166146 0.999811 0.155216
-0.999389 -0.031451 0.0152708 -64.2393 0.0316644 -0.999401 0.0139407 -20.1805 0.0148232 0.0144157 0.999786 0.155007
-0.998272 -0.057357 0.0127503 -64.2813 0.0576262 -0.998099 0.0218563 -20.8157 0.0114725 0.0225533 0.99968 0.164252
-0.999414 -0.0283607 0.0191841 -64.2775 0.0287013 -0.999431 0.0177196 -21.2285 0.0186707 0.0182599 0.999659 0.164174
-0.999327 -0.0348968 0.0113406 -64.2894 0.0350695 -0.999266 0.0154034 -21.869 0.0107947 0.0157908 0.999817 0.156614
-0.999335 -0.0334711 0.0144505 -64.3038 0.0336359 -0.99937 0.0113169 -22.7706 0.0140626 0.0117955 0.999832 0.161131
-0.999095 -0.0370064 0.0209525 -64.3126 0.0372943 -0.999213 0.013523 -23.2115 0.0204355 0.0142922 0.999689 0.166222
-0.999675 0.0185499 0.0174834 -64.2928 -0.0182384 -0.999675 0.0178138 -23.6529 0.0178082 0.0174891 0.999688 0.171626
-0.999643 0.0262989 -0.00478375 -64.2806 -0.026326 -0.999637 0.00567653 -24.3178 -0.00463273 0.00580044 0.999972 0.172312
-0.999688 -0.0217672 0.0122233 -64.2759 0.0218252 -0.999751 0.00463211 -25.5379 0.0121195 0.00489744 0.999915 0.158741
-0.999567 -0.0157176 0.0248653 -64.2943 0.0153848 -0.99979 -0.0135196 -25.9937 0.0250726 -0.0131312 0.999599 0.148236
-0.999879 -0.0145516 0.00544571 -64.3161 0.01461 -0.999835 0.0108396 -28.9116 0.00528708 0.0109179 0.999926 0.142426
-0.999352 -0.0316366 0.0171553 -64.3036 0.0317325 -0.999482 0.00534806 -29.667 0.0169772 0.00588897 0.999839 0.138759
-0.999271 -0.0345081 0.0163202 -64.3359 0.0344556 -0.9994 -0.00348257 -31.1642 0.0164306 -0.00291771 0.999861 0.150845
-0.999455 -0.0318653 0.00857997 -64.3316 0.0318163 -0.999477 -0.00577908 -31.8277 0.00875963 -0.00550295 0.999946 0.133616
-0.999804 -0.0186059 -0.00677561 -64.3325 0.0184054 -0.999423 0.0285463 -32.1992 -0.00730283 0.028416 0.999569 0.155318
-0.999987 -0.00448921 0.00255386 -64.3087 0.004606 -0.99885 0.0477241 -32.92 0.00233668 0.0477352 0.998857 0.189221
-0.99995 0.00845123 0.00527618 -64.3036 -0.00844783 -0.999964 0.000668062 -33.7092 0.00528164 0.000623456 0.999986 0.160722
-0.999941 0.00963485 0.00494925 -64.3019 -0.00954174 -0.999783 0.0184995 -34.1878 0.00512642 0.0184512 0.999817 0.162943
-0.999842 -0.00641212 0.0166034 -64.2986 0.00672184 -0.999803 0.0186687 -34.662 0.0164804 0.0187773 0.999688 0.157676
-0.999858 0.013577 0.010016 -64.2986 -0.0134998 -0.999879 0.00774503 -35.4161 0.01012 0.00760871 0.99992 0.14536
-0.999588 0.0232214 0.0168561 -64.2739 -0.0229879 -0.999639 0.0139174 -35.9425 0.0171732 0.0135242 0.999761 0.152532
-0.999944 0.00982209 0.00390083 -64.2643 -0.00968607 -0.999392 0.0334893 -36.6368 0.00422739 0.0334496 0.999431 0.179785
-0.999688 0.0235746 0.00825587 -64.2782 -0.0236175 -0.999708 -0.00514082 -37.6364 0.00813227 -0.0053342 0.999953 0.166481
-0.999985 0.00194139 0.00514306 -64.2958 -0.00194478 -0.999998 -0.000651427 -38.1581 0.00514179 -0.000661422 0.999987 0.143781
-0.999613 0.0231538 0.0154367 -64.2747 -0.022837 -0.999531 0.0203933 -38.6525 0.0159016 0.0200329 0.999673 0.152275
-1 0.000906659 -0.000329886 -64.2768 -0.000911196 -0.999902 0.0139616 -39.41 -0.000317194 0.0139619 0.999902 0.147735
-0.99963 0.0264569 -0.00628996 -64.2666 -0.0265854 -0.99942 0.0212974 -40.4219 -0.00572284 0.0214568 0.999753 0.152839
-0.999626 0.0266373 0.00617154 -64.2528 -0.0265094 -0.999449 0.0199488 -41.3589 0.00669952 0.0197777 0.999782 0.163785
-0.999998 -0.000927883 -0.00184618 -64.2745 0.000910473 -0.999955 0.0094095 -42.3811 -0.00185483 0.0094078 0.999954 0.180556
-0.99998 8.60534e-06 0.00633993 -64.2746 5.2865e-05 -0.999953 0.00970336 -42.862 0.00633972 0.0097035 0.999933 0.167428
-0.999848 0.0172137 -0.00271739 -64.2392 -0.0172642 -0.999655 0.0198017 -43.7506 -0.0023756 0.0198456 0.9998 0.159283
-0.998924 0.0405794 -0.0224388 -64.2617 -0.0408952 -0.999068 0.0138002 -44.4427 -0.0218579 0.014703 0.999653 0.143079
-0.999629 0.0264132 0.00669741 -64.261 -0.0263367 -0.99959 0.0112632 -45.425 0.00699216 0.0110826 0.999914 0.167397
-0.999803 -0.00536147 0.0191325 -64.2569 0.00563318 -0.999884 0.0141768 -46.5323 0.0190543 0.0142818 0.999716 0.135267
-0.998639 -0.0512961 0.00947143 -64.2494 0.0513722 -0.998648 0.00797593 -47.6552 0.00904949 0.00845164 0.999923 0.122338
-0.998881 -0.0465518 -0.00829514 -64.2891 0.0464429 -0.998838 0.0128621 -48.1496 -0.00888425 0.0124625 0.999883 0.117693
-0.99955 -0.0298783 -0.00262908 -64.3478 0.0298005 -0.999222 0.0258441 -49.3091 -0.00339922 0.0257541 0.999663 0.127251
-0.99933 -0.0349103 0.0109662 -64.3255 0.0352596 -0.998818 0.0334638 -49.7473 0.00978503 0.033828 0.99938 0.145625
-0.999903 -0.012908 0.00517793 -64.3474 0.0130552 -0.99948 0.0294852 -50.8546 0.00479465 0.0295499 0.999552 0.0906387
-0.999628 0.0267642 -0.00522483 -64.3145 -0.0269166 -0.999136 0.0316662 -51.3031 -0.00437279 0.0317951 0.999485 0.0977381
-0.99971 0.014467 -0.0192537 -64.3264 -0.0149918 -0.999512 0.0273945 -51.7907 -0.0188479 0.0276752 0.999439 0.0868668
-0.999865 0.00132157 0.0163992 -64.343 -0.000449351 -0.99859 0.0530786 -52.8611 0.0164462 0.053064 0.998456 0.101772
-0.999064 0.0222829 0.0370678 -64.3244 -0.0203996 -0.998519 0.0504319 -53.1408 0.0381367 0.0496285 0.998039 0.105567
-0.982376 0.186464 0.0129504 -64.2471 -0.186202 -0.982325 0.0191234 -54.1229 0.0162874 0.016375 0.999733 0.096295
-0.94992 0.312494 0.000699927 -63.6792 -0.312486 -0.949909 0.00498349 -56.4736 0.00222218 0.0045152 0.999987 0.0929143
-0.956038 0.293166 0.00666595 -63.3449 -0.292904 -0.955782 0.0262434 -57.8271 0.0140649 0.0231372 0.999633 0.102243
-0.940298 0.339818 0.0190548 -63.2143 -0.339273 -0.940302 0.0269542 -58.2858 0.0270768 0.0188802 0.999455 0.0916247
-0.957594 0.288089 -0.00430795 -63.0829 -0.28808 -0.957102 0.0310786 -58.8881 0.00483025 0.0310017 0.999508 0.0955387
-0.956813 0.290581 0.00845905 -62.494 -0.290512 -0.956834 0.00850563 -61.0312 0.0105655 0.00568084 0.999928 0.0828559
-0.977347 0.21109 -0.0152738 -62.3492 -0.211442 -0.977012 0.0272126 -61.7045 -0.00917837 0.0298257 0.999513 0.125155
-0.967135 0.253855 0.0143697 -62.1781 -0.253558 -0.967119 0.0197239 -62.347 0.0189043 0.0154321 0.999702 0.0947474
-0.978753 0.203276 0.0268632 -62.0488 -0.202488 -0.978844 0.0293713 -62.7443 0.0322654 0.0233077 0.999208 0.0942952
-0.997979 0.057344 -0.0273867 -61.9378 -0.057479 -0.998338 0.00416817 -63.6722 -0.0271021 0.0057339 0.999616 0.100472
-0.998389 0.0555438 0.0115625 -61.9214 -0.0551733 -0.99802 0.0302094 -64.2558 0.0132175 0.0295228 0.999477 0.0889486
-0.998296 0.0564434 0.0148142 -61.8703 -0.0566338 -0.998313 -0.0127642 -65.3707 0.0140688 -0.0135814 0.999809 0.0920469
-0.997385 0.0695114 -0.0198038 -61.839 -0.0696752 -0.99754 0.00770182 -66.2965 -0.0192197 0.00906151 0.999774 0.0809763
-0.997575 0.0691962 0.00747691 -61.8088 -0.0691008 -0.997533 0.0123496 -67.4288 0.00831301 0.011803 0.999896 0.0995255
-0.999784 0.0206839 -0.00190427 -61.8243 -0.0207279 -0.999419 0.0270629 -68.2528 -0.00134339 0.0270965 0.999632 0.0829395
-0.999943 -0.00401944 0.00987863 -61.8346 0.00395722 -0.999972 -0.00631167 -68.9262 0.00990373 -0.00627222 0.999931 0.0633283
-0.99858 0.0483295 0.0224226 -61.7927 -0.048044 -0.998759 0.0131049 -69.3508 0.0230281 0.012009 0.999663 0.0898665
-0.999945 -0.0070825 -0.00775782 -61.8158 0.00695895 -0.99985 0.0158393 -69.9915 -0.00786884 0.0157844 0.999844 0.0715026
-0.996802 0.0794421 0.00866508 -61.7654 -0.0792678 -0.996674 0.0188862 -71.5427 0.0101366 0.018139 0.999784 0.0893468
-0.995531 0.0942959 0.00515534 -61.7572 -0.0942396 -0.995497 0.0102543 -72.2888 0.00609906 0.0097226 0.999934 0.0896986
-0.988016 0.153752 0.013565 -61.7002 -0.153539 -0.98802 0.0155432 -73.6569 0.0157923 0.0132742 0.999787 0.0559552
-0.991342 0.129921 -0.0189902 -61.6857 -0.130315 -0.991245 0.0212283 -74.1205 -0.0160659 0.0235193 0.999594 0.134394
-0.983941 0.178406 0.00560347 -61.5515 -0.178493 -0.983554 -0.0276001 -76.2245 0.000587296 -0.028157 0.999603 0.107032
-0.994966 0.100209 0.00071899 -61.5193 -0.100208 -0.994965 0.00166212 -77.4533 0.00088193 0.0015817 0.999998 0.0629633
-0.988878 0.147366 0.0200996 -61.4665 -0.147401 -0.989077 -0.000289245 -78.289 0.0198375 -0.00324874 0.999798 0.066708
-0.991135 0.131419 -0.0195322 -61.4082 -0.131959 -0.990814 0.0295783 -79.4968 -0.0154657 0.0318935 0.999372 0.0744398
-0.993362 0.114861 0.00621051 -61.3764 -0.114891 -0.993367 -0.00473735 -81.0071 0.00562517 -0.00541944 0.999969 0.13433
-0.99478 0.10195 -0.00425449 -61.3634 -0.101877 -0.994688 -0.0147091 -81.792 -0.00573148 -0.0141989 0.999883 0.100192
-0.999507 0.0299183 0.00952009 -61.3609 -0.0297283 -0.999367 0.0195173 -83.9293 0.010098 0.0192246 0.999764 0.0648034
-0.999703 0.0242034 -0.00284105 -61.3405 -0.0241596 -0.999602 -0.0145547 -86.1318 -0.0031922 -0.0144818 0.99989 0.0485026
-0.999565 -0.0261089 0.0136804 -61.3475 0.0260653 -0.999655 -0.0033582 -86.5668 0.0137633 -0.00300016 0.999901 0.0270794
-0.999964 0.00788278 0.00315619 -61.3337 -0.00788812 -0.999968 -0.00167654 -87.8678 0.00314287 -0.00170138 0.999994 0.0204201
-0.998581 0.0526079 -0.00829391 -61.3166 -0.0525671 -0.998604 -0.00507749 -88.4331 -0.00854945 -0.0046343 0.999953 0.0274795
-0.999382 0.0238042 -0.0258652 -61.3098 -0.0242543 -0.999557 0.0172276 -88.9478 -0.0254436 0.0178443 0.999517 0.0545764
-0.999645 -0.025572 -0.00744229 -61.3475 0.0254107 -0.999456 0.0210135 -89.4418 -0.0079756 0.020817 0.999751 0.0287566
-0.999477 0.0311992 0.00848042 -61.336 -0.0310701 -0.999405 0.0149554 -90.4538 0.00894198 0.0146841 0.999852 -0.00885944
-0.99873 0.0487677 0.0126656 -61.2941 -0.0486403 -0.998764 0.0101828 -91.372 0.0131466 0.00955376 0.999868 -0.013061
-0.999139 0.0414394 0.00210994 -61.3031 -0.0414053 -0.999041 0.0142142 -91.6128 0.00269695 0.0141146 0.999897 -0.0176628
-0.999634 0.0261924 -0.00671017 -61.3108 -0.0263897 -0.999164 0.0312327 -91.9828 -0.0058865 0.0313984 0.99949 0.00664516
-0.999854 0.0166258 -0.00395841 -61.3207 -0.0166541 -0.999835 0.00723993 -92.9705 -0.00383739 0.0073048 0.999966 0.0125185
-0.998776 0.0492487 0.00449281 -61.3391 -0.0492604 -0.998783 -0.00251986 -93.757 0.00436324 -0.0027381 0.999987 0.0091991
-0.998992 0.044786 0.00294305 -61.3415 -0.0446836 -0.99859 0.0286455 -94.7494 0.00422182 0.0284851 0.999585 0.0292177
-0.998141 0.0586281 -0.016631 -61.3602 -0.0587397 -0.998253 0.00630143 -95.2412 -0.0162325 0.00726662 0.999842 -0.00884108
-0.996685 0.0809862 -0.00782796 -61.3447 -0.0811136 -0.996549 0.0176087 -96.6981 -0.00637489 0.0181853 0.999814 -0.0318995
-0.998144 0.0589944 0.0150834 -61.3305 -0.0586167 -0.997983 0.0243635 -98.3719 0.0164903 0.0234341 0.999589 -0.00952522
-0.998475 0.0527107 -0.0163956 -61.3287 -0.0529261 -0.998514 0.0129916 -99.22 -0.0156864 0.0138396 0.999781 -0.00911723
-0.995939 0.0898042 -0.00639389 -61.317 -0.0897747 -0.995951 -0.0047578 -100.573 -0.00679527 -0.00416447 0.999968 -0.0253426
-0.99954 0.0302491 -0.00228697 -61.3074 -0.0302405 -0.999536 -0.00373341 -101.065 -0.00239884 -0.00366253 0.99999 -0.0387654
-0.998881 0.0471519 0.00369238 -61.3276 -0.0470766 -0.998723 0.0183413 -102.681 0.00455249 0.0181469 0.999825 -0.0458742
-0.999176 0.0381379 0.0138635 -61.3179 -0.0380034 -0.999229 0.00984283 -103.377 0.0142282 0.00930786 0.999855 -0.0561148
-0.998708 0.0508134 0.000537973 -61.3095 -0.0508114 -0.998703 0.00326139 -103.91 0.000702999 0.00322984 0.999995 -0.0358469
-0.995899 0.0895525 0.0128367 -61.29 -0.0894285 -0.995944 0.00992863 -104.398 0.0136738 0.00873994 0.999868 -0.0585821
-0.999042 0.0433831 0.00578733 -61.289 -0.043307 -0.998981 0.0126878 -105.39 0.00633188 0.0124251 0.999903 -0.0810047
-0.99846 0.0552149 -0.0054603 -61.2961 -0.0552942 -0.998348 0.0156175 -106.558 -0.00458896 0.0158953 0.999863 -0.0649147
-0.998303 0.057025 0.0117927 -61.2834 -0.0569969 -0.998371 0.00270358 -107.482 0.0119276 0.00202684 0.999927 -0.0514805
-0.999942 -0.00828741 0.00681187 -61.2807 0.00823107 -0.999932 -0.0082581 -108.621 0.00687985 -0.00820155 0.999943 -0.0456353
-0.995843 0.0892021 0.0184351 -61.2625 -0.0896081 -0.995723 -0.0225145 -109.636 0.0163479 -0.0240728 0.999577 -0.0679045
-0.99639 0.0848245 0.00337795 -61.2726 -0.0846829 -0.995941 0.0304892 -110.903 0.00595047 0.030093 0.999529 -0.057365
-0.996095 0.0881544 0.00481521 -61.2923 -0.0879998 -0.995777 0.0261596 -111.591 0.00710096 0.0256337 0.999646 -0.0701122
-0.997506 0.0694227 0.0127279 -61.2829 -0.0692868 -0.997538 0.0108252 -112.818 0.013448 0.00991634 0.99986 -0.0401342
-0.999619 -0.0112327 0.0251933 -61.2871 0.0112951 -0.999934 0.00233332 -113.314 0.0251654 0.00261699 0.99968 -0.0338679
-0.999043 -0.0417342 0.0131066 -61.3102 0.0417466 -0.999128 0.000671102 -114.131 0.0130672 0.00121761 0.999914 -0.0359395
-0.999147 0.0361456 0.0199646 -61.2787 -0.0357658 -0.999178 0.0190683 -115.226 0.0206374 0.018338 0.999619 -0.0347445
-0.99999 -0.00283154 -0.00346487 -61.2951 0.0028002 -0.999956 0.00900889 -116.626 -0.00349022 0.0089991 0.999953 -0.0536784
-0.999634 0.0270306 0.00134096 -61.2916 -0.0270172 -0.999593 0.00917734 -117.237 0.00158849 0.00913775 0.999957 -0.0659
-0.999713 0.0216545 0.010237 -61.2849 -0.0215442 -0.99971 0.0107716 -117.847 0.0104673 0.010548 0.99989 -0.0849224
-0.999686 0.024357 0.00593244 -61.2824 -0.0241872 -0.999338 0.0271891 -118.45 0.00659075 0.027037 0.999613 -0.0598049
-0.999774 0.0199178 0.00737944 -61.3194 -0.0198031 -0.999687 0.0152915 -119.355 0.0076817 0.0151419 0.999856 -0.0886372
-0.999952 0.00743478 -0.00631624 -61.353 -0.0074751 -0.999952 0.00638012 -120.592 -0.0062685 0.00642703 0.99996 -0.126674
-0.99994 0.0078943 -0.0076063 -61.3629 -0.00826072 -0.998745 0.049407 -121.439 -0.00720672 0.0494668 0.99875 -0.0800568
-0.998591 0.0522875 0.00905751 -61.3579 -0.052273 -0.998631 0.0018374 -122.865 0.00914119 0.00136135 0.999957 -0.0670809
-0.999998 -0.00192894 0.000359592 -61.3801 0.00193807 -0.999622 0.027437 -124.795 0.00030653 0.0274376 0.999623 -0.0850073
-0.999937 -0.000855035 0.0112237 -61.3999 0.00119527 -0.999539 0.0303425 -125.206 0.0111926 0.030354 0.999477 -0.079603
-0.998898 0.046582 -0.00581782 -61.4124 -0.0466238 -0.998886 0.00728186 -129.004 -0.00547213 0.00754508 0.999957 -0.13863
-0.999766 0.0213356 -0.00371293 -61.3998 -0.0214081 -0.999556 0.0207179 -129.861 -0.00326926 0.0207925 0.999778 -0.149248
-0.999838 0.0179904 -0.000386952 -61.4165 -0.0179946 -0.999543 0.0243038 -130.977 5.04623e-05 0.0243068 0.999705 -0.169908
-0.999936 -0.00696598 0.00888222 -61.4358 0.00705426 -0.999926 0.00994552 -131.855 0.00881228 0.0100075 0.999911 -0.177917
-0.999996 -0.00252255 -0.00134976 -61.4501 0.00249854 -0.999844 0.0174616 -132.455 -0.00139359 0.0174582 0.999847 -0.173679
-0.999151 -0.0411834 0.00115256 -61.4746 0.0411995 -0.998746 0.0284322 -133.289 -1.98144e-05 0.0284555 0.999595 -0.16659
-0.999409 -0.0318953 0.0127832 -61.4843 0.0318197 -0.999475 -0.00607237 -136.6 0.0129702 -0.00566202 0.9999 -0.12876
-0.99925 -0.0387081 -0.00137095 -61.4945 0.0386837 -0.999143 0.0147572 -137.648 -0.00194099 0.0146931 0.99989 -0.158459
-0.999856 0.000820719 -0.0169427 -61.549 -0.00116486 -0.999793 0.02031 -138.426 -0.0169225 0.0203268 0.99965 -0.175382
-0.999676 0.0252871 0.00288361 -61.5544 -0.0252604 -0.999641 0.00895564 -138.963 0.00310903 0.0088799 0.999956 -0.16394
-0.99829 0.0561817 -0.016156 -61.6009 -0.056242 -0.998412 0.00329883 -139.789 -0.015945 0.00420183 0.999864 -0.184596
-0.998396 0.0566177 0.000364535 -61.58 -0.0566168 -0.998394 0.00217536 -140.301 0.000487115 0.00215124 0.999998 -0.228623
-0.99927 0.0370212 0.00937312 -61.5738 -0.036808 -0.999081 0.0219832 -140.777 0.0101784 0.0216222 0.999714 -0.219447
-0.999619 0.025969 -0.00936299 -61.5687 -0.025837 -0.999569 -0.0139616 -141.889 -0.00972152 -0.0137144 0.999859 -0.261951
-0.999654 -0.0164244 -0.0205535 -61.6128 0.0165163 -0.999854 -0.00431329 -142.04 -0.0204797 -0.00465126 0.999779 -0.243544
-0.999546 -0.0287757 -0.00887685 -61.6185 0.0287384 -0.999578 0.00430064 -142.177 -0.00899686 0.00404358 0.999951 -0.234125
-0.997004 -0.07734 0.00138529 -61.6617 0.0773471 -0.996566 0.0295732 -142.654 -0.000906663 0.0295917 0.999562 -0.23467
-0.991711 -0.124155 -0.0330874 -61.7533 0.123271 -0.991991 0.0275367 -143.13 -0.0362412 0.0232297 0.999073 -0.219825
-0.960784 -0.276332 -0.0231248 -62.0102 0.276038 -0.961028 0.0151517 -143.99 -0.0264105 0.00817424 0.999618 -0.245567
-0.96747 -0.25273 -0.0113729 -62.1191 0.252609 -0.967505 0.0110669 -144.43 -0.0138002 0.00783402 0.999874 -0.268415
-0.976656 -0.214806 0.00149656 -62.2373 0.214797 -0.976647 -0.00466638 -144.88 0.00246398 -0.00423599 0.999988 -0.263522
-0.955864 -0.293788 -0.00346764 -62.5255 0.293668 -0.955707 0.0195558 -145.718 -0.0090593 0.0176744 0.999803 -0.268568
-0.966946 -0.254884 0.0070995 -62.6462 0.254911 -0.96696 0.0030754 -146.138 0.00608106 0.00478349 0.99997 -0.273657
-0.973929 -0.224768 0.0306916 -62.7567 0.224133 -0.974292 -0.0227975 -146.727 0.0350268 -0.0153241 0.999269 -0.291461
-0.967781 -0.251791 0.000852035 -63.0092 0.251751 -0.967559 0.0212218 -147.362 -0.00451906 0.0207526 0.999774 -0.256611
-0.958205 -0.285054 0.0242438 -63.4522 0.285812 -0.957543 0.0377335 -148.797 0.0124583 0.0430856 0.998994 -0.371525
-0.912809 -0.405295 -0.0501649 -63.7151 0.402968 -0.913819 0.050503 -149.48 -0.0663102 0.0258847 0.997463 -0.292282
-0.846862 -0.531513 -0.0178552 -64.1662 0.529824 -0.84612 0.0580399 -150.238 -0.0459566 0.0396917 0.998155 -0.275236
-0.829623 -0.558313 -0.00347475 -64.6083 0.558178 -0.829534 0.0176313 -150.91 -0.0127262 0.0126878 0.999838 -0.294094
-0.826401 -0.562746 -0.0194545 -64.6936 0.562573 -0.82663 0.0139592 -150.999 -0.0239371 0.000591265 0.999713 -0.30938
-0.814603 -0.579992 0.00565346 -64.9915 0.579965 -0.814355 0.0216 -151.395 -0.0079239 0.0208742 0.999751 -0.318971
-0.786906 -0.616939 -0.01287 -65.2411 0.61565 -0.786337 0.0514681 -151.637 -0.0418728 0.0325772 0.998592 -0.329615
-0.832213 -0.554394 -0.00825126 -66.1074 0.554445 -0.832011 -0.0186907 -152.746 0.00349687 -0.0201295 0.999791 -0.328275
-0.66132 -0.749522 -0.0295195 -67.5074 0.748204 -0.661934 0.045098 -154.251 -0.053342 0.00773759 0.998546 -0.309375
-0.669967 -0.741739 -0.0310919 -67.788 0.741633 -0.670588 0.0170858 -154.484 -0.033523 -0.0116119 0.999371 -0.345572
-0.547484 -0.836812 -0.00255757 -68.4324 0.836663 -0.54744 0.0174398 -154.891 -0.015994 0.0074082 0.999845 -0.338558
-0.440443 -0.897627 0.0165955 -69.0385 0.897752 -0.440205 0.0161502 -155.245 -0.00719143 0.0220119 0.999732 -0.310125
-0.373083 -0.927797 0.001417 -69.3742 0.927187 -0.372781 0.0368564 -155.382 -0.033667 0.0150643 0.99932 -0.322199
-0.367449 -0.929862 -0.0183611 -69.5326 0.928805 -0.367907 0.0443404 -155.436 -0.0479856 -0.000761013 0.998848 -0.329901
-0.240427 -0.969927 0.0379103 -69.8857 0.970071 -0.238727 0.0444 -155.482 -0.0340145 0.0474506 0.998294 -0.341283
-0.208488 -0.977784 0.0217101 -70.1665 0.977968 -0.208185 0.0153971 -155.514 -0.0105353 0.0244419 0.999646 -0.393631
-0.233528 -0.972134 0.0205277 -70.6679 0.972349 -0.233508 0.00339193 -155.631 0.00149597 0.0207522 0.999783 -0.387162
-0.254566 -0.965873 0.0478142 -71.3067 0.966966 -0.25356 0.0261506 -155.841 -0.0131344 0.0528917 0.998514 -0.375159
-0.181576 -0.982484 0.0418851 -71.6628 0.983021 -0.1802 0.0346064 -155.936 -0.0264526 0.0474576 0.998523 -0.334411
-0.132366 -0.990394 0.0399845 -72.0122 0.990261 -0.130377 0.0488335 -155.97 -0.0431514 0.046059 0.998006 -0.308951
-0.0434908 -0.998398 0.0361979 -72.313 0.998711 -0.0424981 0.0277578 -155.996 -0.026175 0.0373584 0.998959 -0.323029
0.043542 -0.998922 0.0160854 -72.6252 0.998856 0.0438467 0.0191035 -155.959 -0.0197882 0.0152351 0.999688 -0.358918
-0.115354 -0.993111 0.0205887 -73.863 0.992819 -0.115931 -0.0294952 -155.976 0.0316789 0.0170384 0.999353 -0.348566
-0.0570852 -0.997498 0.041691 -74.2859 0.997807 -0.0556016 0.0359195 -155.997 -0.0335115 0.04365 0.998485 -0.327192
-0.0369856 -0.998061 0.0500685 -74.8963 0.998613 -0.0350349 0.0392942 -156.01 -0.0374638 0.0514524 0.997972 -0.329024
-0.0722781 -0.997326 0.0108344 -75.7262 0.99711 -0.0719992 0.0242332 -156 -0.0233883 0.0125547 0.999648 -0.336967
-0.0818422 -0.996559 0.013123 -76.4459 0.996562 -0.0816583 0.0139843 -155.997 -0.0128646 0.0142224 0.999816 -0.366524
-0.0798808 -0.996007 0.0398731 -76.9389 0.99679 -0.0795973 0.00865075 -155.997 -0.00544242 0.0404361 0.999167 -0.326312
-0.0789083 -0.996326 0.0332897 -77.3821 0.996882 -0.0788595 0.00277864 -156.01 -0.000143213 0.0334052 0.999442 -0.340974
-0.0835602 -0.995305 0.0488375 -77.8525 0.99584 -0.081617 0.0405176 -156.003 -0.0363414 0.05202 0.997985 -0.297954
-0.12352 -0.991765 0.0338472 -78.3074 0.992109 -0.12268 0.025879 -156.009 -0.0215136 0.0367767 0.999092 -0.361267
-0.107855 -0.993126 0.0454771 -78.7827 0.994113 -0.10726 0.0153186 -156.03 -0.0103354 0.0468615 0.998848 -0.324112
-0.092172 -0.99484 0.0424019 -79.7049 0.995481 -0.0910881 0.0268255 -156.052 -0.0228248 0.0446828 0.99874 -0.341957
-0.0973403 -0.994869 0.027579 -80.1614 0.995014 -0.0966751 0.0245072 -156.083 -0.0217152 0.029827 0.999319 -0.307184
-0.100793 -0.994686 0.0209997 -80.8125 0.994653 -0.100268 0.0247382 -156.108 -0.0225011 0.0233809 0.999473 -0.320832
-0.126127 -0.990973 0.045448 -83.4787 0.992005 -0.126193 0.00141766 -156.188 0.00433036 0.0452635 0.998966 -0.343167
-0.0976235 -0.993515 0.0582799 -85.0034 0.994903 -0.0959386 0.0310472 -156.236 -0.0252545 0.0610138 0.997817 -0.298653
-0.0891996 -0.994266 0.0589818 -85.7333 0.995941 -0.0883206 0.0173508 -156.284 -0.012042 0.06029 0.998108 -0.275457
-0.0665319 -0.996798 0.0443432 -87.0227 0.997446 -0.0652856 0.0289866 -156.318 -0.0259988 0.0461585 0.998596 -0.25688
-0.109356 -0.993465 0.032689 -87.6205 0.993918 -0.108858 0.0166391 -156.36 -0.0129719 0.0343098 0.999327 -0.236574
-0.097658 -0.995106 0.0150991 -88.0928 0.994673 -0.0970904 0.0346195 -156.355 -0.0329841 0.0183995 0.999287 -0.247018
-0.0887664 -0.995236 0.0403293 -88.7575 0.995897 -0.087964 0.0212546 -156.391 -0.0176058 0.0420505 0.99896 -0.261382
-0.0279961 -0.998786 0.0405323 -89.6278 0.999608 -0.0280092 0.000243831 -156.446 0.000891741 0.0405232 0.999178 -0.21891
-0.060437 -0.997541 0.0354807 -90.0546 0.998124 -0.0600489 0.0119048 -156.449 -0.00974496 0.0361336 0.999299 -0.2502
-0.120645 -0.992008 0.0369471 -90.4856 0.992337 -0.119517 0.0313581 -156.477 -0.0266916 0.0404471 0.998825 -0.237005
-0.086949 -0.995212 0.0446474 -90.8964 0.995786 -0.0855124 0.0331415 -156.5 -0.0291649 0.0473409 0.998453 -0.243581
-0.106781 -0.993484 0.0398341 -91.6491 0.993846 -0.105462 0.0338728 -156.513 -0.0294511 0.043206 0.998632 -0.266355
-0.127192 -0.991462 0.0287188 -92.6215 0.991469 -0.126254 0.0324056 -156.536 -0.0285031 0.0325955 0.999062 -0.280936
-0.0962522 -0.993676 0.0578296 -93.1086 0.994896 -0.0942772 0.0359669 -156.555 -0.0302874 0.0609964 0.997678 -0.277823
-0.100803 -0.994128 0.0393393 -93.4683 0.994668 -0.0998349 0.0258385 -156.558 -0.0217594 0.0417342 0.998892 -0.258926
0.00267496 -0.998027 0.0627341 -93.7555 0.999568 0.00450563 0.0290581 -156.551 -0.0292834 0.0626293 0.997607 -0.269884
-0.120922 -0.992394 0.0230481 -94.6203 0.992521 -0.121263 -0.0140296 -156.52 0.0167178 0.0211793 0.999636 -0.276593
-0.150165 -0.98834 0.0252015 -94.9989 0.988528 -0.149679 0.0201959 -156.535 -0.0161883 0.0279451 0.999478 -0.277295
0.0127937 -0.998344 0.0560935 -96.2189 0.996453 0.008063 -0.0837654 -156.54 0.0831743 0.0569662 0.994905 -0.316195
-0.0414406 -0.999141 0.000545642 -96.6311 0.99905 -0.0414442 -0.013464 -156.507 0.0134751 -1.28322e-05 0.999909 -0.202265
-0.145902 -0.987136 0.0653783 -96.6918 0.989199 -0.14651 -0.00458585 -156.546 0.0141054 0.064003 0.99785 -0.24395
-0.214282 -0.975789 0.0438134 -96.6893 0.975593 -0.211606 0.0586569 -156.54 -0.0479655 0.0553132 0.997316 -0.287369
-0.181157 -0.983424 -0.00769881 -97.0809 0.981871 -0.181304 0.0552934 -156.51 -0.0557727 0.00245752 0.99844 -0.27952
-0.0943432 -0.995187 0.0264926 -97.3639 0.995333 -0.0937476 0.0228928 -156.5 -0.020299 0.0285287 0.999387 -0.251949
-0.141907 -0.98988 -0.000440173 -98.0229 0.989857 -0.141901 -0.00692923 -156.515 0.00679665 -0.00141902 0.999976 -0.3476
-0.126397 -0.991923 0.0106059 -98.8351 0.990485 -0.126786 -0.0535224 -156.515 0.0544348 0.0037399 0.99851 -0.272303
-0.119297 -0.992734 0.0157202 -99.3155 0.992085 -0.119814 -0.0375628 -156.546 0.0391734 0.0111146 0.999171 -0.277569
-0.0778892 -0.996833 0.0160111 -99.8174 0.996955 -0.077937 -0.00238038 -156.545 0.0036207 0.015777 0.999869 -0.269439
-0.0514475 -0.998645 -0.0077913 -100.254 0.998643 -0.0513816 -0.00843225 -156.557 0.0080205 -0.00821455 0.999934 -0.301853
-0.0285993 -0.998569 0.0451786 -101.549 0.999332 -0.0275338 0.0240323 -156.553 -0.022754 0.0458358 0.99869 -0.255132
-0.0473075 -0.997731 0.0478968 -102.883 0.998592 -0.0460873 0.0262679 -156.554 -0.0240008 0.0490721 0.998507 -0.227094
-0.0274841 -0.998387 0.0496693 -103.531 0.999316 -0.0262125 0.0260752 -156.563 -0.0247312 0.050352 0.998425 -0.252201
-0.0208426 -0.999373 0.0286393 -104.868 0.999557 -0.0202212 0.0218194 -156.558 -0.0212266 0.0290814 0.999352 -0.247415
-0.0533053 -0.99784 0.0384022 -105.922 0.998406 -0.0525433 0.0205878 -156.564 -0.0185256 0.0394384 0.99905 -0.250414
-0.0494633 -0.998335 0.029671 -107.289 0.998283 -0.0484842 0.0328567 -156.569 -0.0313634 0.0312452 0.99902 -0.27774
-0.0479497 -0.998183 0.036501 -107.831 0.998418 -0.0468221 0.031145 -156.575 -0.0293793 0.0379366 0.998848 -0.271082
-0.0279574 -0.998005 0.0566103 -108.369 0.99925 -0.0263851 0.0283335 -156.564 -0.0267833 0.05736 0.997994 -0.232221
-0.0251451 -0.999334 0.0264348 -109.712 0.999652 -0.0253482 -0.00737129 -156.605 0.00803646 0.0262402 0.999623 -0.225137
0.0106296 -0.99942 0.0323462 -110.24 0.999918 0.0108533 0.00674679 -156.582 -0.00709394 0.0322718 0.999454 -0.224965
-0.0399054 -0.998852 0.0264862 -111.086 0.998975 -0.0393158 0.0224209 -156.583 -0.0213539 0.0273538 0.999398 -0.264407
-0.0379387 -0.998487 0.0397989 -111.891 0.998483 -0.036288 0.0414103 -156.594 -0.0399034 0.0413096 0.998349 -0.254787
-0.0186148 -0.99943 0.0281705 -112.95 0.999216 -0.0176112 0.0354623 -156.587 -0.034946 0.0288086 0.998974 -0.272922
-0.0136382 -0.999394 0.0320364 -113.485 0.999521 -0.0127357 0.0282101 -156.57 -0.027785 0.0324058 0.999089 -0.286133
-0.0636953 -0.997419 0.0331536 -114.047 0.99791 -0.0632944 0.0130042 -156.59 -0.0108722 0.0339126 0.999366 -0.292611
-0.0580949 -0.997888 0.0290615 -115.164 0.998175 -0.0575813 0.0182079 -156.602 -0.0164961 0.0300662 0.999412 -0.266391
-0.0364317 -0.998945 0.0279729 -115.969 0.99851 -0.0352495 0.0416508 -156.59 -0.0406208 0.0294486 0.998741 -0.262944
-0.0116786 -0.999868 0.0113101 -116.846 0.999545 -0.0113587 0.027943 -156.584 -0.0278108 0.0116313 0.999545 -0.31099
-0.00618761 -0.99795 0.0636912 -117.946 0.999708 -0.00468647 0.0236917 -156.586 -0.0233447 0.0638193 0.997688 -0.312265
-0.013878 -0.999484 0.0289795 -118.524 0.99951 -0.0130533 0.0284579 -156.565 -0.0280649 0.0293602 0.999175 -0.317351
-0.0316927 -0.999271 0.0212916 -119.911 0.999419 -0.0314162 0.0131979 -156.578 -0.0125194 0.0216975 0.999686 -0.307738
-0.00678761 -0.999565 0.0286936 -121.635 0.999414 -0.00581783 0.0337473 -156.561 -0.0335657 0.0289059 0.999018 -0.300884
0.0257566 -0.998706 0.0438446 -122.816 0.999207 0.0270525 0.0292259 -156.514 -0.0303742 0.0430571 0.998611 -0.19013
-0.0117449 -0.999391 0.0328693 -123.34 0.999534 -0.0108072 0.0285617 -156.521 -0.0281891 0.0331894 0.999051 -0.249479
0.0233891 -0.99959 0.016505 -124.744 0.999431 0.0237802 0.0239098 -156.472 -0.0242925 0.0159364 0.999578 -0.298915
0.0355309 -0.99891 0.0302819 -125.315 0.999207 0.0360542 0.0169132 -156.452 -0.0179866 0.029657 0.999398 -0.285309
0.00342217 -0.999382 0.0349837 -127.582 0.999531 0.00448271 0.0302818 -156.413 -0.0304199 0.0348637 0.998929 -0.291951
-0.0172256 -0.999084 0.0391665 -128.108 0.999259 -0.0158532 0.0350867 -156.42 -0.0344337 0.0397418 0.998617 -0.271576
0.0193067 -0.999232 0.0340958 -128.896 0.999483 0.0201655 0.0250272 -156.392 -0.0256955 0.033595 0.999105 -0.246736
-0.0025235 -0.999491 0.0317933 -129.684 0.999635 -0.00166568 0.0269794 -156.355 -0.0269127 0.0318498 0.99913 -0.21244
-0.00432085 -0.999987 0.00276424 -130.272 0.99933 -0.00421751 0.0363614 -156.331 -0.0363493 0.0029195 0.999335 -0.245094
0.0325868 -0.998736 0.0382729 -131.583 0.999046 0.0336632 0.0278256 -156.264 -0.0290788 0.0373296 0.99888 -0.235957
0.0169827 -0.999438 0.0288936 -132.115 0.999443 0.0177993 0.028247 -156.245 -0.0287454 0.0283978 0.999183 -0.240398
0.0439363 -0.998895 0.0166975 -132.922 0.998998 0.0440706 0.00776444 -156.191 -0.00849173 0.0163397 0.99983 -0.206865
0.0383109 -0.999175 0.0134868 -133.484 0.999131 0.0385242 0.0159253 -156.166 -0.0164317 0.012865 0.999782 -0.247833
0.0134704 -0.999016 0.0422506 -135.528 0.999682 0.0143571 0.0207538 -156.051 -0.0213399 0.0419576 0.998891 -0.241956
0.0164745 -0.999096 0.0392004 -136.099 0.999432 0.0176074 0.0287329 -156.027 -0.0293972 0.0387047 0.998818 -0.223238
0.0375072 -0.999228 0.0116863 -136.949 0.998667 0.0378959 0.0350387 -155.975 -0.0354545 0.0103565 0.999318 -0.247073
-0.00466867 -0.999707 0.02376 -139.562 0.999537 -0.00395114 0.0301583 -155.837 -0.0300556 0.0238898 0.999263 -0.248653
0.0196537 -0.998766 0.0456091 -142.08 0.999375 0.0209658 0.0284704 -155.697 -0.0293915 0.045021 0.998554 -0.171911
-0.0282576 -0.999172 0.0292648 -143.731 0.999565 -0.027998 0.00924337 -155.592 -0.00841636 0.0295132 0.999529 -0.196947
0.0572569 -0.996965 0.0527443 -146.681 0.997738 0.0590058 0.0322194 -155.295 -0.0352339 0.0507802 0.998088 -0.201228
-0.034022 -0.999133 0.0240062 -148.03 0.999109 -0.0334015 0.0257946 -155.19 -0.0249704 0.0248624 0.999379 -0.179388
0.00152845 -0.9987 0.0509486 -148.777 0.999339 0.00337581 0.0361937 -155.136 -0.0363186 0.0508596 0.998045 -0.150162
-0.00896708 -0.999513 0.0298824 -149.3 0.999409 -0.00796623 0.0334468 -155.104 -0.0331925 0.0301647 0.998994 -0.142133
0.0757149 -0.996542 0.034236 -150.019 0.996074 0.0771696 0.0433763 -155.005 -0.0458683 0.0308173 0.998472 -0.145103
0.106387 -0.993935 0.027837 -150.772 0.99313 0.10759 0.0460187 -154.839 -0.0487346 0.02275 0.998553 -0.150999
0.137398 -0.990393 0.0155864 -151.219 0.989976 0.137825 0.0308659 -154.738 -0.0327176 0.0111892 0.999402 -0.149411
0.114225 -0.993152 0.0245306 -152.099 0.993135 0.11478 0.0225391 -154.569 -0.0252004 0.0217876 0.999445 -0.154906
0.120802 -0.992151 0.0322961 -152.982 0.992608 0.121111 0.00781173 -154.422 -0.0116618 0.0311137 0.999448 -0.13261
0.168272 -0.985037 0.0372264 -153.989 0.984689 0.169716 0.0397991 -154.205 -0.0455215 0.0299593 0.998514 -0.12227
0.185706 -0.981947 0.0359635 -154.451 0.98205 0.186707 0.026798 -154.089 -0.0330289 0.0303414 0.998994 -0.156694
0.149318 -0.987834 0.0434614 -155.435 0.988731 0.149641 0.00427864 -153.926 -0.0107302 0.0423328 0.999046 -0.128709
0.155393 -0.98694 0.0424547 -156.136 0.987496 0.156348 0.0201759 -153.789 -0.0265502 0.0387887 0.998895 -0.111927
0.154644 -0.987533 0.0293971 -156.618 0.987536 0.15539 0.0250415 -153.678 -0.0292973 0.0251582 0.999254 -0.120476
0.233883 -0.972087 0.0186123 -158.238 0.972169 0.234086 0.00953699 -153.243 -0.0136277 0.0158638 0.999781 -0.170669
0.306037 -0.950334 0.0566237 -159.859 0.950545 0.308331 0.0373585 -152.704 -0.0529619 0.0423903 0.997696 -0.0744094
0.320161 -0.945849 0.0535404 -160.3 0.946712 0.321525 0.0189427 -152.536 -0.0351315 0.0446226 0.998386 -0.0626655
0.32096 -0.94695 0.0164492 -160.745 0.947065 0.32077 -0.0131953 -152.404 0.00721888 0.0198136 0.999778 -0.100911
0.30885 -0.950472 0.034864 -161.135 0.950412 0.30982 0.0269903 -152.224 -0.0364551 0.0247992 0.999027 -0.118548
0.271624 -0.962142 0.0224185 -161.817 0.962284 0.271883 0.00942209 -152 -0.0151606 0.0190137 0.999704 -0.115502
0.222964 -0.973896 0.0425931 -162.957 0.974497 0.223812 0.0162507 -151.689 -0.0253594 0.0378835 0.99896 -0.133761
0.354388 -0.934836 0.022171 -164.418 0.934844 0.354745 0.0149044 -151.145 -0.0217982 0.0154445 0.999643 -0.134498
0.348487 -0.937237 0.0119567 -165.094 0.937052 0.348663 0.0191939 -150.882 -0.0221581 0.00451525 0.999744 -0.134054
0.29293 -0.954428 0.0570792 -166.007 0.955068 0.2949 0.0296632 -150.588 -0.0451441 0.0458252 0.997929 -0.0940157
0.348816 -0.935788 0.0512645 -166.431 0.934695 0.351356 0.0537919 -150.374 -0.0683499 0.0291532 0.997235 -0.0776875
0.35535 -0.934189 0.0319017 -167.219 0.934122 0.356145 0.0240149 -150.038 -0.0337961 0.0212663 0.999202 -0.136058
0.429446 -0.903091 -0.00165868 -168.609 0.902869 0.429297 0.0230716 -149.345 -0.0201237 -0.0114056 0.999732 -0.180797
0.431086 -0.902299 0.00467552 -169.379 0.902267 0.43111 0.00759514 -148.918 -0.00886875 0.00094441 0.99996 -0.19613
0.468126 -0.882916 0.0363057 -170.758 0.882059 0.469355 0.0409595 -148.121 -0.0532041 0.0128495 0.998501 -0.137148
0.484585 -0.874416 0.0239554 -171.171 0.873498 0.485174 0.0400905 -147.86 -0.0466783 0.00149779 0.998909 -0.120603
0.443795 -0.89593 0.0188436 -171.962 0.895874 0.444072 0.0145082 -147.426 -0.0213663 0.0104428 0.999717 -0.0802456
0.445454 -0.895088 0.0196807 -172.553 0.894697 0.445854 0.0270411 -147.11 -0.0329789 0.00556275 0.99944 -0.0774003
0.457362 -0.88878 0.0298481 -172.919 0.887968 0.458252 0.0389498 -146.887 -0.0482958 0.00869004 0.998795 -0.0757646
0.449814 -0.892857 0.0217491 -173.267 0.892039 0.450334 0.0382776 -146.696 -0.0439708 0.00218325 0.99903 -0.0767979
0.473248 -0.880735 -0.0184973 -174.871 0.880803 0.472722 0.0268266 -145.757 -0.0148831 -0.0289881 0.999469 -0.0928576
0.475336 -0.879591 0.0193999 -175.792 0.879187 0.475713 0.0269835 -145.239 -0.0329632 0.00422997 0.999448 -0.0830749
0.459317 -0.888212 -0.0103975 -176.603 0.887356 0.45828 0.0507932 -144.846 -0.0403502 -0.0325565 0.998655 -0.130855
0.789258 -0.61333 0.0299581 -177.797 0.610864 0.789186 0.0634923 -143.621 -0.0625842 -0.0318115 0.997533 -0.136453
0.814835 -0.579333 0.0204401 -178.184 0.578465 0.814897 0.0363554 -143.078 -0.0377185 -0.0177998 0.99913 -0.0880963
0.860068 -0.509643 0.0233977 -178.401 0.507811 0.859588 0.0568898 -142.731 -0.0491059 -0.0370475 0.998106 -0.0863231
0.93633 -0.349111 0.0375104 -178.843 0.347132 0.936453 0.0505456 -141.58 -0.0527728 -0.0343063 0.998017 -0.118916
0.916549 -0.399923 0.000806118 -179.053 0.39983 0.916376 0.0197622 -140.997 -0.00864204 -0.0177907 0.999804 -0.0890381
0.915599 -0.40206 -0.00508751 -179.2 0.401984 0.914985 0.0348072 -140.562 -0.00933959 -0.0339145 0.999381 -0.0836973
0.913535 -0.406649 0.00948199 -179.383 0.406265 0.913325 0.0280267 -140.169 -0.0200572 -0.0217512 0.999562 -0.0721163
0.932639 -0.359584 0.0297165 -179.74 0.358484 0.932815 0.03667 -139.133 -0.040906 -0.023547 0.998886 -0.118622
0.92918 -0.368477 0.0291362 -180.006 0.36836 0.929635 0.00949096 -138.335 -0.0305832 0.00191381 0.99953 -0.101432
0.922924 -0.384462 0.0200297 -180.38 0.384299 0.923136 0.0115793 -137.301 -0.022942 -0.00298937 0.999732 -0.0660677
0.92222 -0.385079 0.0349973 -180.634 0.385072 0.922858 0.0072124 -136.642 -0.0350749 0.00682505 0.999361 -0.0550709
0.909688 -0.413656 0.0368246 -181.527 0.413486 0.910425 0.0124803 -134.374 -0.0386886 0.00387328 0.999244 -0.0915048
0.925376 -0.376936 0.0399773 -181.845 0.376718 0.926235 0.0131327 -133.576 -0.0419785 0.00290743 0.999114 -0.100573
0.906788 -0.420506 0.0301781 -182.012 0.420341 0.907288 0.0119413 -133.133 -0.0324016 0.00185689 0.999473 -0.0941183
0.908279 -0.417312 0.0296585 -182.289 0.41723 0.908754 0.00919421 -132.494 -0.0307892 0.00402353 0.999518 -0.078745
0.910008 -0.411693 0.0489271 -182.446 0.411424 0.911305 0.0159043 -132.087 -0.0511352 0.00565672 0.998676 -0.110632
0.911202 -0.410265 0.0373405 -182.737 0.410728 0.911742 -0.00538207 -131.44 -0.0318368 0.020241 0.999288 -0.0849272
0.915844 -0.399741 0.0379028 -182.906 0.400391 0.916276 -0.011171 -131.014 -0.0302639 0.0254068 0.999219 -0.0765582
0.929319 -0.367877 0.0321518 -183.058 0.368672 0.929258 -0.0236738 -130.631 -0.0211682 0.033854 0.999203 -0.0814608
0.926218 -0.376551 0.0181452 -183.355 0.376509 0.926395 0.00581009 -129.998 -0.0189974 0.00145041 0.999818 -0.058336
0.917772 -0.394579 0.0447381 -183.516 0.395366 0.918469 -0.00999917 -129.603 -0.0371451 0.0268649 0.998949 -0.043315
0.916122 -0.398969 0.0392885 -184.058 0.399424 0.916757 -0.00417525 -128.371 -0.0343522 0.0195178 0.999219 -0.0578811
0.909858 -0.410959 0.0571876 -184.239 0.41273 0.91056 -0.0231251 -127.96 -0.0425692 0.0446436 0.998096 -0.0337321
0.91215 -0.407533 0.0435756 -184.462 0.408875 0.912161 -0.0279908 -127.376 -0.0283407 0.0433488 0.998658 -0.0363892
0.904489 -0.425124 0.0341916 -184.636 0.425073 0.905113 0.00910843 -126.971 -0.0348195 0.00629549 0.999374 -0.0193921
0.915136 -0.401201 0.0395534 -184.798 0.401761 0.915717 -0.00705144 -126.592 -0.0333907 0.022344 0.999193 0.00195339
0.93369 -0.357645 0.0176985 -184.962 0.357674 0.933845 0.00159841 -126.19 -0.0170993 0.00483787 0.999842 -0.0161902
0.926828 -0.375429 0.006529 -185.114 0.37543 0.92685 0.00117371 -125.769 -0.00649205 0.00136335 0.999978 -0.00644913
0.920592 -0.390375 0.0108538 -185.363 0.390518 0.920395 -0.0192227 -125.2 -0.00248575 0.0219348 0.999756 -0.00929342
0.921939 -0.385449 0.0381764 -185.474 0.385732 0.922611 -4.86057e-05 -124.873 -0.0352032 0.0147707 0.999271 -0.0225279
0.915618 -0.39932 0.0467681 -185.918 0.399086 0.916797 0.0146572 -123.791 -0.0487297 0.00524407 0.998798 -0.0434957
0.898881 -0.436337 0.0402927 -186.144 0.436057 0.899777 0.0159559 -123.218 -0.0432166 0.0032275 0.99906 -0.0477651
0.898861 -0.437314 0.0283895 -186.307 0.437698 0.899079 -0.00879244 -122.836 -0.0216794 0.0203292 0.999558 -0.0315695
0.909959 -0.412891 0.0386694 -186.797 0.413408 0.910525 -0.00612347 -121.635 -0.0326811 0.0215583 0.999233 -0.0104823
0.900739 -0.430839 0.0551922 -187.026 0.430962 0.902312 0.0102635 -121.068 -0.0542225 0.0145411 0.998423 0.0163375
0.91057 -0.411709 0.0368603 -187.245 0.411626 0.911296 0.0101665 -120.472 -0.0377763 0.00591533 0.999269 0.0122455
0.899568 -0.435752 0.0299685 -187.396 0.435349 0.900057 0.0192124 -120.046 -0.0353452 -0.00423607 0.999366 -0.0109464
0.877714 -0.477228 0.0432548 -187.641 0.477587 0.878582 0.00229978 -119.49 -0.0391004 0.0186393 0.999061 -0.00467971
0.898305 -0.438563 0.0266526 -188.232 0.436852 0.897996 0.0525653 -117.97 -0.0469871 -0.0355765 0.998262 0.0130546
0.913769 -0.40447 0.0378209 -188.835 0.403353 0.914416 0.0339055 -116.519 -0.0482978 -0.0157266 0.998709 0.00816269
0.887772 -0.45968 0.0235768 -188.989 0.457324 0.886704 0.0679091 -116.174 -0.052122 -0.0495055 0.997413 -0.00345971
0.919934 -0.390211 0.0381656 -189.118 0.388653 0.920408 0.0424135 -115.878 -0.0516782 -0.0241845 0.998371 0.00710303
0.965332 -0.252269 0.0670381 -189.343 0.250954 0.967608 0.027504 -115.098 -0.0718051 -0.009727 0.997371 -0.0100212
0.99127 -0.105294 0.0793536 -189.361 0.106319 0.994293 -0.00880354 -114.843 -0.0779737 0.0171635 0.996808 -0.0229256
0.998693 -0.0497368 0.0117365 -189.384 0.0496267 0.998723 0.00950031 -114.952 -0.0121941 -0.00890545 0.999886 -0.0225547
0.994906 -0.099101 0.0184417 -189.37 0.097843 0.993404 0.0597967 -114.933 -0.024246 -0.0576877 0.99804 -0.0058471
0.985899 -0.163446 0.0358853 -189.364 0.162622 0.986376 0.0248112 -114.933 -0.0394517 -0.0186256 0.999048 -0.0144686
0.986427 -0.159826 0.0376481 -189.363 0.158754 0.986864 0.0299552 -114.93 -0.0419412 -0.0235719 0.998842 -0.0105424
0.986198 -0.162256 0.0329667 -189.368 0.161184 0.986374 0.0329568 -114.934 -0.0378649 -0.0271882 0.998913 -0.00717852
0.985347 -0.167184 0.0337692 -189.361 0.165933 0.985444 0.0369643 -114.92 -0.0394575 -0.0308192 0.998746 -0.0108625
0.984983 -0.169824 0.031106 -189.362 0.168719 0.985033 0.0352545 -114.904 -0.0366275 -0.0294769 0.998894 -0.0150443
0.984961 -0.170248 0.0294507 -189.368 0.169433 0.985136 0.0282704 -114.908 -0.0338259 -0.0228554 0.999166 -0.00738333
0.984959 -0.169759 0.0321969 -189.37 0.168806 0.985182 0.0303469 -114.914 -0.0368715 -0.0244555 0.999021 -0.00793931
0.984222 -0.173892 0.0326908 -189.363 0.172734 0.984331 0.0354292 -114.922 -0.0383394 -0.0292234 0.998837 -0.0169399
0.983078 -0.180807 0.0294381 -189.363 0.179803 0.983121 0.0338128 -114.9 -0.0350548 -0.0279475 0.998995 -0.0129319
0.983294 -0.17925 0.0316632 -189.37 0.178377 0.983548 0.0285592 -114.92 -0.0362615 -0.0224341 0.99909 -0.0167183
0.979723 -0.197604 0.0330817 -189.357 0.196301 0.979772 0.0389001 -114.909 -0.0400994 -0.0316174 0.998695 -0.0179693
0.982947 -0.18167 0.0284974 -189.36 0.180761 0.983014 0.0317738 -114.91 -0.0337857 -0.0260807 0.999089 -0.0157635
0.982642 -0.182554 0.0329922 -189.353 0.181446 0.982814 0.0339604 -114.907 -0.0386249 -0.0273846 0.998878 -0.012815
0.983294 -0.179402 0.0307788 -189.355 0.178419 0.983427 0.0322062 -114.912 -0.0360466 -0.0261767 0.999007 -0.00863449
0.98365 -0.177488 0.030501 -189.359 0.176387 0.983675 0.0356505 -114.905 -0.0363306 -0.0296876 0.998899 -0.0134017
0.984197 -0.174057 0.0325514 -189.359 0.172917 0.984311 0.0350855 -114.888 -0.0381476 -0.0289024 0.998854 -0.0117508
0.983027 -0.180681 0.0318009 -189.361 0.179758 0.983258 0.0298556 -114.891 -0.0366629 -0.0236324 0.999048 -0.00981185
