0.352453 -0.935811 0.00582023 -189.911 0.935678 0.352501 0.0157889 -113.808 -0.0168271 -0.000118999 0.999858 -0.120647
0.352453 -0.935812 0.00577456 -189.906 0.935678 0.3525 0.0158185 -113.807 -0.0168387 -0.000172146 0.999858 -0.131646
0.35235 -0.935851 0.00572526 -189.904 0.935716 0.352397 0.0158611 -113.804 -0.0168612 -0.000231438 0.999858 -0.133846
0.352338 -0.935856 0.00572029 -189.907 0.935721 0.352384 0.0158752 -113.806 -0.0168726 -0.000240828 0.999858 -0.124546
0.35235 -0.935851 0.00572067 -189.907 0.935716 0.352396 0.0158799 -113.807 -0.0168771 -0.000242356 0.999858 -0.123746
0.352321 -0.935862 0.00576033 -189.907 0.935726 0.352368 0.0159138 -113.808 -0.0169229 -0.000216673 0.999857 -0.127247
0.352347 -0.935851 0.00584468 -189.906 0.935716 0.352396 0.015906 -113.806 -0.0169453 -0.000135481 0.999856 -0.128746
0.352422 -0.935823 0.00590439 -189.909 0.935688 0.352471 0.0158647 -113.807 -0.0169277 -6.63968e-05 0.999857 -0.129047
0.35236 -0.935845 0.00597351 -189.91 0.935711 0.352411 0.0158515 -113.807 -0.0169397 4.03449e-06 0.999857 -0.126047
0.352391 -0.935833 0.00601575 -189.907 0.935699 0.352443 0.0158619 -113.807 -0.0169643 3.93381e-05 0.999856 -0.134846
0.35235 -0.935848 0.00611476 -189.907 0.935714 0.352403 0.0158506 -113.809 -0.0169886 0.000136727 0.999856 -0.126947
0.352258 -0.935883 0.0061376 -189.904 0.935749 0.352312 0.0158052 -113.809 -0.0169542 0.000175725 0.999856 -0.131446
0.352247 -0.935887 0.00613658 -189.899 0.935754 0.3523 0.0157818 -113.807 -0.0169319 0.000183243 0.999857 -0.126246
0.350549 -0.936524 0.00618488 -189.878 0.936397 0.350603 0.0154166 -113.734 -0.0166065 0.000387221 0.999862 -0.105444
0.350263 -0.936626 0.0068916 -189.819 0.93646 0.35033 0.017653 -113.571 -0.0189486 0.0002705 0.99982 -0.10794
0.347833 -0.937537 0.00602554 -189.718 0.937427 0.347884 0.0144026 -113.327 -0.0155992 0.000638818 0.999878 -0.111832
0.345102 -0.938532 0.00792696 -189.536 0.938374 0.345189 0.0172643 -112.836 -0.0189394 0.00148052 0.99982 -0.0988181
0.344111 -0.938869 0.010585 -189.459 0.938697 0.344255 0.0183507 -112.64 -0.0208729 0.00362138 0.999776 -0.114012
0.342547 -0.939454 0.00937067 -189.397 0.939294 0.342664 0.017555 -112.454 -0.0197031 0.00278838 0.999802 -0.108907
0.341984 -0.939677 0.00733066 -189.319 0.939521 0.342061 0.017184 -112.247 -0.018655 0.00101065 0.999825 -0.0892012
0.3413 -0.939918 0.00825367 -189.242 0.939742 0.341397 0.0182678 -112.045 -0.019988 0.00152151 0.999799 -0.102695
0.341972 -0.939669 0.00885229 -189.155 0.939459 0.342083 0.0198856 -111.838 -0.0217141 0.00151607 0.999763 -0.0847892
0.34007 -0.940353 0.00938852 -189.077 0.940135 0.340195 0.0203375 -111.634 -0.0223184 0.00191028 0.999749 -0.0799832
0.338852 -0.940813 0.00710295 -188.982 0.940628 0.338927 0.0186296 -111.414 -0.0199343 0.000368553 0.999801 -0.0717766
0.337939 -0.941121 0.00942517 -188.888 0.940977 0.338055 0.0167407 -111.184 -0.0189413 0.00321153 0.999815 -0.0782697
0.338237 -0.941003 0.0104546 -188.764 0.940828 0.33838 0.0185093 -110.859 -0.0209549 0.00357545 0.999774 -0.0491604
0.336427 -0.941655 0.0101887 -188.632 0.941518 0.336557 0.0165397 -110.508 -0.0190037 0.00402849 0.999811 -0.0614504
0.336 -0.941795 0.0112473 -188.59 0.941694 0.336142 0.0148861 -110.402 -0.0178003 0.00558979 0.999826 -0.0460473
0.336598 -0.941583 0.01108 -188.458 0.941447 0.336746 0.0167408 -110.06 -0.019494 0.00479632 0.999798 -0.0754375
0.335998 -0.94179 0.0117141 -188.326 0.941635 0.336165 0.0178249 -109.7 -0.0207252 0.00504132 0.999772 -0.0519273
0.334665 -0.942268 0.0114456 -188.226 0.942142 0.334818 0.0162675 -109.456 -0.0191606 0.00533923 0.999802 -0.0269201
0.335003 -0.942132 0.0126675 -188.13 0.942042 0.33517 0.0147808 -109.219 -0.0181712 0.00698169 0.999811 -0.0231132
0.335705 -0.94184 0.0154634 -188.038 0.941779 0.335921 0.014472 -108.975 -0.0188248 0.00970478 0.999776 -0.0554063
0.336421 -0.941552 0.0173506 -187.89 0.941562 0.336639 0.0116456 -108.594 -0.0168059 0.0124189 0.999782 -0.0805954
0.336471 -0.941607 0.0128233 -187.747 0.94164 0.336566 0.00613459 -108.227 -0.0100923 0.0100108 0.999899 -0.052485
0.336805 -0.941517 0.0103627 -187.55 0.941558 0.336844 0.00213623 -107.714 -0.00550189 0.00903754 0.999944 -0.0551704
0.337231 -0.941392 0.00748534 -187.303 0.941412 0.337179 -0.00740346 -107.069 0.00444567 0.00954345 0.999945 -0.0405523
0.337305 -0.941349 0.00933636 -187.203 0.941361 0.33719 -0.0119579 -106.81 0.00810841 0.0128223 0.999885 -0.046945
0.336078 -0.941786 0.00951722 -187.098 0.941781 0.335934 -0.0140217 -106.55 0.0100083 0.0136755 0.999856 -0.0542375
0.335991 -0.941831 0.00798813 -187.051 0.941774 0.335828 -0.0167911 -106.423 0.0131317 0.0131647 0.999827 -0.068634
0.33713 -0.941449 0.00406342 -186.958 0.941363 0.337032 -0.0156254 -106.182 0.0133411 0.00909297 0.99987 -0.0436272
0.33887 -0.940784 0.00965367 -186.848 0.940786 0.338732 -0.0135332 -105.913 0.00946183 0.013668 0.999862 -0.0511195
0.339301 -0.940649 0.00732346 -186.663 0.940618 0.339182 -0.0138916 -105.406 0.0105831 0.011602 0.999877 -0.0399057
0.338449 -0.940963 0.00634036 -186.318 0.940933 0.338353 -0.0127001 -104.552 0.00980505 0.0102642 0.999899 -0.0603815
0.33875 -0.940875 0.00138169 -185.971 0.940819 0.338713 -0.0115736 -103.633 0.0104213 0.00522047 0.999932 -0.0444563
0.339149 -0.940725 0.00376589 -185.796 0.940692 0.339094 -0.0107113 -103.153 0.00879938 0.00717526 0.999936 -0.0245433
0.339495 -0.94058 0.00727397 -185.546 0.940566 0.339397 -0.0120244 -102.536 0.00884111 0.0109239 0.999901 -0.015626
0.340474 -0.940222 0.00773436 -185.431 0.940228 0.340392 -0.010285 -102.219 0.00703749 0.0107738 0.999917 -0.0119176
0.34088 -0.940072 0.00804069 -185.192 0.940014 0.340714 -0.0169466 -101.606 0.0131915 0.0133351 0.999824 -0.0206008
0.341299 -0.939905 0.00967773 -185.012 0.939867 0.341108 -0.0171863 -101.14 0.0128524 0.0149615 0.999805 -0.0209881
0.341349 -0.93992 0.00556176 -184.771 0.939842 0.341225 -0.0161901 -100.533 0.0133196 0.0107537 0.999853 -0.0281715
0.341201 -0.939956 0.00799025 -184.586 0.939902 0.34104 -0.0166206 -100.073 0.0128976 0.013181 0.99983 -0.0172589
0.342725 -0.939415 0.00626592 -184.178 0.939327 0.342576 -0.0174783 -99.013 0.0142728 0.011876 0.999828 -0.00493046
0.341699 -0.9398 0.00410652 -184.123 0.939662 0.341565 -0.0191985 -98.8731 0.0166401 0.0104188 0.999807 -0.0098267
0.345015 -0.93857 0.0071095 -184.001 0.938493 0.344853 -0.0175367 -98.5467 0.0140077 0.0127226 0.999821 -0.0251181
0.344596 -0.938734 0.0057031 -183.707 0.938585 0.344414 -0.0208962 -97.798 0.0176517 0.0125536 0.999765 -0.041198
0.344967 -0.938595 0.0060825 -183.465 0.938473 0.344794 -0.0196548 -97.1764 0.0163507 0.0124885 0.999788 -0.0260815
0.345741 -0.93831 0.00617539 -183.294 0.938214 0.345587 -0.0179899 -96.7244 0.014746 0.0120137 0.999819 -0.0309697
0.347122 -0.937807 0.00493161 -182.507 0.937679 0.346974 -0.0191416 -94.7565 0.01624 0.0112687 0.999805 -0.0230175
0.346897 -0.937888 0.0053174 -182.275 0.937739 0.346725 -0.0206824 -94.1548 0.0175541 0.012161 0.999772 0.0103981
0.347296 -0.937646 0.0143304 -182.101 0.937676 0.347026 -0.018366 -93.6775 0.0122478 0.0198157 0.999729 -0.00758983
0.348668 -0.937243 0.00230813 -181.802 0.937109 0.348574 -0.0179687 -92.9105 0.0160365 0.0084281 0.999836 -0.02267
0.348471 -0.937304 0.00535995 -181.688 0.937159 0.3483 -0.0204875 -92.6108 0.0173361 0.0121624 0.999776 -0.0201624
0.350058 -0.936728 3.83519e-06 -181.509 0.936592 0.350007 -0.0170273 -92.1605 0.0159486 0.00596412 0.999855 -0.0243507
0.35005 -0.936728 0.00238719 -181.384 0.936619 0.349968 -0.0163288 -91.8456 0.0144602 0.00795177 0.999864 -0.00264263
0.350941 -0.93639 0.00385225 -181.204 0.936249 0.350809 -0.0192565 -91.3905 0.0166801 0.0103645 0.999807 -0.00593095
0.351424 -0.936205 0.00460546 -181.04 0.936075 0.351281 -0.019114 -90.9281 0.0162768 0.0110282 0.999807 -0.00791964
0.350525 -0.936531 0.00642344 -180.917 0.936366 0.350309 -0.022406 -90.632 0.0187337 0.0138685 0.999728 -0.0218119
0.352464 -0.935821 0.00277918 -180.8 0.935684 0.352358 -0.0184132 -90.3145 0.0162522 0.00909044 0.999827 -0.00460408
0.353187 -0.935532 0.00628658 -180.673 0.935437 0.35303 -0.0180764 -90.0198 0.0146917 0.012265 0.999817 -0.0252963
0.352278 -0.935872 0.00654826 -180.552 0.935762 0.352101 -0.0193479 -89.7222 0.0158015 0.0129435 0.999791 -0.0161886
0.353773 -0.935318 0.0049483 -180.262 0.935212 0.353638 -0.0178669 -88.9644 0.0149613 0.0109485 0.999828 -0.00476979
0.354693 -0.934975 0.00392708 -180.072 0.934864 0.354577 -0.0174648 -88.5183 0.0149367 0.00986593 0.99984 -0.00315818
0.355978 -0.934473 0.00638978 -179.955 0.934405 0.35584 -0.0162987 -88.2089 0.012957 0.0117726 0.999847 -0.0181506
0.35547 -0.934676 0.0046984 -179.66 0.934551 0.355327 -0.018909 -87.479 0.0160043 0.0111125 0.99981 -0.0200321
0.354998 -0.934848 0.00597149 -179.324 0.934716 0.354819 -0.0202181 -86.5934 0.016782 0.012759 0.999778 -0.00911056
0.356069 -0.934456 0.0028283 -179.212 0.934353 0.35598 -0.0162045 -86.2906 0.0141356 0.00841254 0.999865 -0.000903274
0.354357 -0.93511 0.000182201 -179.086 0.934987 0.354307 -0.016327 -85.994 0.015203 0.00595593 0.999867 -0.00479573
0.355309 -0.934748 0.00101051 -178.983 0.934637 0.355249 -0.0158774 -85.6936 0.0144824 0.00658584 0.999873 0.00601124
0.355603 -0.934628 0.00425929 -178.923 0.934552 0.355505 -0.0151529 -85.5449 0.0126482 0.00936895 0.999876 -0.00768509
0.373092 -0.927794 0.000868524 -178.734 0.927719 0.373049 -0.0130651 -85.0947 0.0117977 0.00568023 0.999914 -0.0165737
0.416595 -0.909037 0.0100627 -178.125 0.909041 0.416428 -0.015233 -83.8064 0.00965696 0.0154934 0.999833 -0.00593956
0.419097 -0.907878 0.010771 -177.931 0.907891 0.418919 -0.01549 -83.3792 0.00955088 0.0162707 0.999822 0.00187148
0.420151 -0.907375 0.011985 -177.792 0.907384 0.419918 -0.0180016 -83.0882 0.0113014 0.0184384 0.999766 -2.0824e-05
0.423109 -0.90606 0.00583456 -177.516 0.905981 0.422959 -0.0174453 -82.5363 0.0133387 0.0126672 0.999831 0.00689406
0.424443 -0.905453 -0.00152652 -177.322 0.905279 0.424393 -0.0189809 -82.1245 0.0178342 0.0066744 0.999819 0.0106048
0.42783 -0.903856 0.00231769 -176.776 0.903722 0.427719 -0.018528 -80.9942 0.0157553 0.0100214 0.999826 0.0175345
0.413361 -0.91055 0.00560196 -176.45 0.910428 0.413183 -0.0200134 -80.3081 0.0159085 0.0133729 0.999784 -0.00364777
0.409538 -0.912289 0.0028896 -176.207 0.912204 0.409451 -0.015319 -79.7552 0.0127922 0.00890961 0.999878 0.00826591
0.410171 -0.912007 0.00182757 -176.086 0.911885 0.410082 -0.0172424 -79.4775 0.0149757 0.00873887 0.99985 0.00407275
0.410747 -0.911749 -0.000374183 -175.968 0.911674 0.410719 -0.0127019 -79.2192 0.0117346 0.00487614 0.999919 0.00937923
0.412434 -0.910936 0.00967781 -175.636 0.910894 0.412217 -0.0186658 -78.5169 0.013014 0.0165139 0.999779 -0.0016029
0.414328 -0.910028 0.0134375 -175.511 0.910044 0.414045 -0.0196515 -78.2294 0.0123197 0.0203709 0.999717 -0.0056959
0.410835 -0.911702 0.00388216 -175.2 0.911571 0.410694 -0.0192085 -77.5434 0.015918 0.0114304 0.999808 0.0120211
0.414962 -0.909836 0.00227343 -175.075 0.909704 0.414857 -0.0182202 -77.2309 0.0156342 0.00962884 0.999831 0.0113283
0.415831 -0.909436 0.00315257 -174.862 0.909315 0.415713 -0.0181433 -76.8385 0.0151896 0.0104112 0.99983 -0.0112611
0.41733 -0.908729 0.00692535 -174.533 0.908631 0.417134 -0.0197209 -76.1362 0.0150322 0.0145227 0.999782 0.00675639
0.41935 -0.907815 0.00423695 -174.096 0.907695 0.419207 -0.018843 -75.1608 0.0153298 0.0117477 0.999813 0.00957994
0.420926 -0.907091 0.00255348 -173.887 0.906965 0.420817 -0.0181116 -74.731 0.0153543 0.00993955 0.999833 0.0204907
0.422621 -0.906298 0.00384525 -173.766 0.906166 0.422477 -0.0193958 -74.4278 0.0159539 0.0116815 0.999804 0.0247976
0.423621 -0.905826 0.00499464 -173.437 0.905703 0.423455 -0.0196796 -73.7015 0.0157113 0.0128603 0.999794 0.051015
0.425353 -0.905025 0.00195904 -173.242 0.904859 0.425232 -0.020187 -73.2808 0.0174367 0.0103593 0.999794 0.0497252
0.427175 -0.904169 0.000396057 -172.95 0.903976 0.427075 -0.0208463 -72.7132 0.0186794 0.00926304 0.999783 0.0311396
0.42615 -0.904653 -0.000127392 -172.668 0.904403 0.426036 -0.0234152 -72.1115 0.0212369 0.00986316 0.999726 0.0345541
0.42908 -0.903266 0.000508883 -172.493 0.903059 0.42897 -0.0216693 -71.7706 0.0193549 0.00975743 0.999765 0.0380627
0.427994 -0.903778 0.00250759 -172.339 0.903537 0.427812 -0.024455 -71.4243 0.0210291 0.0127323 0.999698 0.0389708
0.42757 -0.903981 -0.00136214 -172.249 0.903752 0.427495 -0.0219258 -71.2538 0.0204028 0.00814378 0.999759 0.0407752
0.430896 -0.9024 0.00190441 -171.459 0.902229 0.430772 -0.0204534 -69.6016 0.0176367 0.0105315 0.999789 0.0380148
0.432874 -0.901443 0.00441664 -170.868 0.901243 0.432662 -0.0237566 -68.323 0.0195043 0.0142641 0.999708 0.0309445
0.435127 -0.900365 -0.0025945 -170.617 0.90018 0.435093 -0.0192261 -67.7662 0.0184394 0.00603028 0.999812 0.0445572
0.434247 -0.900793 0.0013607 -170.531 0.900574 0.434107 -0.0227495 -67.5782 0.0199019 0.0111043 0.99974 0.0446615
0.435547 -0.900146 0.00589792 -170.034 0.90001 0.435341 -0.0214442 -66.5097 0.0167353 0.0146482 0.999753 0.0463861
0.43792 -0.898995 0.00590649 -169.789 0.898866 0.437719 -0.0209942 -65.999 0.0162883 0.0145029 0.999762 0.0543979
0.440492 -0.897756 0.000146237 -169.287 0.897609 0.440417 -0.0181671 -65.012 0.0162452 0.00813373 0.999835 0.0507214
0.443119 -0.896461 0.00197706 -168.84 0.896288 0.442988 -0.0207324 -64.0023 0.01771 0.0109589 0.999783 0.0684435
0.444887 -0.895577 0.00403525 -168.551 0.895485 0.444765 -0.0170346 -63.396 0.0134611 0.011192 0.999847 0.0638573
0.445072 -0.895491 0.00263913 -168.401 0.895349 0.444945 -0.0193299 -63.0843 0.0161355 0.0109661 0.99981 0.0781644
0.445154 -0.895431 0.00641091 -168.262 0.895309 0.444942 -0.0211701 -62.7711 0.0161038 0.0151637 0.999755 0.0680711
0.446108 -0.894942 0.00819246 -168.105 0.89488 0.445904 -0.0189435 -62.4528 0.0133002 0.0157821 0.999787 0.0629784
0.44746 -0.894283 0.00615976 -167.814 0.894186 0.447278 -0.0193131 -61.8137 0.0145162 0.0141498 0.999794 0.0719923
0.447878 -0.894046 0.0093611 -167.665 0.89399 0.447641 -0.0200045 -61.5013 0.0136945 0.0173283 0.999756 0.0601993
0.44868 -0.893647 0.00900121 -167.434 0.893572 0.448431 -0.0209474 -60.9969 0.0146831 0.0174419 0.99974 0.0589102
0.450806 -0.892579 0.00873346 -167.285 0.89254 0.450612 -0.0179064 -60.6933 0.0120475 0.0158673 0.999802 0.066617
0.451921 -0.892021 0.00810769 -166.976 0.891958 0.451716 -0.0190794 -60.0709 0.0133568 0.0158541 0.999785 0.063731
0.453559 -0.89115 0.0116772 -166.743 0.891136 0.453286 -0.0202144 -59.6054 0.0127209 0.0195743 0.999727 0.0559415
0.453791 -0.891048 0.010398 -166.602 0.890992 0.453512 -0.0214773 -59.2816 0.0144217 0.0190107 0.999715 0.0547483
0.45624 -0.889818 0.00832889 -166.143 0.889718 0.455984 -0.0219089 -58.3207 0.015697 0.0174061 0.999725 0.0599691
0.460402 -0.887707 0.0025726 -165.352 0.887544 0.460258 -0.0207064 -56.6623 0.0171971 0.0118166 0.999782 0.0329047
0.461869 -0.886945 0.00252699 -165.192 0.886808 0.461743 -0.0190943 -56.3045 0.0157688 0.01106 0.999815 0.044912
0.463482 -0.886093 0.00479129 -164.724 0.885993 0.46333 -0.0184726 -55.3818 0.0141485 0.0128067 0.999818 0.0695322
0.465458 -0.885038 0.00752339 -163.991 0.884903 0.465189 -0.0233879 -53.8519 0.0171994 0.0175436 0.999698 0.0583643
0.465615 -0.884904 0.0121102 -163.7 0.884863 0.465276 -0.0231496 -53.2785 0.0148506 0.0214947 0.999659 0.0557766
0.467031 -0.884218 0.00640669 -163.524 0.884118 0.466833 -0.0200545 -52.8928 0.0147417 0.0150304 0.999778 0.0603843
0.468221 -0.883566 0.00896558 -163.332 0.883526 0.468011 -0.0186317 -52.4862 0.0122663 0.0166451 0.999786 0.0525926
0.468066 -0.88362 0.0114331 -162.944 0.883597 0.467784 -0.0208606 -51.6644 0.0130846 0.0198664 0.999717 0.0608093
0.468198 -0.883572 0.00958778 -162.84 0.883516 0.467943 -0.0207266 -51.4588 0.0138269 0.0181751 0.999739 0.0599136
0.470507 -0.882371 0.00674812 -162.337 0.882246 0.470272 -0.0220624 -50.4346 0.0162938 0.016334 0.999734 0.0605346
0.471973 -0.881595 0.00559209 -161.83 0.881465 0.471768 -0.0213073 -49.4145 0.0161463 0.0149857 0.999757 0.0480556
0.473902 -0.880568 0.00409397 -161.63 0.880443 0.473742 -0.0197086 -48.9894 0.0154153 0.0129444 0.999797 0.0408639
0.473665 -0.880685 0.00597725 -161.422 0.880514 0.47341 -0.0240339 -48.603 0.0183366 0.0166471 0.999693 0.0524722
0.472894 -0.881093 0.00679619 -161.227 0.880939 0.472626 -0.0239081 -48.1846 0.0178532 0.017293 0.999691 0.0458803
0.475517 -0.879694 0.00466559 -161.023 0.879538 0.475315 -0.022125 -47.7654 0.0172456 0.0146244 0.999744 0.0407886
0.477071 -0.878833 0.00747204 -160.711 0.878711 0.47681 -0.0227907 -47.1332 0.0164665 0.0174385 0.999712 0.0278012
0.479474 -0.877525 0.0073465 -160.077 0.877389 0.479203 -0.023535 -45.8435 0.0171321 0.0177302 0.999696 0.0300266
0.480774 -0.87682 0.00654342 -159.752 0.876686 0.480532 -0.0226152 -45.1816 0.0166852 0.0166094 0.999723 0.0188395
0.482974 -0.875582 0.0096131 -159.325 0.875468 0.48264 -0.0247848 -44.2758 0.0170615 0.0203864 0.999647 0.0194565
0.483886 -0.87511 0.00611431 -159.099 0.87491 0.483595 -0.0258433 -43.8107 0.0196589 0.0178547 0.999647 0.0145654
0.489383 -0.87205 0.00579191 -158.08 0.871865 0.489113 -0.0249094 -41.7446 0.0188893 0.01724 0.999673 0.00600467
0.489222 -0.872145 0.00498508 -157.731 0.871934 0.488958 -0.0255113 -41.039 0.019812 0.0168273 0.999662 0.00701789
0.493387 -0.869801 0.00396857 -156.913 0.869657 0.49321 -0.0209847 -39.3912 0.0162952 0.0138049 0.999772 -0.00255149
0.4947 -0.869 0.0104987 -156.562 0.868934 0.494381 -0.0232561 -38.6806 0.0150192 0.0206275 0.999674 -0.0128385
0.497907 -0.867119 0.0138921 -155.971 0.867128 0.497538 -0.0233493 -37.4827 0.0133348 0.023672 0.999631 -0.0359168
0.499717 -0.866078 0.0138903 -155.741 0.866129 0.499429 -0.0197948 -36.9952 0.0102066 0.0219226 0.999708 -0.0282083
0.505231 -0.862954 0.00725575 -154.954 0.862926 0.505081 -0.0158722 -35.4476 0.0100322 0.0142803 0.999848 -0.0323804
0.507412 -0.861649 0.00968944 -154.77 0.861663 0.507246 -0.015428 -35.0562 0.00837858 0.0161774 0.999834 -0.0361737
0.506595 -0.862167 0.00539765 -154.264 0.86208 0.506426 -0.0187478 -34.0841 0.0134302 0.0141507 0.99981 -0.0595562
0.508824 -0.860828 0.00858713 -154.264 0.860762 0.508576 -0.0209751 -34.0841 0.0136888 0.0180641 0.999743 -0.0595562
0.508045 -0.861295 0.0078732 -154.182 0.861213 0.507803 -0.0211997 -33.9154 0.0142611 0.0175509 0.999744 -0.0555533
0.50943 -0.860487 0.00653177 -154.103 0.860397 0.509223 -0.0202057 -33.749 0.0140606 0.0159133 0.999775 -0.0375505
0.511043 -0.859526 0.00706843 -153.936 0.859441 0.510823 -0.0205335 -33.433 0.0140383 0.0165684 0.999764 -0.0501448
0.511631 -0.859202 0.0023695 -153.661 0.859034 0.511472 -0.0213861 -32.8769 0.017163 0.0129773 0.999768 -0.0428353
0.517603 -0.855618 -0.00236209 -153.379 0.855322 0.517493 -0.0249924 -32.308 0.0226063 0.0109158 0.999685 -0.0230256
0.518333 -0.855179 0.00020396 -153.245 0.854938 0.518181 -0.0238662 -32.03 0.0203042 0.012545 0.999715 -0.0360209
0.519301 -0.851297 -0.0749703 -153.029 0.854414 0.518979 0.025245 -31.5961 0.0174171 -0.0771654 0.996866 0.0209864
0.513322 -0.855892 0.0628475 -152.826 0.858 0.510263 -0.0588829 -31.1827 0.0183287 0.084149 0.996285 -0.0389067
0.514433 -0.855805 0.0543703 -152.746 0.857425 0.512343 -0.0482353 -31.0045 0.0134238 0.0714323 0.997355 -0.0254039
0.517706 -0.855553 0.00309298 -152.44 0.855375 0.517516 -0.0226116 -30.4156 0.0177448 0.0143518 0.99974 -0.0239937
0.519686 -0.854349 0.00382049 -152.301 0.854197 0.519497 -0.0217114 -30.148 0.0165644 0.0145466 0.999757 -0.0234891
0.518928 -0.85481 0.00360425 -151.764 0.854685 0.518769 -0.0198234 -29.1058 0.0150755 0.0133674 0.999797 -0.0301714
0.51732 -0.85575 0.00849247 -151.437 0.855651 0.51703 -0.0232578 -28.4388 0.015512 0.0192983 0.999693 -0.0497606
0.520198 -0.854046 0.000229622 -151.026 0.853857 0.520078 -0.0211584 -27.6269 0.0179508 0.0112026 0.999776 -0.0410473
0.520582 -0.853796 0.00515815 -150.06 0.85366 0.520367 -0.0219485 -25.7172 0.0160554 0.0158293 0.999746 -0.0480165
0.521786 -0.853075 0.00124692 -149.564 0.852974 0.521701 -0.0162118 -24.7246 0.0131794 0.00952268 0.999868 -0.0593009
0.52266 -0.852506 0.00772187 -149.301 0.852426 0.52242 -0.0211535 -24.2273 0.0139994 0.0176384 0.999746 -0.0623928
0.523388 -0.852091 -0.00249135 -148.921 0.851862 0.523312 -0.0218074 -23.4852 0.0198856 0.00929144 0.999759 -0.0630812
0.525913 -0.850533 0.00313716 -148.538 0.850345 0.525711 -0.0232798 -22.7305 0.018151 0.0149108 0.999724 -0.0581695
0.525703 -0.85065 0.00561519 -147.915 0.8505 0.525456 -0.0233515 -21.5357 0.0169135 0.0170517 0.999712 -0.0833509
0.527419 -0.849602 0.00226034 -147.674 0.849388 0.527222 -0.0240065 -21.052 0.0192043 0.0145814 0.999709 -0.0897437
0.52574 -0.850637 0.00365093 -147.326 0.8504 0.525481 -0.0262638 -20.3653 0.0204225 0.0169127 0.999648 -0.0730334
0.555941 -0.831222 0.000632606 -146.834 0.830919 0.555717 -0.0274397 -19.4948 0.0224569 0.0157805 0.999623 -0.0523193
0.564355 -0.825532 -0.000577889 -146.482 0.82527 0.564193 -0.0248102 -18.8366 0.0208076 0.0135248 0.999692 -0.0602092
0.567184 -0.823582 0.00389699 -146.23 0.82342 0.566964 -0.0230488 -18.4132 0.0167732 0.0162818 0.999727 -0.0493022
0.568315 -0.82281 -0.00141133 -145.987 0.822509 0.568152 -0.0260994 -17.983 0.0222767 0.0136718 0.999658 -0.0564954
0.569119 -0.822254 0.000743428 -145.743 0.821964 0.568894 -0.0270999 -17.5581 0.0218601 0.0160341 0.999632 -0.0719886
0.567735 -0.823206 -0.00294033 -145.504 0.822964 0.567648 -0.0225095 -17.1238 0.020199 0.0103596 0.999742 -0.065982
0.592907 -0.805271 0.000331105 -144.608 0.805073 0.592753 -0.0223994 -15.6488 0.0178413 0.0135473 0.999749 -0.0552578
0.590784 -0.80683 0.000619564 -144.384 0.806528 0.590541 -0.0278271 -15.3009 0.0220859 0.0169395 0.999613 -0.0429519
0.595588 -0.803278 0.00439998 -143.931 0.803046 0.595263 -0.0279113 -14.561 0.0198014 0.020157 0.999601 -0.0789399
0.600222 -0.799832 0.00110629 -142.244 0.799727 0.60012 -0.0171363 -11.8526 0.0130422 0.0111703 0.999853 -0.0832964
0.603748 -0.796593 0.0304585 -142.008 0.797102 0.602732 -0.0366545 -11.4737 0.0108404 0.0464086 0.998864 -0.12809
0.603267 -0.797451 0.0118971 -141.887 0.797397 0.60281 -0.0279008 -11.2801 0.0150779 0.0263183 0.99954 -0.104487
0.606321 -0.795206 0.00469893 -141.69 0.794996 0.605998 -0.0273559 -10.9878 0.018906 0.0203221 0.999615 -0.117483
0.603799 -0.795057 -0.0575366 -141.286 0.796948 0.603652 0.0218766 -10.3448 0.0173389 -0.0590627 0.998104 -0.0545725
0.611037 -0.791465 -0.0147086 -141.107 0.791338 0.611208 -0.0144891 -10.0285 0.0204577 -0.00278612 0.999787 -0.097068
0.609546 -0.789657 0.0699657 -140.949 0.792581 0.60521 -0.0744098 -9.7705 0.0164143 0.10081 0.99477 -0.0724642
0.610504 -0.791747 0.0205305 -140.864 0.791769 0.609467 -0.0406398 -9.62688 0.0196638 0.0410662 0.998963 -0.0751621
0.614189 -0.789153 0.00302507 -140.009 0.788997 0.613981 -0.02261 -8.30612 0.0159854 0.0162736 0.99974 -0.118341
0.616439 -0.787395 0.0036077 -139.488 0.787272 0.616246 -0.0210946 -7.49043 0.0143865 0.0158437 0.999771 -0.104829
0.617415 -0.786631 0.0032051 -139.177 0.786534 0.617262 -0.0187675 -7.00297 0.0127847 0.0141083 0.999819 -0.120222
0.618223 -0.785988 0.00474809 -138.871 0.78588 0.618009 -0.0213984 -6.53544 0.0138845 0.0169604 0.99976 -0.118314
0.65675 -0.754103 0.00282753 -137.256 0.753934 0.656513 -0.0239704 -4.14728 0.0162199 0.0178743 0.999709 -0.117577
0.672429 -0.740157 0.00274979 -136.844 0.739999 0.672199 -0.0234567 -3.59438 0.0155132 0.0178078 0.999721 -0.120468
0.687857 -0.725825 0.00548432 -136.567 0.725687 0.687529 -0.026124 -3.24411 0.0151909 0.0219495 0.999644 -0.122162
0.703042 -0.711136 0.00425002 -136.128 0.710944 0.702684 -0.0281848 -2.73949 0.0170568 0.0228366 0.999594 -0.162153
0.710344 -0.703849 0.00292562 -135.877 0.703693 0.710085 -0.0244118 -2.37771 0.0151048 0.0193995 0.999698 -0.130447
0.725005 -0.688743 -0.000929326 -135.439 0.68855 0.724832 -0.0227655 -1.91893 0.0163532 0.0158652 0.99974 -0.153338
0.733655 -0.67952 -0.00192957 -135.163 0.679352 0.733531 -0.0203311 -1.58484 0.0152308 0.0136051 0.999791 -0.130332
0.738604 -0.674138 -0.00173207 -134.699 0.673907 0.738413 -0.0244011 -1.08807 0.0177287 0.0168555 0.999701 -0.148822
0.743596 -0.668622 -0.00316426 -134.043 0.66843 0.743481 -0.0209009 -0.344474 0.0163274 0.0134268 0.999777 -0.147208
0.744578 -0.667533 -0.00193535 -133.687 0.667344 0.744431 -0.0217999 0.0253861 0.0159929 0.0149402 0.999761 -0.1598
0.748196 -0.663325 -0.0142242 -133.139 0.663203 0.748331 -0.0127402 0.60476 0.0190953 9.86657e-05 0.999818 -0.145589
0.767329 -0.641238 -0.00439435 -132.176 0.64087 0.767089 -0.0293285 1.62797 0.0221774 0.0196884 0.99956 -0.138069
0.782102 -0.623118 -0.00637537 -131.771 0.622746 0.781922 -0.0280271 2.013 0.0224492 0.0179498 0.999587 -0.157061
0.828424 -0.560081 -0.00471231 -130.935 0.559827 0.828253 -0.0242909 2.734 0.0175079 0.0174851 0.999694 -0.150844
0.875659 -0.482917 -0.00355189 -129.802 0.482706 0.875453 -0.0240146 3.55223 0.0147066 0.019314 0.999705 -0.151421
0.905332 -0.424646 -0.00711706 -128.886 0.424442 0.905233 -0.020046 4.10314 0.014955 0.0151275 0.999774 -0.171003
0.954666 -0.297267 -0.0156896 -126.771 0.297076 0.95476 -0.0134005 5.14395 0.0189633 0.00813196 0.999787 -0.174861
0.966489 -0.256347 -0.0135733 -125.569 0.256119 0.966504 -0.0164951 5.60162 0.0173471 0.0124659 0.999772 -0.162738
0.970313 -0.241438 -0.0141255 -124.109 0.241216 0.970343 -0.0158015 6.13436 0.0175217 0.0119251 0.999775 -0.15851
0.97834 -0.206562 -0.0135535 -123.368 0.206414 0.978396 -0.0115934 6.37023 0.0156554 0.00854467 0.999841 -0.161596
0.993027 -0.117785 0.00488819 -122.106 0.117817 0.99301 -0.00705823 6.70343 -0.00402267 0.00758493 0.999963 -0.149972
0.996207 -0.0865602 0.00888567 -121.34 0.0866657 0.996162 -0.0122673 6.82977 -0.00778971 0.0129909 0.999885 -0.173057
0.999471 -0.0325076 -0.000851948 -118.033 0.0325053 0.999468 -0.00264683 7.34213 0.000937537 0.00261773 0.999996 -0.131296
0.999554 -0.0285023 -0.00892134 -117.518 0.0283175 0.999395 -0.0201988 7.40735 0.00949165 0.0199371 0.999756 -0.128986
0.999851 -0.0167727 -0.00399676 -116.744 0.0167318 0.999809 -0.0100531 7.51133 0.00416462 0.00998471 0.999941 -0.126972
0.999928 -0.0100375 -0.00658496 -116.217 0.0099421 0.999847 -0.0143704 7.56149 0.0067282 0.0143039 0.999875 -0.133163
0.999932 0.00509085 -0.0105155 -115.688 -0.00525008 0.999871 -0.0151701 7.60412 0.0104369 0.0152243 0.99983 -0.129653
0.999554 0.0269418 -0.0129165 -115.162 -0.0271217 0.999535 -0.0139656 7.64066 0.0125342 0.0143097 0.999819 -0.126344
0.993839 0.10981 -0.0150212 -113.07 -0.110047 0.993798 -0.015982 7.66655 0.013173 0.0175366 0.999759 -0.135206
0.989271 0.144786 -0.0194859 -110.125 -0.145104 0.989287 -0.0160274 7.55746 0.0169566 0.018683 0.999682 -0.166355
0.985142 0.171042 -0.0154676 -107.971 -0.171325 0.985026 -0.0192818 7.40706 0.011938 0.0216453 0.999694 -0.192018
0.980964 0.192985 -0.021607 -106.646 -0.193269 0.981073 -0.0119122 7.27594 0.0188992 0.0158615 0.999696 -0.181995
0.968143 0.249815 -0.0170973 -105.331 -0.249952 0.968237 -0.00640467 7.07051 0.0149542 0.0104741 0.999833 -0.171273
0.966927 0.254313 -0.0194277 -104.548 -0.254548 0.967001 -0.0107141 6.93585 0.0160619 0.015305 0.999754 -0.18866
0.966206 0.257712 -0.00548921 -103.547 -0.257685 0.966215 0.00518184 6.76985 0.00663918 -0.00359224 0.999972 -0.164344
0.964686 0.263083 -0.0129974 -101.724 -0.263245 0.964642 -0.0129804 6.42633 0.00912289 0.0159435 0.999831 -0.152214
0.957406 0.288503 -0.0117873 -101.23 -0.288667 0.957295 -0.0160663 6.32068 0.00664876 0.0187846 0.999801 -0.151906
0.926259 0.376879 -0.00253325 -100.236 -0.376886 0.926254 -0.00316367 6.00906 0.00115411 0.00388513 0.999992 -0.15469
0.882082 0.47104 -0.00720361 -98.3592 -0.471081 0.882071 -0.00573861 5.24462 0.00365098 0.00845541 0.999958 -0.12846
0.879973 0.474925 -0.0096351 -97.8903 -0.475 0.879949 -0.00805682 5.03632 0.00465201 0.0116665 0.999921 -0.122953
0.875363 0.48338 -0.00906782 -96.2752 -0.483437 0.87536 -0.00567598 4.31176 0.00519396 0.00935227 0.999943 -0.112528
0.874899 0.48406 -0.0154444 -95.3525 -0.484228 0.874884 -0.0100085 3.88608 0.00866735 0.016235 0.999831 -0.114314
0.873649 0.486191 -0.0188782 -92.3293 -0.486369 0.873732 -0.00613662 2.50582 0.0135109 0.014543 0.999803 -0.101268
0.873398 0.48674 -0.0161611 -92.1086 -0.486833 0.873492 -0.00222007 2.39819 0.013036 0.00980679 0.999867 -0.110065
0.872471 0.488467 -0.0139249 -90.9448 -0.488514 0.872556 1.11104e-05 1.86686 0.0121557 0.00679283 0.999903 -0.0982483
0.87308 0.487358 -0.0146175 -88.6034 -0.48746 0.873134 -0.0043232 0.792804 0.0106561 0.0108999 0.999884 -0.0986152
0.873436 0.486748 -0.0136122 -87.6775 -0.486894 0.873393 -0.0108922 0.37266 0.00658699 0.0161414 0.999848 -0.0762023
0.872484 0.488598 -0.00657209 -86.5033 -0.48864 0.872444 -0.00850365 -0.162873 0.00157891 0.0106307 0.999942 -0.0667863
0.8729 0.487856 -0.00645083 -84.6292 -0.487895 0.872868 -0.00772367 -1.03439 0.00186268 0.00988932 0.999949 -0.0972613
0.890512 0.454911 -0.00669892 -83.462 -0.454956 0.890475 -0.00835917 -1.52906 0.00216254 0.0104916 0.999943 -0.104446
0.895059 0.445942 -0.00211993 -82.7711 -0.445944 0.895027 -0.00773715 -1.81731 -0.00155292 0.00787058 0.999968 -0.0980371
0.91144 0.411418 -0.00351756 -82.0579 -0.411433 0.911401 -0.00845214 -2.06625 -0.000271458 0.00915086 0.999958 -0.0837279
0.919443 0.393222 0.000742872 -81.595 -0.393205 0.919418 -0.00777054 -2.22317 -0.00373856 0.00685247 0.99997 -0.0858221
0.925159 0.379535 0.00579019 -80.8921 -0.379483 0.925161 -0.0083799 -2.4452 -0.00853732 0.00555546 0.999948 -0.0603132
0.927957 0.372655 0.00498797 -80.4091 -0.372597 0.927943 -0.00969373 -2.60101 -0.00824096 0.00713686 0.999941 -0.0706071
0.929016 0.369919 0.00943709 -79.9368 -0.36991 0.929064 -0.00274627 -2.75273 -0.00978355 -0.000939544 0.999952 -0.0571013
0.930109 0.367198 0.00786419 -79.4672 -0.367158 0.930138 -0.00617276 -2.90798 -0.00958141 0.00285394 0.99995 -0.0462955
0.929978 0.367444 0.0112268 -78.9889 -0.367355 0.930035 -0.0092536 -3.06224 -0.0138415 0.00448142 0.999894 -0.0396896
0.931444 0.363723 0.0108953 -78.2649 -0.363679 0.931506 -0.00581682 -3.29181 -0.0122648 0.00145564 0.999924 -0.0467808
0.931451 0.363663 0.0121382 -77.7829 -0.363621 0.93153 -0.00562986 -3.4505 -0.0133544 0.000830245 0.99991 -0.028575
0.9323 0.361553 0.00980231 -76.8136 -0.361523 0.932351 -0.0047565 -3.75946 -0.0108589 0.000890729 0.999941 -0.0240634
0.937904 0.346859 0.00507891 -75.8569 -0.34681 0.937896 -0.0085677 -4.06167 -0.00773528 0.00627426 0.99995 -0.00585217
0.962368 0.271715 0.00435349 -74.9088 -0.27163 0.962296 -0.0142697 -4.30097 -0.00806665 0.0125502 0.999889 -0.00214113
0.966855 0.255278 0.00487109 -74.4037 -0.255251 0.966859 -0.00555843 -4.38414 -0.0061286 0.00413085 0.999973 -0.0170353
0.969231 0.246115 0.00433835 -73.6873 -0.246053 0.969189 -0.0114393 -4.54726 -0.00702007 0.0100199 0.999925 -0.00172708
0.971149 0.238396 0.00602137 -72.708 -0.23832 0.971122 -0.0111881 -4.74493 -0.00851468 0.00943028 0.999919 -0.00141599
0.971821 0.235692 0.00376902 -71.7314 -0.235636 0.971773 -0.0115147 -4.94438 -0.00637655 0.0103021 0.999927 0.0231949
0.972141 0.234365 0.00378726 -70.9754 -0.234333 0.972129 -0.00727014 -5.05268 -0.00538557 0.00618012 0.999966 0.00990328
0.976049 0.21755 -0.00120429 -70.4823 -0.217547 0.97597 -0.0125008 -5.13939 -0.00154419 0.0124634 0.999921 -0.00259133
0.978006 0.208565 0.00207103 -70.0009 -0.208541 0.977976 -0.00861855 -5.21669 -0.00382295 0.00799711 0.999961 -0.0118861
0.978924 0.204224 -9.021e-05 -69.5068 -0.204212 0.978859 -0.0114833 -5.29387 -0.00225686 0.0112597 0.999934 0.00641925
0.979386 0.201969 0.00335824 -69.0141 -0.201925 0.979346 -0.0104122 -5.37172 -0.00539183 0.00951947 0.99994 -0.0101755
0.98043 0.19679 0.00563122 -68.2785 -0.19669 0.980354 -0.0147763 -5.48789 -0.00842843 0.0133795 0.999875 -0.0293677
0.981045 0.193369 0.0126004 -67.315 -0.193158 0.981033 -0.0162452 -5.63507 -0.0155028 0.0135034 0.999789 -0.00765755
0.922251 0.386229 0.016721 -65.4713 -0.386213 0.9224 -0.00431216 -6.12243 -0.0170889 -0.00248097 0.999851 0.0409612
0.844358 0.535749 0.00573384 -64.7756 -0.535697 0.844367 -0.00855218 -6.54224 -0.00942328 0.0041495 0.999947 0.0612679
0.768312 0.640054 0.00526057 -64.2196 -0.640048 0.768329 -0.0030081 -6.97644 -0.0059672 -0.00105585 0.999982 0.076273
0.695117 0.718829 0.0098686 -63.8338 -0.718868 0.695147 0.000633892 -7.36978 -0.00640446 -0.00753485 0.999951 0.0774764
0.593003 0.805166 0.00746009 -63.4077 -0.805191 0.593014 0.000856571 -7.91738 -0.00373426 -0.00651475 0.999972 0.08208
0.543658 0.839283 0.00636182 -63.2227 -0.839307 0.543644 0.00381094 -8.21006 -0.000260108 -0.00741137 0.999973 0.104481
0.38812 0.921608 0.00102226 -62.7768 -0.921609 0.388119 0.00117126 -9.15244 0.000682686 -0.00139672 0.999999 0.120685
0.329213 0.944255 -0.000848329 -62.6622 -0.944254 0.329214 0.0012168 -9.4975 0.00142825 0.000400452 0.999999 0.122585
0.208143 0.978097 0.00173854 -62.5127 -0.978098 0.208142 0.000810966 -10.1913 0.000431341 -0.00186926 0.999998 0.127786
0.0840437 0.996438 0.00698182 -62.4413 -0.996461 0.08403 0.00224555 -10.8962 0.00165087 -0.00714583 0.999973 0.146385
-0.00163305 0.999998 -0.00145677 -62.4322 -0.999997 -0.00163054 0.00167288 -11.4289 0.0016705 0.0014595 0.999998 0.173084
-0.0591851 0.998242 -0.00316824 -62.4613 -0.998247 -0.0591835 0.000608912 -11.7845 0.000420334 0.00319873 0.999995 0.139783
-0.117937 0.993019 -0.00222301 -62.5527 -0.993012 -0.117926 0.00443546 -12.501 0.00414235 0.00273058 0.999988 0.145181
-0.136558 0.990599 -0.0080883 -62.6515 -0.990621 -0.136514 0.00586308 -13.4441 0.0047038 0.00881309 0.99995 0.165278
-0.137918 0.990444 2.28297e-05 -62.7727 -0.990423 -0.137915 0.00652972 -14.4369 0.00647047 0.000877954 0.999979 0.170475
-0.136423 0.990622 -0.00756172 -62.8503 -0.990645 -0.136393 0.00437018 -15.034 0.00329783 0.00808717 0.999962 0.172773
-0.136919 0.990471 -0.0148563 -63.0054 -0.990538 -0.136755 0.0115622 -16.2518 0.00942031 0.0162988 0.999823 0.184768
-0.136752 0.990512 -0.0136007 -63.0736 -0.990594 -0.136673 0.00659924 -16.6523 0.00467777 0.0143752 0.999886 0.181666
-0.138708 0.990193 -0.0166563 -63.1228 -0.99033 -0.138648 0.00471056 -17.0938 0.00235499 0.0171487 0.99985 0.187665
-0.135581 0.99063 -0.0164299 -63.2598 -0.990739 -0.135437 0.00959866 -18.1372 0.00728351 0.0175791 0.999819 0.180161
-0.115472 0.993138 -0.0185295 -63.3517 -0.993287 -0.11532 0.00909259 -18.928 0.00689338 0.0194551 0.999787 0.183857
-0.074788 0.99708 -0.0154121 -63.3824 -0.997189 -0.0747092 0.00562761 -19.5277 0.00445976 0.0157897 0.999865 0.190355
-0.0431596 0.999007 -0.0110422 -63.407 -0.999035 -0.0430653 0.00863897 -20.5394 0.00815485 0.0114044 0.999902 0.192752
-0.0401713 0.999127 -0.0114431 -63.4313 -0.999139 -0.0400474 0.0108485 -21.1729 0.0103807 0.0118691 0.999876 0.181049
-0.0373008 0.999192 -0.0149761 -63.4373 -0.99925 -0.0371391 0.0109371 -21.5967 0.010372 0.0153728 0.999828 0.179848
-0.033079 0.999411 -0.00914792 -63.4603 -0.999413 -0.0329952 0.00916717 -22.2353 0.00885993 0.00944579 0.999916 0.195745
-0.0292858 0.999529 -0.00920439 -63.4846 -0.99952 -0.0291903 0.010345 -23.1198 0.0100715 0.00950293 0.999904 0.181942
-0.0281694 0.999573 -0.00777648 -63.493 -0.999549 -0.0280862 0.0106065 -23.5596 0.0103836 0.00807176 0.999914 0.18644
-0.0271453 0.999489 -0.0168566 -63.5026 -0.999583 -0.0269738 0.0103118 -24.0139 0.00985185 0.0171295 0.999805 0.186439
-0.0249859 0.999628 -0.0109477 -63.5102 -0.999668 -0.0249149 0.00657503 -24.6581 0.00629982 0.0111083 0.999918 0.190836
-0.00944722 0.999879 -0.0123957 -63.5092 -0.999954 -0.00942636 0.00173196 -25.9148 0.00161491 0.0124115 0.999922 0.201431
-0.00887918 0.999872 -0.013339 -63.5092 -0.999958 -0.00884652 0.00250344 -26.3763 0.00238511 0.0133606 0.999908 0.198129
-0.00896871 0.999794 -0.0182113 -63.5212 -0.999957 -0.00892806 0.00231439 -29.2706 0.00215132 0.0182313 0.999831 0.209416
-0.00787044 0.999905 -0.0113506 -63.5228 -0.999969 -0.00785971 0.000993518 -30.0114 0.000904211 0.0113581 0.999935 0.214413
-0.00739872 0.999915 -0.0107266 -63.5249 -0.999965 -0.00735605 0.00400386 -31.549 0.00392461 0.0107558 0.999934 0.192205
-0.00665987 0.99988 -0.0140155 -63.5267 -0.999956 -0.00656581 0.00674626 -32.2924 0.00665343 0.0140598 0.999879 0.207602
-0.00578678 0.999875 -0.0147192 -63.5283 -0.999962 -0.00568986 0.00662316 -32.538 0.00653858 0.0147569 0.99987 0.191
0.00112855 0.999896 -0.0144089 -63.5272 -0.999961 0.00125492 0.00876201 -33.2908 0.00877918 0.0143984 0.999858 0.195396
0.00448054 0.999935 -0.0104781 -63.5291 -0.999947 0.00457674 0.00918046 -34.028 0.00922782 0.0104364 0.999903 0.207293
0.00539875 0.999881 -0.0144521 -63.5249 -0.99993 0.00555032 0.0104684 -34.5271 0.0105473 0.0143946 0.999841 0.19899
0.00482136 0.999942 -0.00964458 -63.5214 -0.999949 0.00490683 0.00885648 -35.018 0.00890329 0.00960139 0.999914 0.212387
0.00804257 0.999926 -0.00914357 -63.5186 -0.999946 0.00810283 0.00656907 -35.7471 0.00664267 0.00909024 0.999937 0.210083
0.00651342 0.999917 -0.0111462 -63.5214 -0.99995 0.00659704 0.00748253 -36.2525 0.00755544 0.0110969 0.99991 0.22218
0.00648236 0.999928 -0.0101097 -63.5244 -0.999952 0.0065558 0.00724761 -36.9894 0.00731336 0.0100622 0.999923 0.214776
0.00904822 0.999881 -0.0124602 -63.5189 -0.999946 0.00911146 0.00503069 -37.9728 0.00514362 0.012414 0.99991 0.20697
0.00945079 0.999846 -0.014773 -63.5132 -0.999938 0.0095374 0.00580337 -38.4924 0.00594338 0.0147172 0.999874 0.217267
0.00903308 0.999797 -0.0179916 -63.5092 -0.999941 0.00913888 0.00580601 -38.9938 0.00596925 0.0179381 0.999821 0.217964
0.00995815 0.999802 -0.0172025 -63.5102 -0.999925 0.0100792 0.00696376 -39.7541 0.00713577 0.0171319 0.999828 0.228659
0.010951 0.999782 -0.0177626 -63.4908 -0.999904 0.0110998 0.0082952 -40.7518 0.00849056 0.0176701 0.999808 0.252453
0.0092569 0.999797 -0.0179042 -63.5324 -0.999895 0.00945437 0.0109769 -41.7324 0.011144 0.0178007 0.999779 0.172346
0.00830895 0.999843 -0.0156168 -63.5214 -0.999911 0.00847071 0.0103224 -42.6991 0.0104531 0.0155296 0.999825 0.18254
0.00670081 0.99981 -0.0182869 -63.5237 -0.999918 0.00689912 0.0108036 -43.2021 0.0109277 0.018213 0.999774 0.201437
0.00479609 0.99978 -0.0204258 -63.5263 -0.999937 0.00500172 0.0100283 -44.1257 0.0101282 0.0203764 0.999741 0.18163
0.00706595 0.999638 -0.0259765 -63.5278 -0.999928 0.00731593 0.00954164 -44.8233 0.00972822 0.0259072 0.999617 0.194225
0.00352061 0.999907 -0.0131661 -63.531 -0.999954 0.00363755 0.00886811 -45.7528 0.00891518 0.0131342 0.999874 0.203419
0.000697136 0.999899 -0.0141861 -63.5342 -0.999971 0.000804961 0.0075975 -46.9269 0.00760816 0.0141804 0.99987 0.19911
0.0023343 0.999926 -0.0119514 -63.5492 -0.999994 0.0023647 0.0025307 -48.0991 0.00255878 0.0119454 0.999925 0.188001
0.00403869 0.999809 -0.0191171 -63.5425 -0.999972 0.00415975 0.00629647 -48.5603 0.00637479 0.0190912 0.999797 0.195998
0.00517273 0.999734 -0.0224783 -63.5654 -0.999943 0.00538015 0.00917737 -49.7294 0.00929586 0.0224295 0.999705 0.168089
0.0046311 0.99983 -0.0178378 -63.5688 -0.999883 0.00488985 0.0144883 -50.1733 0.0145731 0.0177686 0.999736 0.163785
0.00340104 0.999855 -0.0166638 -63.5936 -0.999678 0.00381851 0.0250847 -51.2989 0.0251447 0.0165731 0.999546 0.158476
0.00120395 0.999776 -0.021115 -63.6038 -0.999591 0.0018065 0.028541 -51.7681 0.0285727 0.021072 0.99937 0.165972
0.00143099 0.999752 -0.0222336 -63.603 -0.999579 0.00207406 0.0289256 -52.2257 0.0289645 0.0221829 0.999334 0.160268
-0.00178266 0.999966 -0.00801043 -63.6379 -0.999446 -0.00151551 0.0332413 -53.316 0.0332281 0.00806525 0.999415 0.157759
0.0275313 0.999619 0.0022091 -63.6135 -0.999171 0.0274525 0.0300732 -53.7536 0.0300011 -0.00303522 0.999545 0.162155
0.121284 0.992564 -0.0103764 -63.5145 -0.992522 0.121411 0.0126408 -54.5778 0.0138066 0.00876567 0.999866 0.182549
0.271223 0.962367 -0.0169701 -62.9269 -0.96236 0.271455 0.0132417 -56.9328 0.01735 0.0127399 0.999768 0.174734
0.279796 0.959899 -0.0175456 -62.5786 -0.959966 0.279978 0.00884212 -58.2438 0.0133999 0.0143692 0.999807 0.173826
0.2826 0.959017 -0.0206065 -62.4619 -0.959124 0.282831 0.00931428 -58.689 0.0147607 0.017132 0.999744 0.163023
0.280872 0.959636 -0.0144956 -62.2781 -0.959686 0.28099 0.00683742 -59.3504 0.0106345 0.0119908 0.999872 0.168919
0.284938 0.958339 -0.019901 -61.6893 -0.958444 0.285149 0.00863297 -61.4941 0.0139481 0.0166141 0.999765 0.148504
0.278534 0.960232 -0.0193172 -61.5365 -0.960308 0.278759 0.0100673 -62.152 0.0150518 0.0157463 0.999763 0.151099
0.267444 0.963358 -0.0203602 -61.3726 -0.963454 0.267684 0.0100951 -62.7928 0.0151753 0.0169162 0.999742 0.142394
0.230077 0.97305 -0.0154242 -61.2813 -0.973108 0.230216 0.00790512 -63.2161 0.011243 0.0131906 0.99985 0.183291
0.113765 0.993294 -0.0206127 -61.2232 -0.99346 0.113939 0.00744373 -64.0948 0.00974238 0.019631 0.99976 0.142483
0.0698007 0.997289 -0.0232793 -61.1951 -0.997509 0.0700161 0.00857232 -64.7363 0.010179 0.022623 0.999692 0.131876
0.0485025 0.998612 -0.0205375 -61.1543 -0.998806 0.0486127 0.00490113 -65.8783 0.00589272 0.0202753 0.999777 0.137065
0.0457766 0.998738 -0.0206625 -61.1397 -0.998948 0.0458251 0.00187998 -66.7552 0.00282447 0.0205547 0.999785 0.117656
0.0146522 0.999749 -0.0169648 -61.1431 -0.999882 0.0147278 0.00434017 -67.8811 0.00458893 0.0168992 0.999847 0.150244
0.00941163 0.999802 -0.0175505 -61.1612 -0.999938 0.00951564 0.00585262 -68.7501 0.00601846 0.0174943 0.999829 0.122334
0.00780785 0.999792 -0.0188325 -61.1624 -0.999949 0.00792873 0.00635368 -69.4256 0.00650168 0.018782 0.999802 0.128927
0.012098 0.999758 -0.018392 -61.1643 -0.999913 0.0121931 0.00506437 -69.8407 0.00528739 0.0183291 0.999818 0.137122
0.0402395 0.998976 -0.0207075 -61.1592 -0.999172 0.0403552 0.00520307 -70.4958 0.0060334 0.020481 0.999772 0.106715
0.0625159 0.997774 -0.0232026 -61.0887 -0.998035 0.0625944 0.00267292 -72.0438 0.00411932 0.0229899 0.999727 0.130899
0.0660045 0.997388 -0.0293328 -61.0567 -0.997816 0.0660511 0.000622618 -72.7553 0.00255846 0.0292277 0.99957 0.102191
0.0650945 0.997815 -0.0113153 -61.0031 -0.997873 0.0651292 0.00272131 -74.1144 0.00345231 0.011114 0.999932 0.137276
0.0666947 0.997376 -0.028155 -60.9859 -0.997758 0.0668262 0.00375262 -74.6231 0.00562426 0.0278416 0.999597 0.12617
0.0681224 0.997433 -0.022042 -60.8694 -0.99767 0.0681899 0.00231891 -76.7912 0.003816 0.0218327 0.999754 0.098145
0.0652897 0.997692 -0.0186321 -60.8509 -0.99786 0.0653436 0.0022971 -78.0561 0.00350929 0.0184423 0.999824 0.0686297
0.0682111 0.997516 -0.0176054 -60.8256 -0.997667 0.0682524 0.00175823 -78.8233 0.00295548 0.0174444 0.999843 0.0371205
0.0673361 0.997581 -0.0172947 -60.7876 -0.997729 0.0672982 -0.00276531 -80.054 -0.00159472 0.0174416 0.999847 0.0731054
0.0611292 0.997936 -0.0196587 -60.7347 -0.998097 0.0609565 -0.0092666 -81.5762 -0.00804915 0.0201877 0.999764 0.0657866
0.0434743 0.998811 -0.022072 -60.7201 -0.999029 0.043303 -0.0081785 -82.3357 -0.00721299 0.0224062 0.999723 0.0371769
0.0386626 0.999049 -0.0201587 -60.725 -0.999252 0.0386572 -0.000661447 -84.4999 0.000118457 0.0201692 0.999797 0.0606484
0.0465311 0.998545 -0.0272428 -60.7178 -0.998914 0.0465748 0.00097084 -86.6805 0.00223825 0.027168 0.999628 0.052119
0.0449626 0.998776 -0.0206006 -60.7092 -0.998988 0.0449634 -0.000422751 -87.1811 0.00050404 0.0205988 0.999788 -0.0206877
0.0444196 0.998819 -0.0197088 -60.6808 -0.999011 0.0444461 0.000906266 -88.4545 0.00178118 0.0196491 0.999805 -0.0241051
0.0483288 0.998566 -0.0230353 -60.673 -0.99883 0.0483509 0.000403567 -88.966 0.00151677 0.0229889 0.999735 -0.0159122
0.0438238 0.998761 -0.0235673 -60.6885 -0.999037 0.0438629 0.00114621 -89.4756 0.00217852 0.0234944 0.999722 0.0137805
0.0426396 0.998924 -0.0182378 -60.6838 -0.999087 0.0426804 0.00185329 -89.994 0.00262969 0.0181421 0.999832 0.00307323
0.0447099 0.998779 -0.0210113 -60.671 -0.998995 0.0447666 0.00223546 -90.9858 0.00317334 0.0208902 0.999777 -0.0289408
0.0434595 0.998917 -0.0166412 -60.6482 -0.999043 0.0435345 0.00417366 -91.7497 0.00489361 0.0164438 0.999853 -0.0769516
0.0457335 0.998765 -0.0194359 -60.6709 -0.998947 0.0457937 0.00266513 -92.2512 0.00355188 0.0192936 0.999808 -0.0596591
0.0444608 0.998851 -0.0179079 -60.6802 -0.999001 0.0445334 0.00367535 -92.4971 0.00446863 0.0177266 0.999833 -0.0404627
0.0433888 0.998848 -0.0204788 -60.6821 -0.999046 0.0434812 0.00408913 -93.5374 0.00497486 0.0202818 0.999782 -0.044778
0.045401 0.998793 -0.0187641 -60.6739 -0.998953 0.0454975 0.00474919 -94.2845 0.00559718 0.0185288 0.999813 0.00601101
0.045753 0.998804 -0.017271 -60.6769 -0.998922 0.0458807 0.00707043 -95.286 0.00785438 0.0169289 0.999826 0.011196
0.045679 0.998653 -0.0246195 -60.6603 -0.998908 0.0459043 0.00866498 -95.8246 0.00978345 0.0241968 0.999659 -0.0452119
0.0454702 0.998763 -0.0201192 -60.6718 -0.998948 0.0455796 0.00501179 -97.3395 0.00592261 0.0198701 0.999785 -0.0294351
0.0459468 0.998678 -0.0230518 -60.6627 -0.998935 0.046031 0.00313351 -98.9121 0.00419047 0.0228832 0.999729 -0.0624593
0.0479819 0.998533 -0.0250741 -60.6595 -0.998848 0.0479949 -8.02809e-05 -99.9019 0.00112327 0.0250491 0.999686 -0.0500748
0.059589 0.997966 -0.0226491 -60.6715 -0.998223 0.059577 -0.00120545 -101.143 0.000146367 0.0226807 0.999743 -0.101695
0.0581646 0.9981 -0.0203268 -60.6656 -0.998306 0.0581861 0.000466145 -101.613 0.001648 0.0202653 0.999793 -0.050702
0.055935 0.998213 -0.0210288 -60.6482 -0.998432 0.0559666 0.000919608 -103.249 0.00209487 0.0209444 0.999778 -0.0794283
0.0566818 0.998247 -0.0170201 -60.6459 -0.998387 0.0567268 0.00217271 -103.963 0.0031344 0.0168695 0.999853 -0.10394
0.0558294 0.998138 -0.0245862 -60.6612 -0.998433 0.0559074 0.00249405 -104.432 0.00386395 0.0244084 0.999695 -0.0813478
0.0587773 0.998101 -0.0184195 -60.6304 -0.998262 0.0588441 0.00311119 -104.924 0.00418916 0.0182046 0.999825 -0.124956
0.058477 0.998133 -0.0176534 -60.6398 -0.998281 0.0585387 0.00299586 -105.893 0.00402367 0.0174478 0.99984 -0.114172
0.0541047 0.998426 -0.0147745 -60.6204 -0.998535 0.0541112 3.81838e-05 -107.072 0.00083759 0.0147508 0.999891 -0.102091
0.056071 0.998369 -0.01076 -60.6324 -0.998421 0.0561045 0.00284027 -108.027 0.00343932 0.0105838 0.999938 -0.0749077
0.0542847 0.998475 -0.0100798 -60.6539 -0.998525 0.0542943 0.000681868 -109.213 0.00122811 0.0100279 0.999949 -0.102628
0.0559284 0.99836 -0.0122444 -60.6506 -0.998433 0.0559509 0.00149983 -110.167 0.00218246 0.0121414 0.999924 -0.0992447
0.0538214 0.998445 -0.0145266 -60.6295 -0.99853 0.053907 0.00556257 -111.404 0.006337 0.0142058 0.999879 -0.119766
0.0539561 0.998415 -0.0159869 -60.6323 -0.998503 0.0540913 0.00814958 -112.118 0.00900142 0.0155232 0.999839 -0.130979
0.0485598 0.998678 -0.0168693 -60.5912 -0.998788 0.0486879 0.00727049 -113.35 0.00808221 0.0164958 0.999831 -0.0926002
0.0507185 0.998594 -0.0154245 -60.608 -0.998683 0.0508302 0.00693674 -113.932 0.00771102 0.0150523 0.999857 -0.0884107
0.0483159 0.998678 -0.0175274 -60.6372 -0.998793 0.0484625 0.0080368 -114.71 0.00887559 0.0171179 0.999814 -0.102525
0.043621 0.998948 -0.0141441 -60.6344 -0.999031 0.0436981 0.00518765 -115.814 0.00580026 0.0139041 0.999887 -0.100845
0.0420254 0.999005 -0.0149098 -60.6413 -0.99904 0.0422016 0.011705 -117.268 0.0123226 0.0144036 0.99982 -0.176072
0.041481 0.998946 -0.0196662 -60.6473 -0.999065 0.0417104 0.0113997 -117.853 0.012208 0.0191749 0.999742 -0.124283
0.0394474 0.999131 -0.0134468 -60.613 -0.999172 0.0395759 0.00943163 -118.42 0.0099556 0.0130636 0.999865 -0.167393
0.0409091 0.999008 -0.0176253 -60.6357 -0.999103 0.0410936 0.0102391 -118.993 0.0109533 0.0171906 0.999792 -0.157304
0.0400161 0.999079 -0.0155161 -60.671 -0.999145 0.04017 0.00973613 -119.871 0.0103504 0.0151132 0.999832 -0.0657208
0.0391141 0.999061 -0.018654 -60.6304 -0.999182 0.0392976 0.00957505 -121.019 0.0102991 0.0182642 0.99978 -0.146042
0.0389848 0.999053 -0.0193061 -60.6561 -0.999174 0.0391964 0.010709 -121.878 0.0114556 0.0188726 0.999756 -0.0566589
0.0384726 0.99915 -0.0148292 -60.6213 -0.999229 0.0385841 0.00730584 -123.328 0.00787179 0.0145367 0.999863 -0.110487
0.0385101 0.999172 -0.0131414 -60.6436 -0.999243 0.0385792 0.00505011 -125.327 0.00555291 0.0129369 0.999901 -0.0510259
0.0398892 0.999058 -0.0171147 -60.6457 -0.999189 0.0399777 0.00485856 -125.625 0.00553819 0.016907 0.999842 -0.0635318
0.0382286 0.998903 -0.0270267 -60.5658 -0.999244 0.0384047 0.00602686 -129.335 0.0070582 0.0267758 0.999617 -0.135406
0.0381527 0.999112 -0.0178997 -60.5458 -0.999241 0.038286 0.0071663 -130.194 0.00784525 0.0176127 0.999814 -0.198023
0.037483 0.999169 -0.0160111 -60.5987 -0.999261 0.0376126 0.00786766 -131.395 0.00846334 0.0157043 0.999841 -0.286948
0.0367347 0.999243 -0.0128233 -60.5989 -0.9993 0.0368208 0.00654695 -132.25 0.00701416 0.0125738 0.999896 -0.278266
0.0390071 0.999076 -0.0180593 -60.6021 -0.999222 0.0391052 0.0051124 -132.804 0.00581389 0.0178458 0.999824 -0.255878
0.0375392 0.99915 -0.0170171 -60.642 -0.999292 0.0375728 0.0016585 -133.671 0.00229647 0.0169428 0.999854 -0.251096
0.031042 0.999374 -0.0169531 -60.6682 -0.999516 0.0310698 0.00137721 -137.024 0.00190308 0.0169022 0.999855 -0.227068
0.0253493 0.999448 -0.0214759 -60.823 -0.999669 0.0254389 0.00390834 -138.178 0.00445251 0.0213698 0.999762 -0.199594
0.0247225 0.999396 -0.0244274 -60.8402 -0.999675 0.0248675 0.00564808 -138.94 0.00625212 0.0242799 0.999686 -0.178411
0.0209816 0.999537 -0.0220302 -60.8492 -0.999762 0.021108 0.0055208 -139.503 0.00598326 0.0219092 0.999742 -0.212524
0.0242004 0.999388 -0.0252366 -60.8619 -0.999677 0.0243874 0.00712752 -140.283 0.00773861 0.025056 0.999656 -0.223241
0.0202 0.999543 -0.0224981 -60.8746 -0.999763 0.0203763 0.00763361 -140.813 0.00808855 0.0223386 0.999718 -0.138653
0.017933 0.999689 -0.0173564 -60.8942 -0.999804 0.0180762 0.00813095 -141.337 0.00844216 0.0172072 0.999816 -0.191565
-0.0293263 0.999305 -0.0230053 -60.9375 -0.999545 -0.0291562 0.00769758 -142.12 0.00702149 0.0232206 0.999706 -0.137583
-0.0383157 0.999053 -0.0206129 -60.959 -0.999247 -0.03818 0.00693764 -142.375 0.00614407 0.0208632 0.999763 -0.163889
-0.052109 0.99844 -0.0200475 -60.988 -0.99862 -0.0519669 0.00754556 -142.643 0.00649198 0.020413 0.999771 -0.184395
-0.0929067 0.995369 -0.0246674 -61.0498 -0.995655 -0.0927215 0.008553 -143.109 0.00622619 0.0253549 0.999659 -0.212706
-0.13575 0.990434 -0.0247643 -61.1491 -0.99073 -0.135576 0.00855059 -143.593 0.00511133 0.0256955 0.999657 -0.202818
-0.220637 0.975171 -0.0189884 -61.3783 -0.975346 -0.220503 0.0089122 -144.557 0.00450393 0.0204866 0.99978 -0.266442
-0.233774 0.972063 -0.0210664 -61.4786 -0.972266 -0.23356 0.0121689 -144.96 0.00690869 0.023327 0.999704 -0.192952
-0.239515 0.970659 -0.0213153 -61.6213 -0.970876 -0.239323 0.0111886 -145.419 0.00575911 0.0233744 0.99971 -0.194164
-0.247232 0.968836 -0.0152915 -61.8817 -0.968929 -0.247075 0.0114626 -146.304 0.00732727 0.0176503 0.999817 -0.165287
-0.247022 0.968904 -0.014352 -62.0086 -0.968966 -0.246843 0.0131396 -146.704 0.00918834 0.0171524 0.999811 -0.200597
-0.248942 0.968454 -0.0112047 -62.1935 -0.968452 -0.248772 0.0146116 -147.404 0.0113632 0.0144886 0.99983 -0.233515
-0.243965 0.9696 -0.018861 -62.3487 -0.969629 -0.243533 0.0225854 -147.922 0.0173055 0.0237982 0.999567 -0.213829
-0.321835 0.946684 -0.0144881 -62.8709 -0.9465 -0.321316 0.0298825 -149.323 0.023634 0.0233302 0.999448 -0.143467
-0.388151 0.921553 -0.00888593 -63.1549 -0.921439 -0.387889 0.0222081 -149.893 0.0170192 0.0168079 0.999714 -0.229883
-0.472411 0.881335 -0.00872612 -63.6173 -0.881224 -0.47212 0.0234143 -150.649 0.0165161 0.0187508 0.999688 -0.360906
-0.545031 0.838318 -0.0128328 -63.9708 -0.838364 -0.544762 0.0195035 -151.157 0.00935934 0.0213885 0.999727 -0.384821
-0.552181 0.83352 -0.0184574 -64.0968 -0.833686 -0.551808 0.0218114 -151.346 0.0079953 0.0274315 0.999592 -0.342627
-0.576791 0.816697 -0.0178331 -64.4712 -0.816885 -0.576562 0.0165696 -151.827 0.00325045 0.0241248 0.999704 -0.324642
-0.584737 0.811113 -0.0133151 -64.6972 -0.811219 -0.584604 0.0127195 -152.115 0.00253291 0.0182391 0.99983 -0.357251
-0.6043 0.796591 -0.0162581 -65.6036 -0.796756 -0.604204 0.0108563 -153.219 -0.00117522 0.0195142 0.999809 -0.341887
-0.726679 0.686453 -0.0268293 -67.0811 -0.686892 -0.726649 0.0126464 -154.691 -0.0108143 0.0276187 0.99956 -0.259138
-0.754795 0.655011 -0.0352743 -67.3638 -0.655755 -0.754812 0.0156145 -154.905 -0.0163978 0.0349171 0.999256 -0.304747
-0.812862 0.582344 -0.0114362 -67.9703 -0.582351 -0.812932 -0.00309316 -155.275 -0.0110981 0.00414558 0.99993 -0.272762
-0.878815 0.477139 -0.00474018 -68.6347 -0.47716 -0.878799 0.00551615 -155.561 -0.00153369 0.0071095 0.999974 -0.297776
-0.909007 0.416772 0.00265963 -68.7938 -0.416667 -0.90889 0.0175647 -155.623 0.00973777 0.0148582 0.999842 -0.303279
-0.916383 0.400289 0.00349789 -68.9815 -0.400081 -0.916128 0.0253893 -155.688 0.0133675 0.0218668 0.999672 -0.295883
-0.942136 0.335081 0.00998933 -69.4813 -0.334821 -0.942041 0.0212922 -155.816 0.016545 0.0167155 0.999723 -0.290092
-0.947986 0.317971 0.014714 -69.8169 -0.317777 -0.948061 0.0140814 -155.921 0.0184272 0.00867316 0.999793 -0.283798
-0.951804 0.306393 0.0138962 -70.3408 -0.306203 -0.951859 0.0142719 -156.036 0.0176 0.00932898 0.999802 -0.368906
-0.964475 0.263121 0.0235773 -70.9906 -0.263012 -0.964762 0.00763598 -156.173 0.0247557 0.00116358 0.999693 -0.301817
-0.975914 0.216514 0.0266864 -71.3308 -0.21644 -0.976279 0.00566391 -156.214 0.0272797 -0.000248518 0.999628 -0.288622
-0.984117 0.17507 0.0293838 -71.6749 -0.174868 -0.984548 0.00932593 -156.256 0.0305624 0.00403953 0.999525 -0.252327
-0.992882 0.115453 0.0292624 -72.0131 -0.1153 -0.993307 0.00684452 -156.262 0.0298568 0.00342184 0.999548 -0.263531
-0.995496 0.0914797 0.0248787 -72.3493 -0.0913168 -0.995793 0.00761087 -156.281 0.0254703 0.00530475 0.999662 -0.258535
-0.997585 0.0653368 0.0235844 -73.6237 -0.0650144 -0.997784 0.0141852 -156.292 0.024459 0.0126176 0.999621 -0.23175
-0.997836 0.0613791 0.0235974 -74.0335 -0.0611456 -0.998074 0.0104917 -156.313 0.0241959 0.0090261 0.999667 -0.238155
-0.998279 0.0555253 0.018872 -74.6543 -0.0553255 -0.998408 0.0109501 -156.313 0.01945 0.00988715 0.999762 -0.215962
-0.99842 0.0544409 0.0139553 -75.5247 -0.0542658 -0.998447 0.0126366 -156.308 0.0146216 0.0118593 0.999823 -0.232072
-0.998559 0.0519933 0.0133187 -76.2003 -0.0518187 -0.99857 0.0131343 -156.326 0.0139825 0.0124252 0.999825 -0.215181
-0.998614 0.0516082 0.0103139 -76.6611 -0.0514533 -0.998566 0.0147554 -156.323 0.0110606 0.0142043 0.999838 -0.259286
-0.998744 0.0488367 0.0111733 -77.1246 -0.0487567 -0.998784 0.00731934 -156.313 0.0115172 0.00676538 0.999911 -0.249492
-0.998528 0.0515938 0.0167707 -77.6106 -0.0513719 -0.99859 0.0134006 -156.313 0.0174384 0.0125193 0.99977 -0.256597
-0.996765 0.077316 0.0219418 -78.0654 -0.0772125 -0.996999 0.00552998 -156.327 0.0223035 0.00381791 0.999744 -0.259203
-0.996389 0.0823257 0.0207848 -78.5598 -0.0821672 -0.996583 0.00836861 -156.343 0.0214027 0.00663056 0.999749 -0.27521
-0.996345 0.0841371 0.0147303 -79.4634 -0.0838809 -0.996327 0.017222 -156.359 0.0161252 0.0159235 0.999743 -0.249021
-0.996283 0.0849737 0.0141599 -79.9204 -0.0846538 -0.996171 0.021836 -156.376 0.0159612 0.0205562 0.999661 -0.278928
-0.996215 0.0858097 0.0138621 -80.579 -0.0856241 -0.996236 0.0134747 -156.401 0.0149662 0.0122368 0.999813 -0.250936
-0.996125 0.0852333 0.0216841 -83.2571 -0.0850695 -0.99634 0.00837208 -156.489 0.0223183 0.00649498 0.99973 -0.266173
-0.996445 0.0828511 0.0152498 -84.7801 -0.0826696 -0.996503 0.0121768 -156.57 0.0162053 0.0108729 0.99981 -0.238695
-0.996594 0.0813249 0.0136456 -85.507 -0.0812275 -0.996667 0.00754286 -156.626 0.0142135 0.00640878 0.999878 -0.242406
-0.99642 0.0827284 0.0174037 -86.9343 -0.0825766 -0.996542 0.00926845 -156.631 0.0181102 0.00779813 0.999806 -0.234126
-0.996709 0.079576 0.0154716 -87.388 -0.0793791 -0.99676 0.0129501 -156.64 0.016452 0.0116794 0.999796 -0.231232
-0.996549 0.0814603 0.0159341 -87.8796 -0.0811441 -0.99651 0.019576 -156.652 0.0174732 0.0182155 0.999681 -0.223939
-0.996899 0.0772693 0.0148649 -88.555 -0.0771192 -0.996967 0.010419 -156.678 0.0156249 0.00924031 0.999835 -0.236149
-0.996871 0.0778363 0.0137589 -89.4319 -0.0777501 -0.99695 0.00668988 -156.701 0.0142377 0.00559919 0.999883 -0.247662
-0.997123 0.0745755 0.0135407 -89.8224 -0.074343 -0.997089 0.0169366 -156.695 0.0147644 0.0158812 0.999765 -0.216867
-0.996967 0.0760945 0.0163 -90.2557 -0.0757934 -0.996955 0.0183597 -156.73 0.0176474 0.0170686 0.999699 -0.244974
-0.99718 0.0735621 0.0148289 -90.6428 -0.0733863 -0.997231 0.0120712 -156.736 0.0156758 0.0109489 0.999817 -0.23388
-0.997504 0.0687589 0.0160346 -91.4142 -0.068542 -0.997554 0.0137068 -156.752 0.0169379 0.0125736 0.999777 -0.229591
-0.99861 0.0500728 0.0164587 -92.3885 -0.0497814 -0.998604 0.0176655 -156.774 0.0173203 0.0168216 0.999708 -0.239906
-0.998936 0.0428315 0.0171158 -92.9 -0.0426215 -0.999014 0.0124548 -156.763 0.0176323 0.0117121 0.999776 -0.249213
-0.998978 0.0417111 0.0174188 -93.2664 -0.0414611 -0.999035 0.0144754 -156.767 0.0180058 0.0137384 0.999743 -0.244818
-0.998959 0.0435782 0.0134871 -93.5222 -0.0434228 -0.998989 0.0116105 -156.778 0.0139794 0.0110127 0.999842 -0.237422
-0.999171 0.0384252 0.0134184 -94.3934 -0.0382852 -0.999211 0.0105387 -156.791 0.0138128 0.0100163 0.999854 -0.220835
-0.999125 0.0395579 0.0135571 -94.7676 -0.0393617 -0.999121 0.0144444 -156.771 0.0141166 0.0138981 0.999804 -0.22604
-0.999231 0.0365857 0.0140934 -96.0002 -0.0373194 -0.997739 -0.0558901 -156.77 0.0120167 -0.0563731 0.998337 -0.171859
-0.999553 0.0257959 0.015086 -96.434 -0.0257003 -0.999648 0.00649684 -156.782 0.0152482 0.00610623 0.999865 -0.166366
-0.999718 0.0219172 0.00917186 -96.4161 -0.0217142 -0.999529 0.0216795 -156.775 0.00964269 0.0214743 0.999723 -0.164965
-0.999747 0.0211415 0.00771356 -96.4248 -0.0209471 -0.999481 0.0244719 -156.779 0.00822693 0.0243041 0.999671 -0.174766
-0.999563 0.0251724 0.0155135 -96.8925 -0.0239521 -0.996943 0.0743704 -156.749 0.0173382 0.0739663 0.99711 -0.208972
-0.999331 0.0335005 0.0147106 -97.2051 -0.0332742 -0.999328 0.0153674 -156.749 0.0152155 0.0148676 0.999774 -0.206177
-0.999132 0.0378148 0.0174933 -97.858 -0.0376632 -0.999251 0.0089171 -156.758 0.0178174 0.00825051 0.999807 -0.209787
-0.998954 0.0436301 0.0136666 -98.7033 -0.0435094 -0.999012 0.00900999 -156.761 0.0140462 0.00840595 0.999866 -0.1871
-0.998913 0.0438637 0.0157864 -99.1954 -0.0437186 -0.998999 0.00941919 -156.776 0.0161838 0.00871879 0.999831 -0.194808
-0.998931 0.043424 0.015845 -99.7201 -0.0432853 -0.999022 0.00899112 -156.767 0.0162199 0.00829566 0.999834 -0.187916
-0.998893 0.0432445 0.0184851 -100.301 -0.0431106 -0.999041 0.00757985 -156.784 0.0187951 0.00677456 0.9998 -0.199625
-0.998945 0.0423394 0.0177682 -101.448 -0.042201 -0.999076 0.00809379 -156.778 0.0180945 0.00733542 0.999809 -0.188543
-0.999101 0.0392143 0.0161232 -102.866 -0.0389372 -0.999094 0.0171562 -156.79 0.0167814 0.016513 0.999723 -0.172066
-0.999162 0.0370334 0.0174159 -103.409 -0.036856 -0.999267 0.010402 -156.786 0.0177883 0.00975137 0.999794 -0.194975
-0.999248 0.036028 0.0143594 -104.763 -0.0358519 -0.999281 0.0123357 -156.793 0.0147935 0.0118116 0.999821 -0.171997
-0.9992 0.036712 0.0158409 -105.862 -0.0364496 -0.999198 0.0165483 -156.804 0.0164357 0.0159576 0.999738 -0.162516
-0.999221 0.0362748 0.0155244 -107.199 -0.0360496 -0.999244 0.0145462 -156.831 0.0160403 0.0139752 0.999774 -0.145939
-0.999374 0.033059 0.0126242 -107.725 -0.0328296 -0.9993 0.0179627 -156.823 0.0132092 0.017537 0.999759 -0.175747
-0.999232 0.0361533 0.0150873 -108.256 -0.035841 -0.999148 0.0204791 -156.802 0.0158149 0.0199227 0.999676 -0.172656
-0.999424 0.0306035 0.0146918 -109.637 -0.0304218 -0.99946 0.0124369 -156.803 0.0150645 0.0119828 0.999815 -0.161479
-0.999389 0.0312291 0.0156774 -110.172 -0.0309752 -0.999389 0.0161844 -156.803 0.0161733 0.0156889 0.999746 -0.195089
-0.999368 0.032284 0.0148964 -110.999 -0.0319425 -0.999234 0.0226228 -156.791 0.0156153 0.0221327 0.999633 -0.199003
-0.999469 0.0298778 0.013028 -111.821 -0.0296548 -0.999416 0.0169807 -156.78 0.0135277 0.0165854 0.999771 -0.203017
-0.999476 0.0293108 0.013719 -112.906 -0.0290602 -0.999413 0.0181223 -156.801 0.0142422 0.0177141 0.999742 -0.196136
-0.999496 0.0286802 0.0136456 -113.429 -0.0284509 -0.999455 0.0167119 -156.782 0.0141175 0.0163152 0.999767 -0.195645
-0.999506 0.0278786 0.0144795 -113.979 -0.027636 -0.999479 0.0166946 -156.79 0.0149374 0.0162862 0.999756 -0.208655
-0.999552 0.0262563 0.0143723 -115.118 -0.0260146 -0.999521 0.0167555 -156.793 0.0148054 0.0163741 0.999756 -0.211576
-0.999552 0.026522 0.0138569 -115.975 -0.0262421 -0.999455 0.0200106 -156.787 0.0143801 0.019638 0.999704 -0.227591
-0.999641 0.0238274 0.0122932 -116.825 -0.0236482 -0.999615 0.0145233 -156.783 0.0126345 0.0142273 0.999819 -0.206506
-0.999571 0.0246724 0.0157559 -117.899 -0.0244427 -0.999595 0.014605 -156.774 0.0161098 0.0142136 0.999769 -0.199826
-0.999551 0.0254493 0.0158462 -118.463 -0.0251915 -0.99955 0.0162608 -156.786 0.0162529 0.0158543 0.999742 -0.199137
-0.999619 0.0238303 0.0139411 -119.873 -0.0236277 -0.999615 0.0145223 -156.769 0.0142818 0.0141874 0.999797 -0.209663
-0.999666 0.0219453 0.0136656 -121.615 -0.0217408 -0.999652 0.0149389 -156.743 0.0139886 0.0146368 0.999795 -0.193295
-0.999659 0.0205565 0.0161183 -122.761 -0.0201876 -0.999538 0.0227239 -156.741 0.016578 0.0223908 0.999612 -0.198617
-0.999672 0.0217751 0.0134624 -123.313 -0.0213802 -0.999356 0.0288075 -156.726 0.0140811 0.0285102 0.999494 -0.219427
-0.999755 0.0193254 0.0107963 -124.713 -0.0191556 -0.999694 0.015612 -156.713 0.0110947 0.0154014 0.99982 -0.236154
-0.999715 0.0204699 0.012286 -125.274 -0.0203049 -0.999704 0.0134128 -156.708 0.0125569 0.0131595 0.999835 -0.218165
-0.999788 0.0171423 0.011435 -127.463 -0.0169538 -0.999722 0.0163778 -156.653 0.0117126 0.0161804 0.999801 -0.235407
-0.999849 0.0115546 0.0129696 -128.003 -0.0113707 -0.999835 0.0141633 -156.615 0.0131311 0.0140137 0.999816 -0.295317
-0.999907 0.00705707 0.0116673 -128.846 -0.00698958 -0.999959 0.00581534 -156.629 0.0117079 0.00573325 0.999915 -0.219334
-0.999929 0.00332065 0.011463 -129.659 -0.00318729 -0.999927 0.0116327 -156.601 0.0115008 0.0115954 0.999867 -0.23305
-0.99987 -0.00857577 0.0136642 -130.207 0.00877317 -0.999857 0.0144529 -156.594 0.0135383 0.0145709 0.999802 -0.212361
-0.999712 -0.0195325 0.013917 -131.487 0.0197019 -0.999732 0.0121368 -156.432 0.0136762 0.0124075 0.999829 -0.338683
-0.999706 -0.020166 0.0134331 -132.031 0.020394 -0.999646 0.0170581 -156.394 0.0130843 0.017327 0.999764 -0.337693
-0.99973 -0.0208009 0.0103117 -132.912 0.0209258 -0.999707 0.0121571 -156.428 0.0100558 0.0123696 0.999873 -0.216512
-0.999684 -0.0200587 0.0151168 -133.477 0.0202546 -0.999711 0.0129236 -156.401 0.0148532 0.0132257 0.999802 -0.200424
-0.999748 -0.0187849 0.0122599 -135.51 0.0189259 -0.999755 0.0114821 -156.27 0.0120412 0.0117113 0.999859 -0.229563
-0.999755 -0.0189977 0.0113528 -136.091 0.0191576 -0.999717 0.0141469 -156.257 0.0110808 0.0143609 0.999835 -0.183075
-0.999773 -0.0194702 0.00864569 -136.962 0.0196293 -0.999632 0.0187174 -156.2 0.00827808 0.0188829 0.999787 -0.220293
-0.999833 -0.0157086 0.00934519 -139.534 0.0159045 -0.999647 0.0212692 -156.047 0.00900779 0.0214143 0.99973 -0.209344
-0.999822 -0.016144 0.0097259 -142.07 0.0162661 -0.999788 0.0126084 -155.906 0.00952029 0.0127644 0.999873 -0.194297
-0.999665 -0.021726 0.0140837 -143.697 0.0217883 -0.999753 0.00428007 -155.82 0.0139872 0.0045855 0.999892 -0.228831
-0.998426 -0.0535703 0.0166108 -146.656 0.0538128 -0.998446 0.014512 -155.53 0.0158076 0.015383 0.999757 -0.210891
-0.998399 -0.0547528 0.0141534 -147.978 0.054989 -0.998344 0.0168738 -155.404 0.0132061 0.0176251 0.999757 -0.217119
-0.998275 -0.0566555 0.0153839 -148.746 0.0568348 -0.998317 0.0114813 -155.322 0.0147076 0.0123358 0.999816 -0.213735
-0.997949 -0.0618951 0.0163304 -149.254 0.0621033 -0.997991 0.0125622 -155.272 0.01552 0.0135506 0.999788 -0.239745
-0.99303 -0.116971 0.0144364 -150.01 0.117159 -0.993028 0.0129975 -155.143 0.0128154 0.0145983 0.999811 -0.23816
-0.991194 -0.131454 0.0159329 -150.74 0.131663 -0.991211 0.012889 -155.02 0.0140986 0.0148733 0.99979 -0.201574
-0.990543 -0.136177 0.0167651 -151.238 0.1364 -0.990569 0.0129871 -154.905 0.0148384 0.015151 0.999775 -0.219083
-0.990029 -0.139969 0.0158536 -152.238 0.140159 -0.990061 0.0115744 -154.721 0.014076 0.013681 0.999807 -0.191902
-0.989766 -0.14197 0.0143838 -152.995 0.142105 -0.989812 0.00883596 -154.579 0.0129828 0.0107895 0.999857 -0.192317
-0.989862 -0.141069 0.0165409 -153.994 0.141354 -0.989803 0.0175577 -154.386 0.0138954 0.0197178 0.999709 -0.218736
-0.989611 -0.142639 0.0180247 -154.494 0.142892 -0.989645 0.013595 -154.284 0.0158989 0.0160293 0.999745 -0.208046
-0.988695 -0.148879 0.0178342 -155.442 0.148957 -0.988839 0.00314037 -154.091 0.0171676 0.0057614 0.999836 -0.195664
-0.983464 -0.180471 0.0150981 -156.171 0.180524 -0.983568 0.00219729 -153.929 0.0144534 0.00488653 0.999884 -0.192578
-0.98157 -0.190663 0.0129691 -156.633 0.190638 -0.981655 -0.00313972 -153.808 0.0133298 -0.000609465 0.999911 -0.201987
-0.975077 -0.221374 0.0147898 -158.322 0.221465 -0.975156 0.00483493 -153.365 0.013352 0.00798984 0.999879 -0.189218
-0.955532 -0.294418 0.0166597 -159.926 0.294683 -0.95545 0.0166475 -152.799 0.0110162 0.0208166 0.999723 -0.179944
-0.95349 -0.300925 0.0173461 -160.374 0.301199 -0.953423 0.0162455 -152.651 0.0116495 0.0207146 0.999718 -0.207552
-0.952686 -0.303621 0.0142528 -160.806 0.303667 -0.952778 0.00113037 -152.484 0.0132365 0.00540499 0.999898 -0.194358
-0.95466 -0.297031 0.0199449 -161.243 0.297304 -0.954701 0.012476 -152.322 0.0153356 0.01784 0.999723 -0.209566
-0.964454 -0.263737 0.0164723 -161.904 0.263875 -0.964533 0.00682994 -152.12 0.0140868 0.0109338 0.999841 -0.217677
-0.962692 -0.270204 0.0145791 -163.02 0.270325 -0.962743 0.00702792 -151.773 0.012137 0.0107068 0.999869 -0.218898
-0.954469 -0.298183 0.0087269 -164.557 0.298207 -0.9545 0.0015572 -151.231 0.00786549 0.00408872 0.999961 -0.210524
-0.954449 -0.298244 0.00885667 -165.224 0.298313 -0.954436 0.0078225 -150.993 0.00612011 0.0101082 0.99993 -0.194336
-0.944061 -0.329538 0.0124154 -166.067 0.329647 -0.944071 0.00794453 -150.657 0.00910298 0.0115928 0.999891 -0.18785
-0.935909 -0.351787 0.0179026 -166.497 0.352014 -0.935923 0.0115708 -150.464 0.012685 0.0171312 0.999773 -0.200456
-0.929768 -0.36793 0.0125691 -167.298 0.368016 -0.929805 0.00524909 -150.131 0.0097555 0.00950606 0.999907 -0.198369
-0.888864 -0.458158 -0.00348465 -168.674 0.458021 -0.888741 0.0188557 -149.406 -0.0117358 0.0151641 0.999816 -0.195388
-0.885294 -0.464977 -0.00716205 -169.479 0.464917 -0.885312 0.00862796 -148.947 -0.0103525 0.00430852 0.999937 -0.206899
-0.882641 -0.469943 -0.00988632 -170.892 0.469641 -0.882558 0.0229914 -148.134 -0.0195299 0.0156501 0.999687 -0.189318
-0.882595 -0.469967 -0.0125425 -171.277 0.469684 -0.882603 0.0202266 -147.924 -0.0205759 0.0119609 0.999717 -0.198423
-0.882659 -0.469766 -0.0152204 -172.066 0.469338 -0.882664 0.0250223 -147.479 -0.0251892 0.0149426 0.999571 -0.217534
-0.881733 -0.471453 -0.0167231 -172.612 0.471031 -0.881792 0.0239157 -147.131 -0.0260214 0.0132102 0.999574 -0.19514
-0.882472 -0.470107 -0.015558 -173.014 0.469628 -0.882459 0.0267541 -146.926 -0.0263066 0.0163033 0.999521 -0.192047
-0.882003 -0.470845 -0.0193911 -173.369 0.470353 -0.882118 0.0252068 -146.714 -0.0289737 0.0131118 0.999494 -0.211951
-0.880981 -0.472892 -0.0156638 -174.968 0.472487 -0.881015 0.0238536 -145.776 -0.0250802 0.0136136 0.999593 -0.184173
-0.880925 -0.473051 -0.0139367 -175.891 0.472566 -0.880849 0.0280634 -145.255 -0.0255515 0.0181357 0.999509 -0.222087
-0.857394 -0.514561 -0.0101564 -176.573 0.514027 -0.85715 0.0327258 -144.817 -0.025545 0.0228383 0.999413 -0.230396
-0.686058 -0.727459 -0.011347 -177.78 0.727048 -0.686081 0.0263392 -143.551 -0.0269456 0.00982042 0.999589 -0.2148
-0.591923 -0.805941 -0.00923426 -178.152 0.805562 -0.591942 0.025956 -143.007 -0.0263852 0.00792521 0.99962 -0.217298
-0.490782 -0.871232 -0.00929761 -178.348 0.870886 -0.490853 0.0249049 -142.608 -0.0262617 0.00412572 0.999647 -0.209695
-0.388629 -0.921381 -0.00506933 -178.821 0.92109 -0.388636 0.0235702 -141.413 -0.0236873 0.00449075 0.999709 -0.193081
-0.38112 -0.924494 -0.00767769 -179.054 0.9243 -0.381197 0.0189386 -140.813 -0.0204354 0.000121403 0.999791 -0.200175
-0.379938 -0.924992 -0.00609575 -179.221 0.924799 -0.379983 0.0189519 -140.377 -0.0198466 0.00156318 0.999802 -0.18887
-0.378592 -0.925525 -0.00838286 -179.38 0.925347 -0.378684 0.0181884 -139.966 -0.0200083 -0.000871066 0.999799 -0.176065
-0.378321 -0.925673 -0.00138022 -179.755 0.925549 -0.378294 0.015901 -138.951 -0.0152413 0.00473825 0.999873 -0.181453
-0.378231 -0.925698 0.0049969 -180.017 0.925706 -0.378204 0.00554342 -138.125 -0.00324169 0.00672235 0.999972 -0.151543
-0.37823 -0.925661 0.00967563 -180.405 0.925707 -0.378239 0.000943638 -137.085 0.00278621 0.00931371 0.999953 -0.132031
-0.377182 -0.926038 0.0137182 -180.641 0.926119 -0.377229 -0.000946481 -136.446 0.00605138 0.0123477 0.999905 -0.153424
-0.395241 -0.918437 0.0160298 -181.521 0.918534 -0.395332 -0.00283358 -134.135 0.00893958 0.013604 0.999867 -0.1155
-0.413197 -0.910459 0.018243 -181.859 0.910559 -0.413346 -0.00518604 -133.335 0.0122623 0.0144685 0.99982 -0.139692
-0.416942 -0.908667 0.0219989 -182.038 0.908865 -0.417086 -0.0022095 -132.917 0.0111831 0.0190728 0.999756 -0.119289
-0.415911 -0.909329 0.0117558 -182.315 0.909368 -0.415977 -0.00376384 -132.295 0.00831272 0.00912495 0.999924 -0.122684
-0.418253 -0.907826 0.0302738 -182.494 0.908254 -0.418417 0.000987215 -131.856 0.0117709 0.0279092 0.999541 -0.14898
-0.416664 -0.90896 0.0135361 -182.77 0.908997 -0.416764 -0.00558288 -131.243 0.010716 0.00997806 0.999893 -0.141275
-0.416635 -0.908983 0.0128449 -182.95 0.909 -0.41674 -0.0068953 -130.809 0.0116207 0.00880317 0.999894 -0.134271
-0.416081 -0.909302 0.00680512 -183.117 0.909268 -0.416128 -0.00833361 -130.395 0.0104096 0.00272023 0.999942 -0.139767
-0.415842 -0.909361 0.0117373 -183.387 0.909352 -0.415945 -0.00830557 -129.761 0.0124348 0.0072195 0.999897 -0.099462
-0.415597 -0.90946 0.0126642 -183.562 0.909482 -0.415695 -0.00630931 -129.372 0.0110025 0.00889578 0.9999 -0.127459
-0.413419 -0.910325 0.0198457 -184.086 0.910311 -0.413706 -0.0134707 -128.123 0.020473 0.0124967 0.999712 -0.116249
-0.403946 -0.914046 0.0367193 -184.238 0.914143 -0.404839 -0.0211741 -127.704 0.0342195 0.0250135 0.999101 -0.112745
-0.399402 -0.916644 0.0155793 -184.454 0.916072 -0.399703 -0.0324086 -127.14 0.0359342 0.00132769 0.999353 -0.11934
-0.394309 -0.918896 0.0122841 -184.648 0.918647 -0.39449 -0.0215651 -126.708 0.024662 0.0027815 0.999692 -0.0970367
-0.392187 -0.919781 0.0138327 -184.81 0.919707 -0.392363 -0.0137982 -126.296 0.0181187 0.00731052 0.999809 -0.105933
-0.392881 -0.91952 0.0112585 -184.958 0.919411 -0.393017 -0.0148934 -125.899 0.0181195 0.00449987 0.999826 -0.0964295
-0.390481 -0.920481 0.0154801 -185.117 0.920487 -0.390649 -0.00983146 -125.506 0.015097 0.0104102 0.999832 -0.101526
-0.391456 -0.920099 0.0133841 -185.363 0.920004 -0.391631 -0.0148003 -124.894 0.0188594 0.00651973 0.999801 -0.0925215
-0.390906 -0.920228 0.0193124 -185.523 0.920296 -0.391121 -0.00889015 -124.503 0.0157345 0.0142979 0.999774 -0.103918
-0.390232 -0.920553 0.017341 -185.903 0.920643 -0.39037 -0.00530963 -123.524 0.0116572 0.0138929 0.999836 -0.0969103
-0.389378 -0.920952 0.0152596 -186.143 0.921025 -0.38948 -0.00431116 -122.95 0.00991367 0.0123758 0.999874 -0.112206
-0.3883 -0.92141 0.0150624 -186.315 0.921449 -0.388433 -0.00714794 -122.545 0.0124369 0.0111037 0.999861 -0.112203
-0.38647 -0.92217 0.0156138 -186.783 0.922209 -0.386616 -0.00767463 -121.356 0.0131139 0.0114332 0.999849 -0.112694
-0.386858 -0.921991 0.0165318 -187.002 0.922085 -0.386967 -0.00389364 -120.784 0.00998718 0.0137375 0.999856 -0.12269
-0.385451 -0.922695 0.00791552 -187.239 0.922714 -0.385479 -0.00233962 -120.194 0.00521001 0.00640195 0.999966 -0.0999854
-0.387049 -0.921994 0.0109437 -187.399 0.922055 -0.387056 0.00160395 -119.796 0.002757 0.0107115 0.999939 -0.0872826
-0.388059 -0.921571 0.0108563 -187.641 0.921631 -0.387996 0.00747417 -119.234 -0.00267576 0.0129059 0.999913 -0.0782791
-0.384346 -0.923088 0.0136491 -188.261 0.923065 -0.384009 0.0220948 -117.7 -0.0151541 0.0210911 0.999663 -0.0669687
-0.377381 -0.926019 0.0084584 -188.844 0.925835 -0.377075 0.0253763 -116.223 -0.0203095 0.0174076 0.999642 -0.0640588
-0.377255 -0.925956 0.016856 -188.98 0.925934 -0.376766 0.0263357 -115.896 -0.0180349 0.0255428 0.999511 -0.0804568
-0.366481 -0.930344 0.0122618 -189.09 0.930229 -0.366102 0.0253648 -115.588 -0.019109 0.020702 0.999603 -0.0919544
-0.228806 -0.973384 0.0131166 -189.277 0.973217 -0.228417 0.0259587 -114.84 -0.0222717 0.0187048 0.999577 -0.106546
-0.11667 -0.99309 0.0126533 -189.278 0.992911 -0.116338 0.0243601 -114.661 -0.0227197 0.0154057 0.999623 -0.122243
-0.0878515 -0.996049 0.0129593 -189.282 0.995887 -0.0875326 0.023407 -114.662 -0.0221802 0.0149623 0.999642 -0.121043
-0.0873442 -0.996096 0.0128174 -189.283 0.995926 -0.0870255 0.0236056 -114.666 -0.0223979 0.014827 0.999639 -0.117343
-0.0868076 -0.996144 0.0127026 -189.284 0.995973 -0.0864919 0.0235899 -114.666 -0.0224003 0.0146992 0.999641 -0.119043
-0.0864843 -0.996173 0.0126622 -189.281 0.996003 -0.0861704 0.0235292 -114.664 -0.0223481 0.0146465 0.999643 -0.125443
-0.0861145 -0.996204 0.0127133 -189.28 0.996036 -0.0858004 0.0234724 -114.661 -0.0222925 0.0146842 0.999644 -0.122543
-0.0857512 -0.996236 0.0127038 -189.282 0.996069 -0.0854387 0.0233769 -114.662 -0.0222035 0.0146585 0.999646 -0.118443
-0.0862775 -0.996191 0.0126713 -189.278 0.996023 -0.0859654 0.0233981 -114.668 -0.0222197 0.0146396 0.999646 -0.124643
-0.0906678 -0.995803 0.0124935 -189.283 0.995633 -0.0903583 0.0234478 -114.666 -0.0222205 0.0145649 0.999647 -0.121043
-0.0911548 -0.995759 0.0124211 -189.282 0.995588 -0.0908461 0.0234925 -114.667 -0.0222645 0.0145078 0.999647 -0.118643
-0.0912071 -0.995755 0.0123622 -189.284 0.995583 -0.0908996 0.0234991 -114.67 -0.0222757 0.0144509 0.999647 -0.125044
-0.0928156 -0.995608 0.0122452 -189.285 0.995435 -0.0925109 0.0234633 -114.666 -0.0222275 0.0143671 0.99965 -0.114243
-0.093621 -0.995532 0.0122756 -189.29 0.995361 -0.0933158 0.0234424 -114.669 -0.0221921 0.0144133 0.99965 -0.118944
-0.0941166 -0.995484 0.0123639 -189.288 0.995315 -0.0938102 0.023387 -114.668 -0.0221215 0.0145071 0.99965 -0.112044
-0.0945399 -0.995444 0.0123718 -189.287 0.995275 -0.094233 0.0233953 -114.669 -0.0221229 0.0145251 0.99965 -0.115344
-0.0948116 -0.995417 0.0124793 -189.286 0.995251 -0.0945029 0.023351 -114.669 -0.0220646 0.014634 0.999649 -0.109444
-0.0952699 -0.995375 0.01238 -189.282 0.995208 -0.0949641 0.0233042 -114.668 -0.0220207 0.0145408 0.999652 -0.112643
-0.095524 -0.995351 0.012344 -189.286 0.995184 -0.0952189 0.0233021 -114.671 -0.0220183 0.0145105 0.999652 -0.108844
-0.0954543 -0.995358 0.0123059 -189.285 0.995188 -0.0951488 0.0233917 -114.669 -0.0221122 0.0144795 0.999651 -0.110044
-0.095089 -0.995392 0.0123428 -189.284 0.995223 -0.0947825 0.0234152 -114.665 -0.0221374 0.0145104 0.99965 -0.109343
