0.133258	-0.000002	 0.001393	
0.219840	-0.010918	 0.004790	
0.318666	-0.086322	 0.003367	
0.405348	-0.153664	 0.089150	
0.216467	-0.392437	 -0.023064	
0.268604	-0.335837	 -0.209232	
0.473487	-1.291578	 0.020328	
-0.452613	-1.302082	 0.310464	
0.031192	-1.166563	 0.627983	
-0.365190	-1.973269	 0.177584	
-0.042120	-2.216713	 -0.942487	
-0.573417	-1.794984	 -0.220541	
-0.570171	-1.268318	 -0.157202	
0.260298	-1.338745	 0.304957	
-0.199207	-2.240297	 -0.429813	
-0.153720	-2.519168	 -1.758947	
0.364951	-1.506617	 -0.870829	
0.197727	-1.732755	 -0.835443	
1.474951	-0.584776	 -0.253313	
1.825322	-0.365621	 -0.862353	
2.165508	-0.193572	 -0.681649	
2.692808	0.930347	 -1.583986	
2.231334	0.529669	 -1.259840	
2.537823	0.218930	 -2.027512	
2.008758	0.026049	 -1.288405	
1.245846	-0.619158	 -2.717020	
0.721238	-1.417295	 -2.921337	
0.842721	-2.777127	 -2.962108	
1.348876	-1.317802	 -2.733284	
1.321291	-1.306344	 -3.002499	
1.699387	-0.690172	 -2.439568	
0.736218	-1.240173	 -1.801751	
0.100217	-1.991964	 -1.854710	
1.280864	-2.209549	 -2.626134	
1.681580	-2.688787	 -1.934531	
2.037401	-3.165358	 -2.358222	
1.074196	-1.688448	 -2.545915	
0.907935	-1.087307	 -2.602051	
1.519107	-1.602819	 -2.898531	
1.518506	-1.288992	 -3.721534	
1.885388	-1.911438	 -3.076044	
3.010714	-1.090184	 -2.791804	
3.364590	-2.422305	 -3.998424	
2.904764	-3.009860	 -4.220023	
2.772783	-2.175743	 -3.709669	
2.705204	-2.858286	 -3.275981	
2.237143	-2.589234	 -3.084870	
2.464928	-2.599788	 -3.197342	
1.871997	-2.818547	 -3.390071	
2.807859	-2.248380	 -3.245079	
2.245903	-1.697843	 -4.150199	
2.178696	-1.632290	 -4.834822	
2.630331	-1.891031	 -4.899168	
2.296772	-1.041033	 -4.801469	
2.559730	-1.248865	 -4.334328	
1.849319	-1.743130	 -4.561171	
2.150363	-1.929293	 -3.881790	
1.982814	-2.784543	 -4.119628	
1.922755	-3.068124	 -3.753109	
2.914941	-2.977559	 -3.789620	
2.861055	-3.086289	 -4.325072	
3.486604	-2.390009	 -4.683324	
3.168091	-2.220577	 -4.871660	
3.387871	-2.352703	 -4.215648	
2.038610	-3.165353	 -3.802572	
2.455388	-4.374063	 -3.526823	
2.111244	-3.746095	 -4.479675	
2.174751	-3.040697	 -5.142094	
3.124100	-2.762400	 -5.729351	
2.716379	-3.188406	 -6.455659	
2.809278	-3.638985	 -5.354846	
2.714605	-3.580809	 -6.481065	
3.234879	-3.320405	 -6.176536	
3.146912	-3.236064	 -4.775780	
3.265916	-3.316051	 -4.445326	
3.752355	-2.717716	 -5.288723	
3.820746	-3.724686	 -6.018817	
3.333789	-3.639913	 -6.466423	
3.765032	-3.336268	 -6.287832	
4.215007	-3.277970	 -7.117282	
4.016711	-3.705197	 -7.313735	
3.931580	-3.353801	 -6.580873	
3.646796	-3.643635	 -6.188466	
3.823871	-4.299800	 -6.966707	
3.364613	-4.034980	 -5.848497	
4.109424	-4.325611	 -6.537210	
4.913879	-4.567403	 -6.409009	
4.190422	-4.312388	 -6.024691	
4.070798	-5.044999	 -5.822170	
4.103747	-4.716544	 -6.236721	
3.445822	-4.103455	 -7.080912	
3.491220	-3.771917	 -6.683218	
4.108439	-3.673878	 -6.938814	
4.227366	-3.671625	 -7.201417	
4.587666	-3.445688	 -7.255279	
5.122650	-3.774485	 -6.826427	
4.689642	-4.076177	 -6.968018	
4.160706	-5.055499	 -7.731946	
3.864801	-5.792180	 -7.595922	
3.582188	-6.159016	 -8.041847	
3.412650	-6.320084	 -7.944981	
3.128866	-5.687090	 -8.268178	
2.653566	-4.388167	 -7.541539	
3.261790	-4.950477	 -7.917948	
4.415041	-4.659542	 -7.465466	
5.025296	-3.808185	 -7.761125	
4.496049	-3.178384	 -6.688136	
5.119133	-3.748043	 -7.095289	
5.340222	-4.227604	 -7.597319	
4.865617	-4.197178	 -8.163458	
4.198659	-4.628555	 -7.882050	
4.204140	-4.610535	 -8.487881	
3.894899	-4.930086	 -9.005227	
3.341909	-4.823596	 -7.679675	
3.863946	-4.776664	 -7.966175	
3.275881	-4.752816	 -8.550369	
3.092620	-4.691533	 -8.002562	
3.692279	-5.070021	 -7.825183	
4.370225	-4.643367	 -8.285527	
4.163553	-4.668144	 -8.491616	
3.899816	-4.369146	 -8.179075	
3.624193	-4.590660	 -7.487735	
3.319140	-5.155575	 -7.380045	
3.614019	-5.111341	 -8.461926	
3.757384	-5.134952	 -8.371847	
4.697303	-4.728514	 -7.560134	
4.759015	-4.430792	 -7.520881	
5.036963	-4.327545	 -7.519614	
4.453434	-4.289897	 -6.489352	
4.422033	-5.062681	 -7.600230	
4.141195	-5.200365	 -8.288844	
3.842204	-5.315182	 -8.421683	
4.023693	-4.623428	 -8.382125	
4.075779	-4.868499	 -8.385498	
3.841236	-5.451556	 -7.688803	
3.704387	-5.019837	 -6.980742	
3.571659	-4.401312	 -7.390435	
3.782105	-4.371790	 -6.715437	
4.192041	-5.170443	 -7.409793	
4.690754	-5.304406	 -7.987073	
4.557153	-5.070258	 -8.245698	
4.815392	-5.211485	 -8.330670	
4.284521	-4.930439	 -8.091565	
4.196150	-5.123171	 -9.022073	
3.805700	-3.531359	 -8.568949	
3.585653	-4.172260	 -8.938470	
3.897034	-4.408210	 -8.969972	
4.555847	-4.972193	 -8.931002	
4.008259	-5.361172	 -8.410364	
4.019061	-4.889460	 -8.143636	
4.134630	-4.937470	 -7.073944	
3.457476	-4.539843	 -6.269571	
3.742022	-4.336943	 -7.374395	
4.214505	-4.638705	 -7.636385	
4.592091	-5.226766	 -8.207516	
5.225692	-5.231410	 -8.042863	
4.759893	-4.526133	 -7.589997	
4.779897	-4.376483	 -6.912903	
4.160482	-4.308712	 -6.557784	
3.705997	-4.381269	 -6.856287	
4.599809	-4.460898	 -7.691839	
4.282761	-4.155296	 -7.875264	
4.513035	-4.748616	 -8.295611	
3.877230	-4.829065	 -8.779314	
3.577476	-4.503726	 -8.019793	
3.515835	-4.689594	 -7.591453	
3.963282	-4.856907	 -8.228933	
4.771934	-4.595982	 -7.272489	
3.967283	-4.807847	 -7.092558	
4.103335	-4.991318	 -8.116899	
4.053894	-5.468869	 -8.005589	
4.251477	-4.978331	 -7.235785	
4.294901	-5.760164	 -8.145017	
4.034799	-5.553031	 -8.385448	
3.658205	-5.282621	 -7.542154	
4.091839	-5.113231	 -7.615793	
4.291266	-4.658553	 -7.784974	
3.710557	-3.951831	 -7.730083	
3.784661	-4.292071	 -8.847685	
3.586946	-4.966984	 -7.901559	
3.888675	-5.801539	 -8.240434	
3.454046	-5.594361	 -7.414266	
3.665489	-5.043414	 -6.874168	
3.513035	-4.985796	 -6.381768	
4.330184	-4.533587	 -6.569144	
3.956804	-3.983766	 -7.200817	
3.779604	-4.024661	 -7.526863	
4.283767	-4.478634	 -7.742073	
3.999285	-4.496612	 -8.323270	
4.040034	-3.868522	 -8.261144	
4.477181	-4.532218	 -7.798827	
4.302590	-5.385784	 -8.352028	
4.412073	-5.648755	 -8.277954	
3.814297	-5.679003	 -9.002810	
4.310793	-4.969463	 -8.114109	
3.890845	-4.828366	 -7.352096	
4.010451	-3.987576	 -7.500017	
3.775634	-4.217796	 -7.928920	
4.254826	-4.129746	 -8.615244	
4.642927	-4.407477	 -8.359744	
4.070930	-4.521882	 -7.390095	
4.166897	-3.860246	 -6.629883	
4.465268	-3.732291	 -8.318702	
4.635118	-4.049999	 -8.554887	
4.228050	-3.898079	 -9.046467	
4.752363	-4.043701	 -7.880999	
4.494433	-4.095547	 -7.071841	
4.474081	-4.135903	 -5.811446	
3.751944	-4.943898	 -5.535203	
4.094029	-5.443874	 -6.303122	
4.602310	-4.999676	 -5.897067	
4.622725	-5.294393	 -6.849802	
5.145165	-4.709819	 -7.092190	
5.999260	-4.608480	 -7.388199	
5.736595	-5.766539	 -7.503750	
6.185008	-5.732188	 -7.266657	
6.005007	-6.371699	 -7.009382	
5.875480	-6.378605	 -5.999473	
5.553666	-6.065889	 -5.597195	
5.065273	-5.744727	 -5.282137	
5.873289	-5.357800	 -4.316241	
6.199958	-5.979715	 -4.703512	
6.363414	-5.121360	 -4.279281	
6.935103	-5.666179	 -3.877885	
6.780412	-5.459159	 -3.272876	
6.996039	-6.240052	 -3.712644	
7.933174	-5.574358	 -3.443199	
7.158991	-6.122339	 -2.643512	
7.000532	-6.306327	 -2.631321	
5.645463	-6.335315	 -2.000736	
6.337732	-6.211641	 -1.915498	
6.389717	-7.057872	 -1.378720	
7.235980	-5.453083	 0.174621	
7.956804	-6.291336	 -0.794473	
7.188503	-5.562835	 -0.895951	
7.581251	-4.301618	 -0.066949	
7.342030	-5.428535	 -0.449351	
8.135564	-5.467558	 -1.381257	
7.769328	-5.408239	 -0.845175	
7.112283	-5.905309	 0.517502	
7.517424	-5.586259	 0.626699	
7.291428	-5.273704	 0.788446	
7.680489	-4.992806	 0.579745	
7.600007	-5.501504	 0.845015	
6.800905	-5.738144	 0.625159	
7.870790	-5.722907	 0.963053	
7.117391	-5.670387	 1.041563	
8.364728	-5.632502	 0.833045	
8.640105	-5.483144	 2.967649	
7.645208	-5.279332	 3.759066	
7.228266	-4.534919	 3.857458	
7.194735	-5.535934	 3.601627	
7.423999	-5.278917	 4.232943	
6.424956	-5.108315	 4.981974	
6.679641	-5.797108	 5.018331	
7.594670	-5.358666	 4.997877	
8.427586	-4.326986	 4.984249	
7.309706	-4.705711	 4.323634	
6.512064	-4.851267	 4.937245	
5.596966	-4.917190	 5.854386	
5.453802	-5.150160	 6.227579	
5.443622	-3.952757	 6.126502	
6.211317	-4.912397	 6.446411	
6.825330	-4.724625	 6.587551	
8.132173	-4.079845	 6.385600	
7.085483	-5.280412	 6.833531	
7.770350	-2.858519	 5.411039	
6.757507	-3.353741	 5.740718	
7.713543	-3.924104	 4.899500	
8.085358	-4.328092	 4.352098	
7.631234	-2.578404	 4.619638	
6.302060	-4.000698	 5.222697	
6.668021	-3.473554	 5.402008	
7.020694	-3.436970	 5.421525	
5.945421	-4.385865	 5.608162	
6.163959	-3.518585	 5.629730	
6.810753	-3.220683	 6.394908	
7.751382	-3.385623	 6.097553	
7.524867	-3.701545	 7.505583	
6.415643	-3.211193	 7.817349	
4.546109	-3.277270	 7.354927	
6.599168	-3.590497	 6.290463	
7.009333	-3.920530	 6.059654	
6.579587	-4.290886	 6.487158	
6.608436	-3.221283	 6.289530	
5.884546	-3.554442	 6.485877	
4.889733	-3.954864	 6.970229	
5.562861	-5.089314	 5.741458	
6.562576	-5.041426	 4.957173	
7.904803	-4.973976	 4.143933	
7.187645	-4.971466	 5.259746	
6.964488	-4.351429	 5.442081	
7.607827	-3.224672	 6.773445	
8.296763	-4.372641	 6.031385	
7.227318	-3.668324	 6.226579	
7.402030	-3.451356	 5.894427	
6.186385	-4.240280	 6.204847	
5.826908	-2.565376	 7.434008	
5.892260	-3.510388	 6.740420	
6.403144	-4.170591	 4.857860	
7.240325	-3.271259	 4.882629	
8.162937	-3.018669	 4.724364	
7.486402	-3.836586	 5.426677	
7.850209	-3.753379	 4.627264	
7.743619	-3.917398	 5.258061	
7.860761	-5.620904	 5.129875	
7.337084	-5.878164	 5.947409	
6.273591	-6.773213	 7.253830	
6.878021	-2.862940	 7.218481	
6.924032	-3.477715	 6.602329	
7.532656	-4.057630	 6.934302	
6.606563	-4.487842	 7.230244	
7.759061	-4.773146	 6.186227	
7.738255	-3.594427	 6.452032	
6.821775	-2.282855	 6.116883	
7.147819	-1.966454	 4.982156	
7.841792	-3.569826	 5.046621	
5.906770	-3.978193	 5.216343	
7.180294	-4.328241	 5.097382	
6.272954	-2.579880	 5.776626	
6.210610	-3.312023	 6.720831	
7.038027	-5.562966	 6.491674	
5.025419	-4.514812	 7.321786	
5.054780	-4.766949	 6.163817	
6.028095	-4.126458	 6.203059	
6.784828	-3.189564	 5.604099	
6.348095	-3.701362	 5.852875	
6.541764	-4.142447	 5.714955	
6.725734	-3.721537	 5.100376	
7.795138	-3.757155	 5.449754	
7.655460	-3.218405	 5.455370	
7.438540	-4.594863	 5.089025	
7.450344	-4.729363	 4.987092	
8.991037	-4.921840	 5.369342	
8.868790	-3.427691	 6.677774	
7.460068	-5.157782	 6.719009	
6.858975	-4.684379	 6.788274	
7.243836	-3.610699	 6.965812	
7.459069	-2.419349	 6.862013	
8.407057	-2.248782	 5.439970	
7.248258	-2.406847	 6.478745	
8.081697	-2.860129	 5.883028	
6.426065	-4.179264	 6.452464	
7.418966	-5.043804	 5.065084	
6.686495	-4.747045	 5.702456	
7.664909	-4.770911	 6.120701	
6.330813	-2.568100	 6.542277	
4.705211	-3.119711	 7.369743	
5.114957	-3.715960	 6.419189	
5.339066	-3.552933	 6.363200	
7.535882	-5.094686	 4.777965	
7.218236	-4.446922	 5.157639	
6.845752	-3.537583	 5.465908	
7.865025	-3.237783	 5.678463	
7.923363	-4.745322	 5.090608	
7.287570	-4.224256	 6.700529	
5.128070	-4.060771	 6.801518	
4.828709	-4.036880	 6.826652	
5.061229	-3.415678	 6.708543	
5.319824	-4.782188	 4.845413	
6.785502	-4.839338	 3.952210	
7.758957	-3.493460	 4.699304	
8.536918	-4.386413	 5.835406	
7.633763	-4.238364	 6.506199	
7.543933	-5.025311	 6.879606	
8.019501	-4.814015	 6.986885	
7.829282	-4.670606	 7.909635	
9.894485	-3.809069	 6.511937	
10.839567	-3.651077	 5.689344	
9.557813	-2.993754	 6.405613	
9.477890	-3.559823	 6.152570	
8.661798	-4.118648	 6.184415	
8.061394	-4.583289	 6.527434	
7.026856	-3.327521	 6.412319	
6.991555	-3.652435	 6.890298	
7.890294	-4.790431	 6.244853	
7.461770	-3.960564	 6.227178	
8.035272	-5.170553	 7.019986	
6.873086	-4.425262	 7.565498	
6.986256	-5.558745	 7.061985	
8.224254	-5.300577	 6.925746	
8.618028	-5.997461	 7.145303	
8.682719	-4.791104	 7.492731	
9.602976	-5.555101	 6.739008	
8.825618	-4.512978	 7.434166	
7.468371	-3.987882	 7.749409	
8.568514	-4.519302	 7.440347	
8.646511	-5.643915	 7.064237	
9.491093	-6.990973	 6.745970	
9.166147	-6.703704	 6.954888	
9.943760	-5.544515	 7.692863	
9.027613	-4.177370	 8.438277	
9.340282	-4.174460	 8.067511	
10.278045	-3.462098	 6.836216	
11.145882	-5.525652	 7.425501	
9.553850	-5.199055	 8.673394	
11.432491	-4.839312	 8.400398	
9.499328	-3.987191	 8.722703	
9.499154	-4.431636	 9.403688	
8.917614	-5.525468	 8.861807	
7.635781	-6.090891	 9.379143	
9.010394	-5.553630	 9.045654	
8.573464	-5.891049	 8.590338	
8.980374	-7.483874	 7.384202	
10.266652	-6.679049	 7.659915	
11.404060	-5.905146	 8.371560	
10.848064	-6.020712	 8.757308	
9.959755	-6.086020	 9.809125	
10.664965	-5.920077	 9.609004	
10.305846	-6.379631	 9.089513	
10.607267	-5.718498	 8.053717	
10.465303	-6.057537	 8.072378	
10.529301	-5.975700	 8.205103	
10.998122	-5.828548	 8.369116	
11.316911	-5.708572	 8.706605	
11.940657	-4.624044	 8.492557	
11.575795	-4.830540	 8.662590	
11.437405	-4.243892	 9.499580	
11.804190	-7.141518	 8.213048	
10.306945	-6.749895	 9.188798	
12.109355	-5.682441	 8.645730	
12.891747	-6.511494	 8.235920	
11.763714	-6.634562	 8.836573	
11.481343	-8.842140	 7.987047	
11.706841	-7.466102	 9.405789	
10.506458	-6.069409	 11.205474	
9.185503	-5.912723	 11.592823	
11.428231	-5.781256	 11.417495	
10.009409	-3.669717	 12.274690	
11.818352	-6.168959	 10.579162	
10.024737	-6.456012	 10.343451	
11.316074	-7.293205	 10.218578	
12.858503	-6.513873	 8.610701	
13.427865	-8.297213	 9.258802	
13.444458	-9.651848	 8.849943	
13.555632	-8.074144	 9.855799	
13.943889	-8.773428	 10.456857	
12.365958	-7.363755	 11.825410	
11.109323	-6.205123	 11.961156	
12.369416	-5.050546	 12.974328	
11.080359	-5.349981	 12.476815	
12.240647	-5.497455	 11.475098	
13.143557	-6.203081	 9.941882	
13.967833	-7.119786	 10.200519	
14.392281	-8.942091	 9.095332	
14.474706	-8.692668	 9.099008	
14.468962	-7.857396	 10.223436	
14.754366	-7.841279	 10.583581	
13.071376	-7.503030	 11.245689	
11.742924	-6.734927	 12.443734	
12.476712	-6.844502	 12.744153	
12.946772	-6.914340	 11.708585	
13.047885	-7.159316	 12.065191	
12.880202	-8.678370	 12.740905	
13.434432	-7.331811	 12.010649	
12.595400	-6.989572	 11.628286	
15.034224	-6.276314	 10.410321	
13.777920	-8.290727	 10.999121	
13.670760	-8.089742	 10.836341	
13.056734	-7.290475	 11.366591	
12.685850	-6.529331	 11.592626	
12.676254	-8.486540	 11.047338	
15.898951	-8.919599	 9.673144	
16.227529	-5.822682	 11.491651	
15.239152	-6.730606	 11.021406	
14.437709	-6.764141	 12.093743	
12.928872	-8.235209	 12.439634	
12.245696	-8.597197	 13.466851	
12.418739	-8.251668	 13.302885	
12.744109	-8.314180	 12.639066	
14.190900	-9.592673	 11.092599	
14.908184	-9.726730	 11.435620	
14.663799	-9.702116	 10.694117	
14.119135	-7.083391	 11.452428	
13.355134	-7.195868	 12.489373	
13.655770	-6.792748	 13.154097	
12.618411	-7.864548	 12.744649	
12.465835	-8.998367	 12.612115	
13.730346	-8.968823	 11.023109	
12.913402	-8.034156	 11.689968	
13.052318	-7.122321	 13.233508	
14.469476	-7.154897	 12.241005	
15.503452	-7.489814	 10.533671	
15.375010	-7.286663	 11.554101	
14.158859	-6.827095	 13.098645	
13.171006	-7.906089	 13.268077	
12.713638	-8.020510	 12.708971	
13.399078	-8.544694	 13.149592	
15.164908	-8.005361	 11.555551	
13.952240	-8.181352	 11.956390	
12.864860	-6.980391	 12.458293	
13.259394	-6.645487	 12.838261	
12.746482	-7.019606	 13.460906	
14.537026	-6.975866	 12.878108	
14.539308	-6.453540	 12.726498	
12.936148	-7.647041	 13.055245	
14.193090	-8.822261	 11.084542	
14.611884	-7.996394	 11.831965	
14.540285	-8.612075	 10.706218	
15.291970	-9.333829	 10.074925	
13.704534	-10.908115	 11.251638	
13.565833	-9.711576	 12.019309	
12.886837	-9.204574	 11.894157	
14.867442	-6.626107	 12.154937	
14.009963	-5.543077	 12.760206	
13.340654	-8.489384	 12.701512	
15.141680	-8.552197	 10.396054	
14.040158	-8.703325	 10.827327	
13.370688	-9.166526	 11.865798	
12.488337	-6.979053	 12.628876	
11.566474	-6.024725	 13.092716	
12.633716	-6.200961	 12.937732	
12.955605	-6.155033	 12.904991	
13.256432	-5.680489	 13.037107	
14.156515	-8.936185	 11.162042	
14.648686	-10.124547	 11.210457	
13.885145	-8.919529	 11.595164	
14.897300	-7.471871	 11.440753	
14.105877	-8.258233	 12.078059	
15.517360	-7.198755	 10.706106	
15.494498	-5.100017	 10.764092	
14.874386	-8.344450	 10.711265	
14.729754	-8.812113	 11.795697	
13.401010	-9.157896	 12.128386	
12.723797	-8.741703	 11.786857	
14.134979	-9.789813	 11.783190	
15.267335	-7.455631	 12.167397	
14.053474	-6.695926	 13.304017	
12.988558	-6.086145	 13.860694	
12.924081	-7.228093	 13.201254	
13.638686	-7.329719	 12.810979	
13.186020	-8.914802	 12.450335	
13.455665	-8.058429	 12.131307	
14.257987	-7.951323	 10.779720	
14.623450	-6.654930	 11.323157	
13.596887	-7.357422	 11.745015	
12.835569	-8.050430	 12.593587	
13.401929	-8.861592	 12.377474	
13.815999	-8.827925	 12.301627	
12.649823	-9.820508	 11.651141	
14.580799	-8.561214	 10.962742	
15.536877	-9.247665	 10.706582	
14.754148	-8.050666	 12.097577	
15.867539	-6.500158	 11.804403	
14.059266	-7.378833	 12.429564	
12.362486	-6.524657	 12.950977	
12.403482	-7.403607	 13.611124	
13.093136	-8.463969	 12.952227	
12.326789	-9.322250	 12.619191	
12.537768	-6.900702	 12.476640	
15.121074	-7.324868	 11.298272	
13.800102	-7.950827	 11.682910	
13.525863	-6.709200	 10.665008	
14.398573	-5.934611	 10.636998	
15.430799	-6.945158	 10.511094	
14.774490	-6.984979	 11.549003	
13.867891	-7.660245	 12.594868	
12.794216	-8.533985	 12.093994	
14.112464	-7.277357	 12.569229	
14.567624	-8.031345	 12.377195	
14.648504	-6.179830	 12.198411	
14.417687	-7.375948	 12.276448	
15.789663	-8.248515	 11.727599	
14.352108	-7.000112	 12.390248	
14.185443	-8.136633	 13.024933	
12.325482	-7.762533	 13.280680	
10.851548	-6.875528	 14.364550	
8.875555	-7.506203	 14.062391	
9.082812	-6.338010	 13.901213	
9.124833	-7.231778	 14.039558	
8.475808	-5.512311	 15.081652	
9.118175	-4.653398	 16.874237	
9.330664	-4.889180	 16.462265	
7.800390	-5.869965	 17.050132	
8.641507	-6.155081	 17.427291	
10.101690	-2.492403	 16.341843	
8.517001	-5.071258	 16.153521	
9.180200	-4.028858	 17.143413	
8.272702	-2.472503	 18.234457	
7.836550	0.601634	 17.946074	
6.576286	0.682130	 18.681836	
6.711176	1.328209	 18.241242	
5.764416	0.137067	 17.447790	
8.434947	-2.040481	 16.908020	
6.523211	-1.512941	 18.185772	
6.866093	-0.761846	 19.163090	
2.955380	-0.111358	 19.917166	
1.384587	1.827166	 20.582917	
2.554170	1.868132	 20.263525	
2.585482	1.123105	 20.850951	
2.673825	0.686806	 19.665195	
0.539623	2.023946	 21.244739	
0.395034	3.256699	 20.295722	
1.217579	2.252740	 19.827513	
2.937897	3.612926	 19.801321	
1.843632	4.047705	 20.353722	
3.069415	2.395241	 18.990202	
1.672838	1.587316	 19.052208	
1.467571	0.275123	 18.441035	
-0.470652	2.498234	 19.540533	
-2.397351	5.354335	 19.462323	
-1.681038	6.812632	 19.828205	
-0.723423	5.930603	 19.643126	
-1.937674	4.805526	 19.836955	
-2.510114	4.708569	 18.776489	
-2.693583	7.312304	 20.124531	
-2.408699	8.282078	 19.195130	
-4.115169	7.598261	 18.926032	
-1.614966	9.612877	 18.664026	
-3.772783	10.942671	 18.583941	
-3.312795	9.965149	 18.769061	
-3.790525	8.908096	 18.880789	
-6.511828	7.727350	 19.360763	
-5.087498	8.790209	 19.401953	
-4.967358	8.508256	 19.044400	
-6.401393	8.054720	 18.044682	
-6.859192	6.768020	 16.767561	
-6.829908	6.967782	 16.641756	
-7.771813	9.161204	 16.134485	
-7.981229	11.036360	 15.103446	
-8.321493	9.345719	 15.300680	
-8.552322	7.918324	 14.721408	
-8.212801	7.407119	 15.348208	
-7.521101	8.198758	 15.435694	
-7.303768	9.047865	 15.468691	
-9.245200	9.916946	 14.959204	
-9.771184	11.153627	 14.350286	
-9.783699	10.693232	 14.531839	
-11.177505	9.736082	 15.034256	
-8.621488	8.878586	 16.211577	
-6.372927	10.628843	 16.108662	
-7.537351	9.792286	 16.747329	
-6.832400	10.261350	 16.216958	
-9.156895	7.029989	 15.773133	
-9.139181	8.228069	 14.909620	
-6.886590	9.088862	 15.814462	
-6.087697	7.545453	 15.948613	
-7.336310	10.212572	 14.786457	
-7.117692	10.793472	 15.692951	
-7.920296	10.861860	 15.422776	
-7.627964	7.478356	 16.077247	
-8.094100	9.380353	 15.436527	
-8.319245	10.584930	 15.035713	
-8.631888	11.000605	 15.658122	
-6.695275	10.219357	 16.297345	
-9.352769	8.957151	 15.504768	
-12.406223	11.224457	 14.178547	
-10.237719	9.244514	 15.907855	
-9.396741	10.527682	 15.516836	
-9.399922	9.957202	 15.284889	
-9.009631	7.545350	 16.087314	
-6.227514	6.894075	 16.845830	
-7.200395	8.927261	 16.543624	
-5.616911	9.179108	 16.832956	
-6.076740	6.367411	 16.714475	
-7.542414	9.609845	 15.333346	
-6.058831	10.236808	 14.980265	
-5.622566	9.674777	 14.524076	
-7.603932	11.580239	 14.299327	
-9.130754	9.275478	 15.049990	
-9.161286	9.151229	 14.734205	
-9.117462	9.421374	 15.119510	
-9.850037	10.673972	 14.800196	
-8.041733	11.001762	 15.096443	
-8.274158	11.347417	 15.060063	
-7.159165	10.238538	 15.125216	
-7.953714	9.398007	 15.169466	
-10.002917	9.410265	 15.808594	
-10.246651	8.417645	 16.623377	
-10.172551	6.786812	 16.443930	
-8.808059	9.651261	 14.880709	
-9.473806	9.372041	 15.109725	
-9.743984	10.092798	 15.307734	
-7.965461	9.920037	 16.336592	
-7.118383	9.717979	 16.625766	
-8.576761	10.517605	 14.790852	
-7.534833	11.794131	 13.832234	
-6.625247	8.648967	 15.697605	
-6.004686	8.922980	 16.487759	
-6.808279	9.048149	 16.021139	
-8.455562	7.531930	 16.457671	
-7.571742	9.050630	 16.915095	
-9.574180	8.822507	 14.954281	
-10.482594	8.168300	 15.681125	
-9.036609	9.122706	 16.310898	
-7.810462	10.763187	 16.112040	
-9.144991	9.542695	 15.087717	
-9.622166	10.095656	 14.211397	
-9.256632	10.982096	 14.685101	
-7.835857	11.626155	 14.091880	
-7.723943	10.939828	 14.159834	
-7.386167	9.212845	 15.010616	
-7.604786	10.373926	 14.726402	
-9.272120	11.131523	 14.361763	
-8.023001	12.414994	 14.512059	
-6.823384	10.386595	 16.907824	
-8.503417	8.365468	 16.313527	
-7.199387	6.558244	 17.351162	
-5.185532	6.931404	 16.949854	
-6.090644	6.531931	 16.371353	
-5.382752	7.049834	 16.183388	
-7.231754	8.703342	 16.252836	
-8.700405	8.697737	 15.086291	
-9.965760	9.150421	 15.367000	
-10.334713	9.616549	 15.057279	
-10.395340	9.772910	 14.705327	
-8.099148	11.050026	 15.305501	
-7.416002	9.850720	 15.149883	
-6.748273	10.978250	 14.212900	
-8.385595	10.533284	 14.761148	
-8.340917	11.633087	 15.526701	
-9.182383	10.902208	 15.639661	
-7.544010	10.170888	 16.522360	
-7.053707	9.592209	 16.614627	
-7.579248	9.664658	 16.017792	
-6.824803	8.753543	 15.524433	
-8.318068	10.227712	 14.992700	
-8.567431	7.159969	 15.437608	
-10.107975	6.966175	 15.407784	
-8.810302	7.120905	 15.783284	
-9.114752	7.798038	 15.155407	
-8.740195	10.522735	 14.867789	
-7.939196	8.753877	 15.084695	
-8.125870	9.151954	 15.673953	
-8.852842	10.693048	 16.090325	
-7.157546	10.314074	 16.464300	
-7.817056	9.020799	 16.899664	
-7.265869	10.724926	 15.750983	
-8.892198	9.625696	 15.184487	
-7.801887	9.866970	 14.822804	
-8.104032	8.074177	 14.408153	
-6.967727	8.600797	 14.265417	
-6.202032	8.945911	 14.594919	
-6.367428	10.188961	 14.373658	
-6.254047	11.004460	 14.458800	
-7.340938	10.489428	 14.303972	
-7.253620	8.907960	 14.564300	
-8.365055	10.259346	 14.399654	
-8.464165	9.305348	 14.700153	
-6.708289	8.663721	 15.588085	
-7.353823	8.497702	 15.163610	
-7.855207	8.861093	 14.499282	
-7.504882	8.116792	 15.385503	
-8.608731	7.890702	 14.420813	
-8.762589	8.334732	 14.140549	
-8.091489	8.832699	 13.193388	
-7.399627	7.168550	 13.613578	
-5.338309	7.850211	 13.948710	
-9.273720	7.716451	 13.524672	
-7.014630	6.921001	 13.461093	
-4.666072	7.112018	 13.488495	
-4.299508	6.823855	 13.657456	
-4.413738	6.122155	 12.848760	
-5.452816	7.345399	 12.755689	
-5.524320	8.575187	 12.989564	
-6.696297	6.712748	 12.714266	
-6.955330	7.047146	 13.406303	
-5.991659	7.022998	 13.907620	
-6.277422	9.406611	 13.130574	
-7.358799	7.855160	 12.791316	
-6.747607	8.509974	 13.206886	
-6.162875	8.336437	 13.856785	
-7.715341	7.428487	 12.047810	
-8.581309	6.564853	 11.815418	
-5.146968	8.519761	 12.294114	
-4.420459	8.984728	 11.677990	
-4.878809	7.623546	 12.931617	
-6.066577	6.449367	 13.333437	
-6.095595	8.256379	 12.406245	
-7.569262	7.513554	 11.556773	
-6.086200	5.809637	 12.124073	
-5.283367	4.820601	 12.703258	
-6.997648	6.824209	 11.990149	
-7.484053	8.368549	 10.740334	
-7.067395	7.919950	 11.555141	
-5.625847	8.944764	 11.703381	
-6.289929	7.710255	 11.702622	
-6.015522	6.728142	 11.732586	
-7.114320	6.858948	 11.313794	
-4.503291	5.550176	 11.599788	
-5.404201	5.527582	 11.585996	
-5.454692	6.361428	 11.038229	
-5.674149	4.736710	 10.344797	
-6.535247	5.461310	 10.426119	
-6.455420	5.871776	 10.237058	
-6.224908	6.765684	 10.489349	
-5.697722	6.823424	 11.137647	
-4.908678	4.941068	 11.396218	
-3.687921	4.808992	 11.343988	
-4.824522	4.561325	 10.882361	
-5.935367	7.076909	 10.472992	
-6.075537	7.397093	 11.131776	
-4.949331	7.091700	 10.650090	
-4.742527	8.176546	 8.718704	
-3.317183	7.074336	 9.054690	
-3.364604	6.717092	 9.503752	
-4.500576	6.322088	 9.817489	
-3.824910	5.717724	 11.152370	
-3.636770	6.098847	 10.659332	
-5.903744	3.725861	 10.472498	
-4.825152	4.975331	 10.243892	
-6.065444	4.716073	 10.400404	
-5.378608	3.864054	 10.417963	
-5.355719	5.194522	 9.071179	
-6.045805	5.755520	 8.108182	
-5.667785	6.054399	 8.980859	
-6.887722	4.427525	 8.630234	
-4.276735	5.153406	 8.760526	
-4.377887	5.612411	 9.248349	
-5.778203	5.815027	 9.488112	
-4.573363	5.667526	 9.450140	
-4.485005	6.362056	 9.724148	
-3.762321	5.840717	 9.822869	
-3.842341	3.614550	 9.487387	
-4.073579	5.088072	 8.921500	
-3.974843	4.303196	 9.063336	
-2.904567	5.552215	 8.066426	
-5.413249	6.843497	 6.965336	
-4.792737	5.152381	 7.655962	
-4.424391	4.087108	 7.634883	
-4.592208	4.329900	 7.085802	
-4.093430	6.848154	 6.693121	
-4.283363	5.068597	 7.030816	
-3.209457	6.283482	 7.026815	
-3.691033	5.329587	 8.132726	
-2.932263	5.516528	 8.926698	
-3.151059	2.783804	 9.161459	
-2.506223	3.509415	 6.851935	
-2.782518	4.766039	 7.550111	
-5.291257	3.013589	 7.614226	
-3.891146	5.548804	 7.411862	
-3.750903	6.171824	 7.576937	
-4.609855	3.080655	 7.759144	
-4.344606	4.060007	 7.280071	
-4.805376	3.977725	 8.286546	
-5.424027	3.208846	 7.500450	
-5.355363	5.429639	 7.470377	
-4.243872	6.651437	 7.402670	
-3.611633	5.495191	 7.963015	
-5.470192	4.770389	 7.542591	
-4.567511	4.531872	 6.995298	
-3.656813	4.386984	 7.869670	
-5.750731	4.310219	 7.582205	
-4.147197	5.251931	 8.129440	
-3.311512	6.617406	 8.824101	
-2.984861	4.451343	 8.826782	
-3.184742	4.366906	 8.772650	
-3.947926	4.360175	 8.248316	
-4.502761	2.755132	 8.196656	
-4.964440	3.075399	 7.811879	
-4.785193	5.070774	 7.501977	
-3.952804	5.331586	 6.810138	
-3.366052	6.304517	 7.061866	
-2.394518	5.853607	 7.238160	
-2.988070	7.110505	 7.601234	
-4.045308	4.524162	 7.803057	
-3.193653	6.154215	 6.571001	
-2.081705	6.087306	 7.875982	
-3.558295	4.348985	 8.009335	
-3.859609	4.339428	 7.249271	
-4.576383	2.708920	 7.520225	
-4.636856	2.892549	 7.357682	
-4.826808	3.297898	 7.539821	
-6.197080	3.757677	 7.600861	
-5.942002	4.961900	 7.387381	
-6.187514	5.669620	 7.928908	
-3.119536	6.081689	 8.503828	
-3.959086	6.078070	 7.581995	
-3.758590	4.360006	 9.139953	
-4.269150	4.347931	 8.457370	
-4.582999	4.333276	 7.569701	
-4.455947	2.877327	 7.534888	
-3.790597	3.950053	 7.219935	
-4.299569	5.466889	 7.395041	
-4.243819	6.182430	 6.763162	
-4.424675	4.269742	 8.221300	
-4.629048	4.828531	 7.962636	
-3.480783	4.247579	 7.193911	
-3.498679	5.693585	 8.120899	
-3.440625	4.927463	 7.365193	
-3.548738	5.232229	 7.879593	
-3.800120	4.498953	 9.008577	
-4.205563	4.285700	 8.327025	
-4.532952	3.433655	 7.591842	
-3.928214	5.549927	 7.525405	
-4.641925	6.697816	 7.606545	
-3.945706	5.588199	 8.523190	
-3.624220	3.895837	 8.142647	
-3.277297	3.153448	 9.530427	
-3.402074	3.087446	 8.466666	
-4.053642	4.875231	 8.025492	
-4.159912	5.822308	 6.983461	
-4.819555	5.611948	 7.802332	
-5.207584	5.340110	 7.492933	
-4.576824	5.106845	 6.674179	
-2.507879	5.083640	 7.659854	
-3.174342	4.158171	 7.887882	
-4.586642	6.148000	 7.028644	
-4.733991	6.414788	 7.714017	
-4.844112	4.776061	 7.225219	
-3.681428	5.400803	 7.459832	
-4.858293	4.928219	 7.252208	
-5.656497	4.746740	 8.354637	
-3.471534	4.586360	 8.592131	
-3.343708	2.111552	 7.819396	
-3.947501	3.556523	 7.381091	
-5.201363	2.945554	 7.275957	
-4.207732	2.878435	 6.697052	
-3.559924	4.655739	 6.500531	
-3.383084	4.250432	 6.447219	
-0.912210	4.840243	 7.613685	
-1.759379	6.080879	 8.321413	
-2.344822	5.941014	 8.680020	
-3.088063	5.625320	 7.430900	
-4.547256	5.389816	 7.230756	
-5.610814	4.976894	 8.084211	
-6.032581	5.916117	 7.310865	
-6.486859	6.185386	 7.566088	
-4.655593	5.465256	 7.670107	
-4.116303	5.180434	 7.759163	
-2.913103	5.091656	 8.003766	
-2.995125	5.207595	 8.304487	
-4.086667	4.636914	 7.723610	
-4.025191	3.572463	 7.186061	
-3.252952	4.060050	 8.094753	
-4.173688	5.518655	 8.076575	
-4.969173	7.923118	 6.834289	
-5.619949	8.029835	 5.626458	
-4.314938	7.024672	 6.491255	
-4.508201	8.662336	 5.666898	
-5.025830	7.794797	 6.001571	
-4.262008	6.057115	 6.450936	
-5.710711	6.259908	 7.349183	
-5.617401	6.069694	 7.530527	
-5.717441	5.828570	 7.320071	
-6.211044	7.265755	 5.751745	
-5.718053	7.062826	 4.776079	
-7.284350	6.386916	 4.103940	
-5.821812	6.245362	 4.975987	
-6.813514	7.255798	 4.777674	
-7.108493	6.873818	 5.002802	
-5.848371	6.195004	 4.645132	
-7.311676	7.002894	 4.104754	
-7.078983	7.107498	 3.402659	
-6.171352	7.522538	 3.234176	
-7.113100	7.245171	 2.098088	
-6.728080	8.104182	 2.209526	
-7.124255	7.120423	 2.270974	
-5.776243	8.125019	 2.624840	
-6.090129	8.062473	 2.059812	
-6.370646	7.136781	 1.708670	
-6.372216	5.779008	 1.905860	
-6.210309	5.682470	 2.246454	
-6.952497	6.478377	 1.403167	
-6.483023	6.684488	 1.178747	
-7.578079	7.618621	 0.213273	
-8.907834	8.783733	 -0.929310	
-8.775751	9.598815	 -0.979425	
-7.620088	8.239890	 0.289281	
-7.487304	8.619673	 -0.261668	
-6.944820	6.842606	 0.512357	
-7.677697	7.633249	 -0.856902	
-7.658678	7.306723	 -1.134180	
-7.531783	8.102207	 -1.426912	
-7.898949	7.432731	 -1.714430	
-7.429410	7.804352	 -1.632622	
-8.350969	8.222581	 -2.521437	
-8.187152	7.611248	 -1.645844	
-7.300393	6.950458	 -1.958665	
-7.670255	5.840508	 -2.839502	
-8.177343	6.168323	 -2.965856	
-7.870825	5.811490	 -3.168092	
-7.316776	5.697876	 -3.821638	
-7.979911	5.448231	 -4.372908	
-7.356603	5.057379	 -3.599536	
-6.970785	6.445162	 -4.636322	
-6.795697	6.461167	 -4.222731	
-6.564103	6.928407	 -4.489643	
-6.924952	6.809864	 -4.761066	
-6.534787	6.103231	 -4.998695	
-7.134555	5.440315	 -5.097655	
-7.801983	4.498044	 -4.687863	
-7.380025	4.042874	 -5.048595	
-7.500190	3.355771	 -4.956157	
-7.017284	3.487838	 -4.648768	
-7.296291	3.783987	 -5.876841	
-6.859454	4.066895	 -5.775458	
-6.801953	4.288571	 -6.756405	
-6.996692	4.127265	 -6.129001	
-6.639305	4.506718	 -6.128241	
-5.996518	4.372090	 -5.730790	
-5.938637	3.918851	 -6.988675	
-5.240032	3.328545	 -5.943914	
-6.630236	3.001165	 -5.397111	
-6.910027	3.413385	 -6.288760	
-6.628262	3.433508	 -5.949802	
-6.897757	3.964799	 -6.544712	
-6.859358	4.742400	 -7.243264	
-6.090991	4.552970	 -5.843623	
-6.352867	4.450002	 -5.896781	
-6.985013	4.790042	 -6.649810	
-7.424664	5.017289	 -6.899290	
-8.297536	4.467064	 -7.562349	
-8.482446	3.674587	 -6.766653	
-7.560057	3.589674	 -5.631875	
-7.026672	3.728788	 -5.266112	
-7.331211	4.760192	 -6.103530	
-6.820025	5.035037	 -5.390774	
-6.835968	3.941856	 -5.760448	
-6.328300	3.356823	 -5.438901	
-6.642464	3.914420	 -6.110186	
-6.926865	3.585871	 -7.264957	
-6.822448	3.861359	 -6.751350	
-6.721230	3.294273	 -5.967875	
-6.747778	3.879253	 -7.243006	
-6.681609	3.237451	 -6.560982	
-6.638376	4.127649	 -5.778926	
-7.103636	4.392054	 -5.299730	
-6.657496	3.783765	 -5.448565	
-6.851722	3.492951	 -5.830954	
-7.154337	3.387319	 -6.521618	
-7.840640	3.450660	 -6.088823	
-8.289730	3.658765	 -6.802596	
-7.883406	4.248447	 -7.165321	
-7.168919	4.769117	 -6.116076	
-7.349687	4.718483	 -6.110480	
-6.772793	4.645206	 -5.589277	
-5.968136	3.702813	 -4.016781	
-6.172757	4.171045	 -4.703760	
-6.186384	3.613504	 -4.677281	
-6.404931	3.399565	 -5.478094	
-7.527187	3.022738	 -6.201919	
-8.377175	3.311561	 -5.463167	
-8.637282	4.083216	 -5.059432	
-8.148091	4.212709	 -5.371470	
-8.013056	4.005400	 -4.111973	
-7.890742	4.347772	 -4.672276	
-7.691641	3.703685	 -4.122456	
-7.440730	2.992193	 -3.776731	
-7.777114	2.778251	 -4.166954	
-8.890618	2.338068	 -3.500054	
-9.007520	1.926534	 -4.111266	
-10.357496	1.502531	 -3.649124	
-10.682311	1.108033	 -3.240044	
-9.713904	1.124499	 -1.611514	
-9.596423	-0.073080	 -1.943502	
-9.288433	-0.058892	 -2.062122	
-9.745563	0.772527	 -2.197872	
-10.092811	0.102591	 -2.733276	
-10.914105	0.027558	 -2.780820	
-11.076603	-0.020995	 -2.791336	
-11.093857	-0.052640	 -2.045676	
-11.061717	-0.766868	 -1.280535	
-11.293479	-0.504643	 -0.293838	
-11.430918	-0.959612	 -0.761834	
-11.358573	-1.178492	 -1.501666	
-11.883867	-0.932858	 -1.286225	
-11.160271	-0.287320	 0.171944	
-11.035770	-0.538899	 0.521215	
-12.388466	-1.286062	 -0.379148	
-11.957958	-1.780684	 -0.352691	
-12.164433	-2.609121	 -0.728286	
-10.484113	-3.167606	 -0.103102	
-10.453631	-2.828964	 0.064753	
-11.448858	-2.389957	 -0.285692	
-11.112201	-1.914283	 -0.039561	
-10.711838	-2.501605	 -0.738081	
-12.342299	-3.020622	 -1.298941	
-11.570678	-2.616052	 -1.298528	
-11.614473	-2.744675	 -1.017717	
-11.008201	-2.967326	 -1.364864	
-10.962666	-2.963168	 -1.307183	
-10.739494	-3.079982	 -1.565282	
-11.200999	-3.596303	 -1.673643	
-11.557510	-3.079647	 -1.039335	
-11.937497	-3.478758	 -0.895817	
-11.683671	-2.529169	 -0.471948	
-12.514821	-3.006394	 -0.206467	
-11.474058	-2.858816	 -0.253950	
-11.878057	-2.536229	 -0.461284	
-11.294610	-2.815555	 -0.235973	
-10.787903	-2.861676	 0.636204	
-10.898148	-2.301579	 0.360081	
-11.168619	-2.142353	 -0.122673	
-10.861377	-2.222435	 -0.159180	
-10.665188	-2.140481	 -0.734057	
-10.915216	-2.627245	 -1.017639	
-11.269160	-3.104681	 -1.419602	
-11.019719	-3.282926	 -0.969646	
-10.551842	-3.136868	 0.484690	
-10.151482	-2.740118	 0.520839	
-10.864333	-2.374121	 -0.643681	
-11.338037	-3.282707	 -1.295814	
-11.585591	-2.673213	 -1.254943	
-11.536986	-2.745859	 -1.418119	
-12.332819	-2.342844	 -1.775400	
-12.844760	-2.783237	 -1.721910	
-11.736195	-2.982673	 -1.212805	
-11.026714	-2.597027	 -0.503400	
-11.629923	-2.479089	 -0.771900	
-11.768013	-2.879519	 -0.943675	
-12.149053	-2.986616	 -1.019712	
-12.232132	-2.875734	 -1.322132	
-10.774474	-2.902265	 -0.565899	
-10.556528	-2.358011	 -0.501576	
-11.630670	-2.875295	 -1.326869	
-11.692745	-2.388891	 -1.571147	
-11.721876	-2.510388	 -1.241261	
-10.841496	-2.468350	 -0.590128	
-11.966014	-1.602678	 -0.997511	
-11.322400	-2.210856	 -0.636291	
-10.882193	-2.537957	 -0.690297	
-10.714731	-3.281722	 -1.014953	
-12.131484	-3.520747	 -1.305437	
-11.023807	-3.496712	 -0.224547	
-11.930472	-3.227669	 -0.873953	
-11.383255	-2.769839	 -0.325718	
-11.880879	-2.597852	 -0.395642	
-11.835423	-2.996498	 -0.576885	
-12.116146	-2.463607	 -1.117894	
-11.607128	-2.519284	 -0.430987	
-11.482438	-2.766846	 -0.589135	
-10.821042	-3.128126	 -0.456392	
-11.524329	-3.131822	 -0.711334	
-10.155515	-2.876342	 0.209722	
-10.933417	-3.612690	 -0.071434	
-10.829551	-3.493873	 0.620214	
-10.538928	-3.091283	 0.257952	
-11.133464	-2.650210	 -0.121876	
-11.076649	-2.923785	 -0.623013	
-10.961419	-3.565332	 -0.835775	
-10.168804	-3.353136	 -0.994624	
-11.020634	-3.350291	 -1.298614	
-12.166996	-1.953057	 -1.949403	
-12.071678	-1.649309	 -1.718930	
-12.763505	-1.390691	 -1.399433	
-12.498870	-1.450945	 -0.887109	
-11.207897	-1.778902	 -0.645776	
-12.030189	-2.883873	 -1.102842	
-11.975793	-3.194485	 -0.904148	
-10.009327	-3.175484	 -0.334237	
-9.887170	-3.955475	 -1.071806	
-10.618712	-3.502104	 -1.640654	
-11.236664	-3.612366	 -1.487886	
-11.776973	-3.056164	 -0.661556	
-12.350262	-3.164146	 -0.445997	
-12.063519	-3.707371	 -0.196635	
-11.288534	-3.817322	 -0.635700	
-11.477005	-2.954326	 -0.649111	
-11.434632	-2.548424	 -1.123938	
-11.695980	-3.044448	 -1.012576	
-11.161984	-2.521170	 -0.383286	
-11.121709	-2.354412	 -0.324464	
-10.845511	-2.041582	 0.055279	
-10.914942	-2.077937	 -0.667824	
-11.706946	-2.624446	 -1.245035	
-11.144587	-2.882657	 -0.713258	
-11.530818	-2.814787	 -0.241943	
-11.929994	-2.598507	 -0.525745	
-11.248246	-3.300491	 -0.165764	
-11.101237	-3.157489	 -1.473417	
-10.736150	-2.514466	 -1.501022	
-11.538563	-2.278281	 -2.484844	
-11.421029	-2.241343	 -2.632304	
-11.191536	-2.443688	 -2.200749	
-10.893932	-2.747802	 -3.444517	
-10.442135	-1.392852	 -3.534203	
-10.883320	-1.095294	 -4.540259	
-11.181636	-1.075310	 -4.584900	
-11.864283	-1.038441	 -5.657452	
-11.513796	-1.265563	 -4.979137	
-10.644737	-1.069163	 -4.286397	
-10.177865	-0.126178	 -4.215611	
-9.672915	0.195615	 -4.608859	
-9.662387	0.033442	 -4.753078	
-9.447907	-0.821607	 -4.894004	
-8.851224	-1.492310	 -4.028814	
-9.133775	-0.951936	 -4.755849	
-9.913925	-0.252811	 -6.223143	
-9.366508	-0.035937	 -5.913796	
-8.659714	0.083335	 -6.089723	
-9.017013	0.822859	 -6.912403	
-7.642368	0.624192	 -5.880021	
-7.509066	1.575599	 -5.968897	
-7.713862	1.635015	 -6.995392	
-8.016389	1.947508	 -7.347045	
-8.123150	2.737766	 -7.521063	
-8.213078	2.779415	 -6.335348	
-8.529221	3.235201	 -7.523842	
-8.946191	3.306693	 -8.553111	
-8.320878	4.183196	 -7.525933	
-8.584748	5.234007	 -7.731377	
-8.121894	4.828045	 -6.984703	
-6.934581	3.985615	 -5.467217	
-6.951161	3.965640	 -5.691753	
-7.264886	3.640143	 -5.848192	
-7.206065	3.938263	 -5.244343	
-7.002201	3.794571	 -5.222653	
-7.423322	4.288104	 -5.161766	
-6.482091	3.719304	 -4.274949	
-7.138718	3.930677	 -5.024080	
-6.982652	3.756566	 -5.158785	
-5.988981	3.718919	 -5.395407	
-5.673820	4.245743	 -5.329497	
-7.145183	3.841282	 -6.273568	
-7.304785	2.766370	 -5.625664	
-7.592612	3.111908	 -5.973040	
-7.038173	3.898274	 -6.404593	
-7.052803	4.123226	 -6.143458	
-7.449136	3.878300	 -6.901665	
-6.805010	3.849754	 -6.320910	
-7.006651	3.516440	 -6.130381	
-6.683523	4.242060	 -5.346549	
-6.227855	4.367492	 -5.713204	
-7.214771	4.887293	 -7.164047	
-7.641704	4.440732	 -7.274364	
-6.985507	4.194077	 -7.156361	
-6.448441	3.747079	 -6.985756	
-6.445687	3.867963	 -5.958579	
-5.759568	3.256081	 -6.269165	
-6.089776	3.420726	 -6.381555	
-7.251590	3.653920	 -6.242867	
-7.325383	4.268556	 -7.236728	
-6.906877	4.015973	 -6.661495	
-6.649952	4.318584	 -5.946955	
-6.883648	4.101148	 -6.383184	
-7.764510	4.886529	 -6.307321	
-7.531515	5.010740	 -6.422941	
-7.488167	3.829828	 -6.524198	
-6.894884	3.177852	 -6.386977	
-6.563690	2.854185	 -5.446681	
-6.581922	3.270767	 -4.929649	
-6.898336	3.701762	 -5.774873	
-6.996158	3.690349	 -6.591281	
-6.868628	4.184623	 -6.447636	
-6.982731	3.721776	 -5.995937	
-7.373044	3.556405	 -5.947357	
-7.041670	3.154517	 -5.474101	
-7.188593	3.879451	 -5.492898	
-7.261534	4.319128	 -6.546066	
-6.747265	3.979234	 -6.110648	
-7.455222	3.165274	 -6.623785	
-6.813963	2.768035	 -6.199345	
-8.053903	3.246376	 -6.543149	
-7.553703	2.601122	 -5.510904	
-6.921199	2.642825	 -4.412794	
-7.591328	3.034306	 -4.431522	
-7.819364	3.604911	 -6.198449	
-8.027825	4.109528	 -6.164410	
-8.267754	3.465040	 -5.647052	
-7.892190	3.119670	 -4.576753	
-8.547917	2.297470	 -4.657480	
-7.977109	2.432810	 -4.159752	
-8.505523	2.018573	 -3.781541	
-8.143753	2.603560	 -3.579977	
-9.003628	4.120210	 -4.758652	
-8.983064	3.739526	 -3.917649	
-7.462431	4.706374	 -3.505473	
-7.362951	5.181357	 -2.357766	
-6.938675	4.149626	 -1.828145	
-6.518246	4.012166	 -1.556661	
-7.426923	4.791786	 -2.504177	
-8.437998	3.933825	 -2.557013	
-7.286850	4.182516	 -2.326211	
-8.168106	4.109890	 -1.094027	
-8.825293	5.016429	 -1.143005	
-8.929167	4.785121	 -1.159896	
-8.352902	4.720690	 -0.844754	
-8.088529	4.612203	 -0.690322	
-8.842194	4.718042	 0.568738	
-8.479292	4.800280	 0.534805	
-7.478857	3.622655	 1.999404	
-8.396603	3.943816	 0.806828	
-9.118178	3.872316	 1.543456	
-9.660101	3.293014	 0.831366	
-9.061648	4.346631	 0.880861	
-9.739575	4.563730	 0.893681	
-9.024016	5.477816	 2.102714	
-9.246700	5.749470	 1.842029	
-8.614936	4.402398	 1.668343	
-7.446403	3.610185	 2.476964	
-6.786159	5.147545	 3.096893	
-5.995349	5.221828	 3.436749	
-6.829063	4.862728	 3.581723	
-6.560199	5.459967	 3.812673	
-7.052314	6.793446	 2.929650	
-6.896011	6.464346	 3.131903	
-6.223613	5.477001	 4.324233	
-6.476221	4.593859	 4.907519	
-5.944463	3.912608	 5.340269	
-6.035860	4.226038	 5.843192	
-6.828295	4.317472	 5.958639	
-5.846205	5.130591	 7.071217	
-5.641846	5.442296	 7.441037	
-5.700184	7.002186	 7.498912	
-5.351958	5.074870	 8.089779	
-5.988988	4.459906	 7.575527	
-6.598216	3.439750	 6.624098	
-5.346205	3.199976	 6.722953	
-5.032990	4.621026	 7.148657	
-2.971799	4.977441	 7.419949	
-2.995829	4.356356	 7.954085	
-2.942986	4.928080	 8.335512	
-4.353767	3.510639	 7.215948	
-5.988276	3.012426	 7.115742	
-4.841268	3.055490	 7.243145	
-4.994254	4.072421	 6.678832	
-4.799039	4.805110	 6.772996	
-3.591897	4.562192	 6.946049	
-2.939386	2.786952	 7.403001	
-3.315037	3.726463	 7.628693	
-3.420357	6.088504	 8.659744	
-3.674831	4.013949	 8.603516	
-3.150942	5.483219	 8.150783	
-4.390981	4.687348	 8.297854	
-4.433787	5.113602	 8.005668	
-5.691344	6.039233	 6.968388	
-5.574654	4.950017	 7.296968	
-4.746102	5.940909	 7.550317	
-2.201810	5.466411	 7.202843	
-3.207445	5.998491	 6.923771	
-2.511042	4.719370	 7.519671	
-2.356004	3.829877	 7.955489	
-3.894006	3.530857	 8.242946	
-3.788731	3.628307	 8.285597	
-3.457736	3.800329	 8.427401	
-4.325508	4.047965	 7.449229	
-4.945999	7.375187	 6.371346	
-4.242298	6.007660	 6.286291	
-3.884709	2.629526	 7.117025	
-3.818908	3.346053	 8.982843	
-4.460647	4.887038	 9.021367	
-6.179657	4.989928	 9.002276	
-6.046785	4.944887	 8.726583	
-4.800552	5.825861	 7.881775	
-4.544387	4.668411	 7.279729	
-4.384161	4.767305	 7.902356	
-4.033515	4.884998	 6.567833	
-3.658193	5.047237	 7.128128	
-2.686272	5.918044	 8.605781	
-3.745327	6.219182	 7.998790	
-3.765471	4.786135	 7.843557	
-3.916816	4.718680	 7.689382	
-4.953717	4.671860	 7.631581	
-3.708011	4.038496	 6.872194	
-4.706886	3.685844	 7.822766	
-2.747595	5.296169	 8.611121	
-2.563234	5.360685	 7.829260	
-3.577441	5.429874	 7.999886	
-4.004798	6.146717	 7.449265	
-4.470396	6.330334	 7.087065	
-4.913772	5.567903	 6.833041	
-4.532267	5.099880	 7.472825	
-4.830634	3.718525	 7.861219	
-4.756408	2.375054	 8.334213	
-4.315930	4.634832	 6.920684	
-3.785572	4.054487	 6.951366	
-3.678411	5.612458	 5.761038	
-2.717906	6.401271	 5.094705	
-1.237935	7.368247	 4.332785	
-2.528942	6.830897	 4.474073	
-1.342208	6.378804	 5.324678	
-1.512514	6.789538	 5.876283	
-2.511982	7.596346	 6.659312	
-1.339880	8.296433	 5.960696	
-2.236388	6.733762	 5.368430	
-1.756345	8.030774	 5.263134	
-1.680172	7.336280	 5.465054	
-1.843489	9.086273	 4.662094	
-1.795067	8.780931	 4.751155	
-0.844222	9.404889	 3.920936	
-0.727951	8.436736	 4.483987	
0.920375	7.578376	 4.582146	
2.164690	8.075731	 5.172820	
3.027084	8.583140	 4.959601	
2.116550	8.543685	 5.498586	
1.749804	8.629700	 5.196104	
1.433826	8.828801	 4.888928	
2.141559	9.896338	 4.027215	
3.161264	10.486061	 4.222516	
2.669129	10.604873	 4.133970	
1.894428	11.510290	 4.257699	
1.075263	9.900048	 5.875898	
1.243924	7.973785	 6.943999	
2.300612	7.457601	 6.447573	
2.140826	7.388981	 5.958560	
1.601810	5.473142	 5.845618	
2.508725	5.760241	 6.190926	
1.668822	8.349055	 3.794439	
1.895802	8.754566	 3.876873	
2.784002	10.446583	 4.633115	
2.522140	10.858929	 4.494027	
3.683807	10.309510	 5.396838	
4.274042	9.207040	 4.748189	
2.562590	9.449658	 5.397471	
1.519743	9.069689	 5.527188	
2.166372	8.803025	 5.765553	
2.839901	8.838410	 6.352783	
0.594086	7.701709	 5.710354	
2.533829	8.748828	 6.269694	
3.708829	8.127613	 5.910318	
3.123979	7.932253	 6.050807	
3.021230	8.225480	 6.078776	
1.972722	8.526421	 4.970694	
2.657846	10.702075	 3.705543	
2.808323	10.168856	 4.018958	
0.935928	8.649972	 3.956453	
1.072180	8.348994	 4.981717	
1.492395	8.457167	 5.146672	
4.660326	8.203342	 5.961795	
3.992759	8.148362	 6.012086	
4.234584	9.529752	 4.641610	
2.848955	8.746785	 6.278727	
3.128037	8.948985	 5.693197	
2.202255	8.422469	 5.900500	
2.275307	8.477403	 5.530348	
2.386735	10.005874	 5.367259	
2.278094	9.542433	 6.812869	
3.078532	9.889961	 6.398592	
2.711247	9.642700	 5.378418	
2.158949	9.503894	 5.662946	
2.022500	8.708893	 4.584716	
1.414161	8.569369	 4.353825	
2.700205	8.683186	 5.039632	
2.261959	10.034371	 3.959996	
3.163146	9.674402	 5.061131	
3.459964	8.404011	 5.180697	
2.369039	8.895289	 4.279585	
1.092373	8.018685	 5.572506	
2.105983	8.571905	 4.929984	
2.836204	8.985421	 6.040657	
2.193169	7.892354	 6.503447	
2.226011	8.999337	 6.763143	
3.893291	8.528566	 5.925672	
3.832110	8.908399	 6.081715	
2.587325	10.533979	 3.663183	
2.954294	10.368075	 4.453595	
2.738369	9.499886	 4.817520	
1.798734	8.978540	 4.947787	
1.926436	8.927184	 5.131228	
0.734004	7.582668	 6.455370	
1.293985	8.432874	 5.896955	
2.128604	8.548940	 5.802421	
3.337472	8.234241	 5.477605	
3.346719	8.731489	 5.533340	
3.986900	9.300572	 6.499501	
4.245534	9.679297	 6.629595	
3.509699	9.175379	 5.893812	
2.581438	9.759164	 4.625069	
2.402616	9.558345	 4.228955	
2.415427	9.314991	 4.162402	
0.140349	8.047319	 4.655120	
-0.625074	7.632342	 5.030841	
1.399240	8.951357	 4.367550	
1.924016	8.467889	 5.360701	
2.101114	8.535130	 4.475532	
3.935603	8.642399	 5.084080	
3.564281	7.539288	 5.321581	
3.613016	8.528439	 5.559372	
3.830765	8.696997	 5.482216	
3.254575	9.502654	 6.174418	
4.028855	10.639199	 4.980263	
3.458219	10.179133	 4.398348	
2.649001	9.522888	 5.127012	
1.276684	9.439401	 4.832581	
1.560159	9.618975	 5.351180	
2.176227	9.013164	 5.996802	
2.443200	7.306034	 6.596497	
1.834225	6.891857	 6.211327	
3.274550	7.691943	 5.922494	
3.498643	8.283408	 5.650405	
3.158127	8.246826	 5.166655	
3.183107	10.311053	 4.257888	
1.625969	9.588620	 3.472186	
1.533126	8.539542	 4.942537	
1.402727	8.896109	 5.085935	
1.777185	9.777505	 4.092494	
1.400972	9.604620	 4.848164	
2.104058	8.491303	 4.872809	
3.429837	9.821939	 4.447986	
3.545051	9.260764	 4.908694	
3.969890	9.149539	 6.130884	
4.100987	8.675505	 5.269502	
4.040389	8.955931	 6.037561	
2.880662	8.749421	 7.539787	
2.181208	8.225222	 7.063582	
3.257161	8.630663	 7.005541	
2.526752	9.043935	 6.349909	
1.758445	9.556239	 7.328311	
-0.357569	8.459544	 7.010731	
0.855085	7.429024	 6.992597	
0.352054	7.202792	 6.707320	
-0.923128	7.968127	 7.173815	
-0.526142	8.017377	 7.566272	
-0.093526	9.084066	 6.947771	
-1.626632	7.797841	 6.808746	
-1.363434	6.382253	 7.782827	
0.364026	6.961007	 7.490111	
-0.435348	6.987986	 8.188128	
0.221360	7.325994	 7.786764	
-1.250785	7.151130	 8.910728	
-1.030957	6.907800	 8.458124	
-1.569587	6.441967	 8.955669	
-2.359293	5.788285	 8.871190	
-3.491632	6.042616	 8.315205	
-2.791641	7.548650	 8.763627	
-2.488286	7.259113	 7.431429	
-2.437112	5.862900	 8.151579	
-2.403783	3.711873	 8.950283	
-3.110817	4.030460	 8.900906	
-3.126593	5.017714	 7.651474	
-3.360957	3.232465	 8.476025	
-4.952006	3.179419	 8.811764	
-3.043201	4.211784	 8.911554	
-2.745461	4.084173	 8.543513	
-3.729129	3.390154	 7.967476	
-4.426127	3.959186	 7.040695	
-4.583035	5.193990	 7.243674	
-4.790283	4.401356	 7.450012	
-4.512461	4.758097	 7.159726	
-3.297888	4.223972	 6.004101	
-4.760946	5.560408	 6.103957	
-6.057925	5.489455	 6.566013	
-5.922212	5.372622	 8.412089	
-3.860775	6.149707	 8.399444	
-3.571739	5.580449	 8.498388	
-4.389671	4.245276	 8.113240	
-3.823231	3.782680	 8.256791	
-4.883652	5.268838	 8.528093	
-4.169976	3.495961	 7.870107	
-3.641673	3.663651	 7.608655	
-3.895353	4.688855	 7.436289	
-4.539054	6.057635	 7.236245	
-3.941218	6.665983	 5.753274	
-4.486600	6.172069	 6.804299	
-5.038896	4.509302	 8.007250	
-3.970087	4.896322	 8.290168	
-3.933190	2.480920	 9.253504	
-3.571793	4.087544	 9.566894	
-4.490732	4.271706	 8.335609	
-5.477730	4.503170	 7.674026	
-4.289354	4.628837	 7.740477	
-3.784721	3.965970	 9.044462	
-3.759126	5.433630	 8.689743	
-5.539563	4.529919	 8.558212	
-4.345867	5.714700	 7.651233	
-3.943927	5.558810	 7.058179	
-1.770374	4.536171	 7.651839	
-3.053825	4.813966	 6.390762	
-2.121939	5.082867	 7.145256	
-1.923990	3.552341	 7.559365	
-2.658666	3.662380	 7.289254	
-4.936622	3.211660	 7.235700	
-5.170080	5.482695	 6.782834	
-4.010530	5.062015	 7.309603	
-4.022579	5.689636	 7.105798	
-5.386926	6.800168	 7.343250	
-5.649863	4.656347	 7.402058	
-4.976160	5.169159	 7.477120	
