0.366536 -0.930127 -0.0226934 -190.047 0.930162 0.366888 -0.0138239 -114.088 0.0211839 -0.0160416 0.999647 -0.0523452
0.372203 -0.928121 -0.00750423 -190.086 0.927928 0.371924 0.0249346 -114.138 -0.0203513 -0.0162441 0.999661 -0.00685325
0.373636 -0.927473 -0.0137891 -190.088 0.927559 0.373499 0.0115405 -114.122 -0.00555331 -0.0171022 0.999838 -0.0067981
0.373567 -0.927487 -0.0146489 -190.095 0.927587 0.373422 0.0117606 -114.124 -0.00543756 -0.0179815 0.999824 -0.0115321
0.374397 -0.92717 -0.0134883 -190.093 0.92725 0.374259 0.0117074 -114.119 -0.00580661 -0.0168902 0.99984 -0.0113588
0.374234 -0.927228 -0.0140213 -190.095 0.927318 0.374094 0.0116434 -114.131 -0.00555085 -0.0173595 0.999834 -0.007805
0.374956 -0.926932 -0.014333 -190.093 0.927028 0.37482 0.011344 -114.116 -0.00514282 -0.0175406 0.999833 -0.0426247
0.374548 -0.927104 -0.0138628 -190.1 0.9272 0.374443 0.00962048 -114.114 -0.00372836 -0.0164569 0.999858 -0.0380516
0.3739 -0.927369 -0.0136379 -190.089 0.927459 0.373787 0.0101769 -114.13 -0.00434008 -0.0164538 0.999855 -0.0263144
0.374572 -0.927075 -0.0150733 -190.097 0.927184 0.37443 0.0114992 -114.123 -0.00501676 -0.018283 0.99982 -0.0165819
0.372854 -0.927789 -0.0136937 -190.117 0.927883 0.372753 0.00944194 -114.147 -0.00365577 -0.0162266 0.999862 -0.0226692
0.372552 -0.927934 -0.0119523 -190.072 0.92798 0.372401 0.0130825 -114.046 -0.00768865 -0.0159654 0.999843 -0.0302553
0.370783 -0.928618 -0.013708 -189.916 0.928712 0.370677 0.00965682 -113.705 -0.00388625 -0.0163114 0.999859 -0.04083
0.368358 -0.929638 -0.00926809 -189.853 0.929651 0.368244 0.0120328 -113.511 -0.00777325 -0.0130485 0.999885 -0.0435859
0.366687 -0.930205 -0.0160828 -189.693 0.930309 0.366468 0.0150452 -113.119 -0.00810125 -0.0204789 0.999757 0.00570808
0.365907 -0.93048 -0.0178715 -189.625 0.930583 0.365579 0.019186 -112.903 -0.0113188 -0.0236512 0.999656 0.00431018
0.364214 -0.931193 -0.015068 -189.466 0.931277 0.364006 0.0148901 -112.526 -0.00838075 -0.0194557 0.999776 0.0162385
0.363789 -0.931335 -0.0165078 -189.403 0.931435 0.363537 0.0164184 -112.385 -0.00928982 -0.0213487 0.999729 0.00187971
0.363592 -0.931366 -0.0189043 -189.364 0.931506 0.363282 0.0179552 -112.237 -0.00985524 -0.0241379 0.99966 0.0101451
0.363703 -0.931343 -0.0178791 -189.26 0.931467 0.363424 0.0170822 -112.01 -0.00941174 -0.0228666 0.999694 -0.00489251
0.362076 -0.931993 -0.0170493 -189.136 0.932117 0.361851 0.0149242 -111.661 -0.00773994 -0.0212956 0.999743 0.0129362
0.361261 -0.932375 -0.0129287 -189.035 0.932431 0.361096 0.0135044 -111.45 -0.00792269 -0.0169337 0.999825 0.00583448
0.361762 -0.932111 -0.0172461 -188.953 0.932237 0.361529 0.0152288 -111.244 -0.00795996 -0.0215866 0.999735 0.00483306
0.361236 -0.93236 -0.0145756 -188.859 0.932395 0.360958 0.0186516 -111.004 -0.0121288 -0.0203279 0.99972 0.00364298
0.359721 -0.932957 -0.013847 -188.718 0.933001 0.359492 0.0165374 -110.659 -0.0104508 -0.0188681 0.999767 0.0151099
0.36072 -0.93251 -0.0174821 -188.553 0.932625 0.360443 0.0170972 -110.18 -0.00964198 -0.0224715 0.999701 0.0213952
0.359118 -0.933192 -0.0136487 -188.476 0.933255 0.358935 0.0141427 -109.945 -0.00829881 -0.0178166 0.999807 0.00713529
0.358022 -0.933639 -0.0117791 -188.335 0.933647 0.357818 0.0164416 -109.614 -0.0111357 -0.016884 0.999795 -0.0113885
0.359785 -0.932938 -0.0134521 -188.243 0.932912 0.359465 0.0214616 -109.359 -0.0151868 -0.0202712 0.999679 -0.0193928
0.359309 -0.933174 -0.00908888 -188.106 0.93301 0.359005 0.0246577 -108.978 -0.019747 -0.0173397 0.999655 0.00928698
0.359884 -0.932994 -0.00257911 -187.944 0.93284 0.359771 0.0193713 -108.573 -0.0171454 -0.00937731 0.999809 -0.0144843
0.359125 -0.933289 -0.00073514 -187.841 0.933184 0.359073 0.0152974 -108.341 -0.0140129 -0.00617971 0.999883 -0.00054273
0.359973 -0.932962 -0.00117126 -187.758 0.932844 0.359907 0.0163941 -108.119 -0.0148735 -0.00699404 0.999865 0.00718135
0.359923 -0.932964 0.00582708 -187.655 0.932797 0.359969 0.0176574 -107.813 -0.0185713 -0.000919816 0.999827 -0.0157307
0.358143 -0.933417 0.0215652 -187.257 0.933502 0.358418 0.0105002 -106.866 -0.0175305 0.0163706 0.999712 -0.00240855
0.359928 -0.93281 0.0178344 -187.149 0.932811 0.360161 0.0121639 -106.582 -0.0177698 0.012258 0.999767 -0.00385676
0.360797 -0.93255 0.0132542 -187.066 0.932453 0.360974 0.0151153 -106.296 -0.0188803 0.0069054 0.999798 0.00161137
0.362617 -0.931773 0.0175259 -186.848 0.931795 0.362827 0.0107392 -105.817 -0.0163653 0.0124363 0.999789 0.0229455
0.362678 -0.931848 0.0111613 -186.753 0.93177 0.362807 0.0132523 -105.556 -0.0163985 0.00559348 0.99985 -0.00288476
0.360477 -0.932629 0.0160728 -186.673 0.932615 0.360677 0.0118656 -105.278 -0.0168633 0.0107124 0.9998 -0.00125714
0.360202 -0.932695 0.0183173 -186.573 0.932731 0.360421 0.0104338 -104.97 -0.0163335 0.0133269 0.999778 -0.0402396
0.360367 -0.932699 0.0143883 -186.436 0.932758 0.360468 0.00504397 -104.67 -0.00989103 0.0116031 0.999884 -0.028566
0.361038 -0.932475 0.0119325 -186.049 0.932492 0.361129 0.00661269 -103.755 -0.0104753 0.00873952 0.999907 0.00402096
0.35902 -0.933137 0.0189625 -185.843 0.933174 0.359257 0.0109767 -103.107 -0.0170551 0.0137545 0.99976 0.0161732
0.361591 -0.932127 0.0197992 -185.533 0.932147 0.361864 0.0125049 -102.346 -0.0188207 0.0139341 0.999726 0.0129752
0.360917 -0.932426 0.0178851 -185.411 0.932453 0.361133 0.0106908 -102.03 -0.0164273 0.0128185 0.999783 -0.00416
0.360375 -0.932609 0.0192323 -185.192 0.932606 0.36065 0.0133686 -101.411 -0.0194038 0.0131185 0.999726 0.0528133
0.360716 -0.932445 0.0207312 -185.02 0.932539 0.360955 0.00908972 -100.947 -0.0159587 0.0160538 0.999744 0.0354662
0.359506 -0.932903 0.0211406 -184.919 0.932983 0.359771 0.0103476 -100.715 -0.0172591 0.0160038 0.999723 0.0443651
0.359387 -0.933011 0.018228 -184.775 0.933017 0.359627 0.0121583 -100.304 -0.0178991 0.0126375 0.99976 0.0437739
0.36048 -0.932574 0.018973 -184.643 0.932682 0.360647 0.0061622 -100.065 -0.0125893 0.0154744 0.999801 0.0711702
0.361269 -0.932261 0.0193312 -184.519 0.932211 0.361575 0.0156931 -99.7588 -0.0216198 0.0123513 0.99969 0.0808052
0.363155 -0.931562 0.0176282 -184.241 0.931551 0.36339 0.0126416 -98.9734 -0.0181824 0.0118307 0.999765 0.0426175
0.36152 -0.932154 0.0198237 -184.079 0.932279 0.361693 0.00583165 -98.5594 -0.0126061 0.016373 0.999786 0.0016252
0.360744 -0.932396 0.0223833 -183.656 0.932483 0.361043 0.0110628 -97.4788 -0.0183962 0.0168812 0.999688 0.0521715
0.361277 -0.932254 0.0195189 -183.483 0.932354 0.361471 0.00743128 -97.0322 -0.0139834 0.0155138 0.999782 0.0260648
0.362061 -0.931891 0.0221575 -183.177 0.932023 0.362307 0.00818911 -96.2483 -0.0156592 0.0176864 0.999721 0.0187284
0.360297 -0.932679 0.0172012 -182.759 0.932749 0.360456 0.00715223 -95.1578 -0.012871 0.0134675 0.999826 0.06968
0.359869 -0.932737 0.0222845 -182.554 0.932812 0.360175 0.0116058 -94.702 -0.0188515 0.0166107 0.999684 0.049163
0.36051 -0.932622 0.0157848 -182.322 0.932511 0.360751 0.0167948 -94.0879 -0.0213576 0.0086648 0.999734 0.0706713
0.362598 -0.93177 0.0180718 -182.086 0.931869 0.362748 0.00576244 -93.4947 -0.0119248 0.0147511 0.99982 0.0460352
0.361382 -0.932234 0.0184815 -181.867 0.932315 0.361566 0.00768714 -92.8717 -0.0138485 0.0144525 0.9998 0.0521785
0.362313 -0.931915 0.0162149 -181.761 0.932029 0.362381 0.00135506 -92.5832 -0.00713877 0.0146218 0.999868 0.026183
0.362604 -0.931769 0.0179982 -181.454 0.931822 0.362801 0.0091311 -91.8243 -0.0150379 0.0134602 0.999796 0.0546246
0.361771 -0.932126 0.0162412 -181.21 0.932192 0.361908 0.00638257 -91.207 -0.0118272 0.0128309 0.999848 0.0387232
0.361802 -0.932 0.0217767 -181.097 0.932198 0.36194 0.0026 -90.9304 -0.0103051 0.0193595 0.999759 0.0303973
0.362384 -0.931853 0.0181273 -180.816 0.931863 0.362618 0.0118144 -90.1905 -0.0175826 0.0126108 0.999766 0.0784971
0.363867 -0.931319 0.0156952 -180.502 0.931382 0.363994 0.00604968 -89.4127 -0.0113471 0.0124169 0.999858 0.0872454
0.363862 -0.931327 0.0153044 -180.331 0.931361 0.364007 0.00802564 -88.9276 -0.0130454 0.0113337 0.999851 0.0794388
0.362428 -0.931839 0.017943 -180.027 0.93195 0.362559 0.00458041 -88.2079 -0.0107736 0.0150619 0.999828 0.0712744
0.363259 -0.931519 0.0177542 -179.589 0.931529 0.363483 0.011547 -87.0658 -0.0172096 0.012344 0.999776 0.0568403
0.36252 -0.931885 0.0130024 -179.326 0.931946 0.362584 0.00289184 -86.4725 -0.00740934 0.0110692 0.999911 0.0541889
0.363916 -0.931383 0.00957022 -179.234 0.931383 0.363983 0.00650566 -86.1751 -0.00954266 0.00654602 0.999933 0.0338752
0.368544 -0.929505 0.0139637 -179.123 0.929547 0.368653 0.0061579 -85.8371 -0.0108716 0.0107105 0.999883 0.0427714
0.388997 -0.921113 0.0152694 -178.926 0.921192 0.38909 0.00362855 -85.3668 -0.00928349 0.0126546 0.999877 0.0651303
0.40237 -0.915411 0.0110137 -178.797 0.915444 0.402429 0.00361643 -85.0912 -0.00774274 0.00862727 0.999933 0.0754653
0.410496 -0.91178 0.0122713 -178.679 0.911794 0.410593 0.00672453 -84.8304 -0.0111698 0.00842854 0.999902 0.0777465
0.420989 -0.906942 0.0149466 -178.473 0.906888 0.421175 0.0128272 -84.404 -0.0179286 0.00815481 0.999806 0.0628141
0.426292 -0.904539 0.00924414 -178.36 0.90445 0.426382 0.0129898 -84.1223 -0.0156913 0.0028234 0.999873 0.049936
0.42621 -0.904523 0.0135633 -178.219 0.904456 0.426372 0.0128914 -83.8275 -0.0174435 0.00677293 0.999825 0.0619428
0.428971 -0.903083 0.0206385 -177.939 0.902969 0.429328 0.0180232 -83.3712 -0.0251371 0.0109045 0.999625 0.0732544
0.431983 -0.9018 0.0121654 -177.773 0.901837 0.432057 0.00419896 -83.0063 -0.00904276 0.00915729 0.999917 0.0826149
0.43498 -0.900239 0.0190138 -177.436 0.900355 0.435132 0.00455027 -82.2586 -0.0123699 0.0151399 0.999809 0.0674311
0.433825 -0.900894 0.0136411 -177.304 0.900947 0.433911 0.0040248 -81.9632 -0.00954495 0.0105439 0.999899 0.113814
0.417106 -0.908781 0.0117895 -176.534 0.908785 0.417202 0.00724698 -80.388 -0.0115045 0.00769134 0.999904 0.0901097
0.415059 -0.90972 0.0116875 -176.425 0.909754 0.415128 0.00416599 -80.1878 -0.00864169 0.0089036 0.999923 0.0768475
0.417201 -0.9087 0.0143784 -175.83 0.908644 0.417377 0.012744 -78.84 -0.0175817 0.00774808 0.999815 0.116661
0.415291 -0.909563 0.0151541 -175.528 0.909621 0.415405 0.00528995 -78.1506 -0.0111067 0.0115877 0.999871 0.112715
0.414895 -0.909777 0.0129673 -175.373 0.909834 0.414962 0.00286593 -77.8578 -0.00798828 0.010609 0.999912 0.10311
0.417296 -0.908687 0.0123279 -175.194 0.908705 0.41739 0.00638886 -77.4781 -0.010951 0.00853641 0.999904 0.0986569
0.416697 -0.908893 0.0166668 -175.054 0.908961 0.416837 0.00595685 -77.1381 -0.0123615 0.0126673 0.999843 0.101176
0.418311 -0.908186 0.0146298 -174.772 0.908193 0.418457 0.00884738 -76.5851 -0.014157 0.00958571 0.999854 0.108847
0.41819 -0.908233 0.0151489 -174.588 0.908292 0.418304 0.00516861 -76.172 -0.0110311 0.0115981 0.999872 0.0743988
0.419577 -0.907627 0.0129555 -174.38 0.907637 0.419689 0.00754249 -75.7122 -0.012283 0.00859423 0.999888 0.110408
0.420216 -0.907277 0.0163095 -173.944 0.907352 0.420342 0.00506119 -74.7343 -0.0114475 0.0126716 0.999854 0.0866009
0.421634 -0.906601 0.017304 -173.67 0.906668 0.421793 0.00665491 -74.1586 -0.0133321 0.0128831 0.999828 0.0951671
0.422156 -0.906347 0.0178792 -173.535 0.906419 0.422324 0.00685002 -73.8687 -0.0137593 0.0133143 0.999817 0.112101
0.423921 -0.905513 0.0183498 -173.208 0.905657 0.42401 0.00109684 -73.1506 -0.00877372 0.0161537 0.999831 0.0757249
0.422736 -0.906042 0.0195683 -172.885 0.906219 0.422809 -0.000456266 -72.4452 -0.00786026 0.017926 0.999808 0.130308
0.423635 -0.905627 0.0193038 -172.672 0.90575 0.423788 0.00446702 -72.0427 -0.0122262 0.0155921 0.999804 0.130113
0.424535 -0.905343 0.0110913 -172.319 0.905392 0.424414 -0.011788 -71.3457 0.00596489 0.0150464 0.999869 0.0741472
0.423294 -0.905799 0.0187081 -172.141 0.90584 0.423511 0.0096094 -70.8762 -0.0166273 0.0128789 0.999779 0.1327
0.42485 -0.904938 0.0242817 -171.245 0.905161 0.425053 0.00368657 -68.9414 -0.0136571 0.0204126 0.999698 0.142345
0.425536 -0.904813 0.0152506 -171.022 0.90489 0.425631 0.0034799 -68.4813 -0.00963977 0.0123192 0.999878 0.147645
0.425058 -0.904965 0.0190776 -170.731 0.905112 0.425169 0.00198099 -67.8247 -0.00990392 0.0164253 0.999816 0.139457
0.424569 -0.90527 0.0150809 -170.612 0.905352 0.424652 0.00271851 -67.5619 -0.00886512 0.0124993 0.999883 0.165503
0.425923 -0.904548 0.0195539 -170.218 0.904668 0.426088 0.00504127 -66.7917 -0.0128917 0.0155426 0.999796 0.139263
0.42546 -0.90487 0.0139469 -169.823 0.904917 0.42556 0.00501701 -65.9235 -0.010475 0.0104862 0.99989 0.180278
0.428888 -0.90324 0.014565 -168.813 0.903281 0.429006 0.00612205 -63.8908 -0.0117782 0.0105306 0.999875 0.188766
0.428991 -0.903186 0.0148664 -168.656 0.903232 0.429111 0.00593021 -63.5308 -0.0117354 0.0108838 0.999872 0.189382
0.427935 -0.903585 0.0201356 -168.526 0.903696 0.428128 0.00631222 -63.2367 -0.0143242 0.0154952 0.999777 0.173381
0.42993 -0.90277 0.0129309 -168.433 0.902831 0.429991 0.00220704 -63.0526 -0.00755261 0.0107255 0.999914 0.185407
0.426921 -0.904099 0.018521 -168.221 0.904148 0.427127 0.00892465 -62.6225 -0.0159796 0.0129356 0.999789 0.177627
0.427583 -0.903755 0.0199895 -167.91 0.903788 0.42784 0.0109695 -61.9641 -0.0184661 0.0133758 0.99974 0.1865
0.427558 -0.90379 0.0189075 -167.814 0.903847 0.427767 0.00867881 -61.729 -0.0159318 0.0133788 0.999784 0.169501
0.429114 -0.903064 0.018371 -167.512 0.903062 0.429351 0.0116822 -61.0708 -0.0184373 0.0115772 0.999763 0.172553
0.429688 -0.902814 0.0171909 -167.166 0.902831 0.429883 0.00986 -60.3585 -0.0162918 0.0112838 0.999804 0.153547
0.429339 -0.902917 0.020251 -166.945 0.902932 0.429615 0.0120129 -59.9243 -0.0195468 0.0131276 0.999723 0.156536
0.43129 -0.901979 0.0205958 -166.514 0.902036 0.431545 0.0100081 -58.9641 -0.0179151 0.0142617 0.999738 0.161682
0.432194 -0.901587 0.0187044 -166.362 0.901675 0.432368 0.00636559 -58.6585 -0.0138263 0.0141141 0.999805 0.151732
0.431037 -0.902085 0.0211817 -166.21 0.902072 0.431359 0.0139978 -58.3479 -0.0217641 0.0130739 0.999678 0.149017
0.43283 -0.901271 0.0191908 -165.877 0.901366 0.433011 0.00636914 -57.6808 -0.0140502 0.0145412 0.999796 0.14366
0.431586 -0.901867 0.0192307 -165.56 0.901963 0.431767 0.00631973 -56.9757 -0.0140027 0.0146178 0.999795 0.147192
0.432698 -0.901335 0.0191602 -165.378 0.901424 0.432884 0.00675958 -56.5831 -0.0143868 0.0143466 0.999794 0.159577
0.433505 -0.901008 0.0160446 -165.025 0.901095 0.433607 0.00342453 -55.8941 -0.0100426 0.0129732 0.999865 0.153008
0.433808 -0.900835 0.0175149 -164.572 0.900862 0.434004 0.00937395 -54.9251 -0.0160459 0.0117121 0.999803 0.173726
0.433223 -0.901159 0.0151958 -164.377 0.901228 0.433326 0.00415465 -54.49 -0.0103288 0.011895 0.999876 0.165675
0.434571 -0.900397 0.0208014 -163.873 0.900319 0.434916 0.0165744 -53.5697 -0.0239704 0.0115251 0.999646 0.13679
0.435794 -0.899975 0.0113802 -163.628 0.899943 0.435901 0.00968991 -53.0543 -0.0136813 0.00601876 0.999888 0.129953
0.435713 -0.899892 0.0186472 -163.438 0.899875 0.435966 0.0126169 -52.6267 -0.0194834 0.0112828 0.999747 0.127258
0.434849 -0.900324 0.0179704 -163.099 0.900318 0.435078 0.0116258 -51.9613 -0.0182855 0.0111236 0.999771 0.128096
0.43503 -0.900214 0.0190598 -163.044 0.900154 0.435317 0.0149113 -51.8257 -0.0217204 0.0106699 0.999707 0.132265
0.436038 -0.899701 0.0202202 -162.821 0.899662 0.436346 0.0145165 -51.3913 -0.0218835 0.0118616 0.99969 0.108683
0.436499 -0.899552 0.0166034 -162.7 0.89952 0.436709 0.0122391 -51.0998 -0.0182606 0.00959273 0.999787 0.121423
0.437014 -0.899213 0.0208526 -162.028 0.899304 0.437247 0.00816598 -49.7581 -0.0164607 0.0151842 0.999749 0.0919314
0.439104 -0.898347 0.0126477 -161.912 0.898339 0.43922 0.0085316 -49.4892 -0.0132195 0.00761566 0.999884 0.101454
0.438542 -0.898487 0.0200439 -161.02 0.898434 0.438851 0.0150169 -47.6579 -0.0222888 0.0114225 0.999686 0.100238
0.439484 -0.897944 0.0234344 -160.325 0.898033 0.439802 0.0105312 -46.1829 -0.0197629 0.0164165 0.99967 0.111266
0.437403 -0.898813 0.0285325 -159.851 0.899032 0.437793 0.00890268 -45.2362 -0.0204932 0.0217576 0.999553 0.12725
0.439736 -0.897823 0.0233549 -159.407 0.897927 0.440038 0.0096508 -44.3683 -0.0189418 0.0167272 0.999681 0.101282
0.440279 -0.89752 0.0247621 -159.052 0.897721 0.44053 0.00553824 -43.6531 -0.0158791 0.0197911 0.999678 0.106158
0.440053 -0.89752 0.0284738 -158.705 0.897604 0.440559 0.0146426 -42.9611 -0.0256864 0.0191147 0.999487 0.0915246
0.439968 -0.897667 0.0249348 -158.48 0.897866 0.440229 0.00591731 -42.5258 -0.0162888 0.0197847 0.999672 0.101432
0.439544 -0.897843 0.0260743 -158.308 0.897914 0.439968 0.0133858 -42.132 -0.0234902 0.0175288 0.99957 0.0720542
0.438932 -0.898135 0.0263 -158.144 0.898336 0.439247 0.00737831 -41.7813 -0.0181789 0.0203877 0.999627 0.0886193
0.438815 -0.898428 0.0163652 -157.342 0.898455 0.438983 0.00849476 -40.1247 -0.014816 0.0109758 0.99983 0.080365
0.440959 -0.897237 0.0228098 -156.873 0.897249 0.441312 0.0136828 -39.1779 -0.022343 0.0144326 0.999646 0.0785607
0.440595 -0.897431 0.0222138 -156.285 0.897258 0.441022 0.0206968 -37.9842 -0.0283707 0.0108126 0.999539 0.0844882
0.443395 -0.895974 0.0251272 -155.779 0.896048 0.443781 0.0124804 -36.9258 -0.0223331 0.0169814 0.999606 0.0412311
0.445663 -0.895025 0.0177291 -155.485 0.895112 0.44581 0.00525639 -36.3991 -0.0126084 0.0135269 0.999829 0.0500155
0.444752 -0.895537 0.0144408 -155.182 0.895405 0.444951 0.0164087 -35.7353 -0.0211201 0.00563258 0.999761 0.0489937
0.446371 -0.89464 0.0192798 -154.839 0.894565 0.446668 0.015498 -35.0434 -0.0224769 0.0103292 0.999694 0.0782048
0.444692 -0.895524 0.0169208 -154.531 0.895561 0.444864 0.00813871 -34.4639 -0.0148159 0.0115344 0.999824 0.0675361
0.444998 -0.8954 0.0153533 -154.502 0.895434 0.445137 0.00713831 -34.3871 -0.013226 0.0105713 0.999857 0.0476076
0.447254 -0.893891 0.0303629 -154.105 0.893692 0.447996 0.0247706 -33.614 -0.0357447 0.0160563 0.999232 0.0440833
0.447487 -0.893968 0.0240321 -154.044 0.893955 0.447893 0.0153439 -33.5107 -0.0244808 0.0146175 0.999593 0.0241061
0.448924 -0.893121 0.0283389 -153.778 0.893182 0.449438 0.015225 -32.9887 -0.0263343 0.018477 0.999482 0.0162198
0.450306 -0.892597 0.0222404 -153.698 0.892772 0.450492 0.00392596 -32.773 -0.0135234 0.0180878 0.999745 0.0298637
0.450341 -0.89258 0.0222099 -153.519 0.892739 0.450546 0.00504476 -32.4334 -0.0145095 0.0175558 0.999741 0.0391538
0.45177 -0.891904 0.0202507 -153.467 0.892006 0.451974 0.00673801 -32.3635 -0.0151625 0.0150197 0.999772 0.0388213
0.45034 -0.892822 0.00795102 -153.436 0.892567 0.449949 -0.0294912 -32.2978 0.0227528 0.0203779 0.999533 -0.0353432
0.45052 -0.892555 -0.0194012 -153.322 0.890121 0.450751 -0.0671461 -32.091 0.0686767 0.0129813 0.997554 0.0761499
0.440429 -0.895488 0.0642111 -153.096 0.891009 0.444756 0.0910759 -31.5566 -0.110116 0.0171002 0.993772 0.0225704
0.444925 -0.895407 0.0169593 -152.925 0.895476 0.445071 0.00589105 -31.2088 -0.012823 0.0125656 0.999839 0.0340595
0.447996 -0.893768 0.0218785 -152.688 0.893934 0.44818 0.00409822 -30.7655 -0.0134684 0.0177219 0.999752 0.0355378
0.449168 -0.893088 0.0253493 -152.376 0.893115 0.449594 0.0145466 -30.1792 -0.0243883 0.016106 0.999573 0.0469205
0.44928 -0.8932 0.0185003 -152.088 0.893236 0.449491 0.00931014 -29.579 -0.0166316 0.0123423 0.999785 0.0312622
0.448356 -0.893483 0.0257881 -150.872 0.8936 0.44873 0.0109232 -27.1997 -0.0213315 0.0181468 0.999608 0.01635
0.450518 -0.892461 0.0233788 -149.521 0.892556 0.450827 0.00997232 -24.538 -0.0194397 0.0163742 0.999677 0.0256011
0.452003 -0.891712 0.0233084 -148.919 0.891806 0.45231 0.00987929 -23.2541 -0.0193521 0.0163211 0.99968 0.00821407
0.451111 -0.892186 0.0224139 -148.435 0.892288 0.451382 0.00873387 -22.321 -0.0179095 0.0160597 0.999711 0.0544167
0.451662 -0.89189 0.0231259 -148.187 0.891944 0.451993 0.0117267 -21.8178 -0.0209117 0.0153306 0.999664 -0.00334494
0.451334 -0.89197 0.0262233 -148.048 0.892166 0.451648 0.00731499 -21.4829 -0.0183685 0.0200941 0.999629 0.0232309
0.450502 -0.892178 0.0326522 -147.878 0.892359 0.451107 0.0140628 -21.1533 -0.0272762 0.0228022 0.999368 0.0472607
0.45876 -0.888257 0.0232019 -147.583 0.88838 0.459036 0.00817971 -20.6574 -0.0179162 0.0168596 0.999697 0.0258289
0.491538 -0.870561 0.0226927 -146.904 0.870706 0.49177 0.00577508 -19.4182 -0.0161871 0.01692 0.999726 0.0323041
0.493755 -0.869152 0.0279411 -146.674 0.86929 0.494183 0.0108578 -18.9593 -0.0232451 0.0189278 0.999551 0.00355275
0.493964 -0.868982 0.029483 -146.312 0.869247 0.494335 0.00649433 -18.329 -0.0202179 0.0224201 0.999544 0.0350662
0.495061 -0.868525 0.0240479 -146.077 0.868711 0.495297 0.00466734 -17.9149 -0.0159645 0.01858 0.9997 0.0595182
0.517074 -0.855583 0.0247302 -144.919 0.855654 0.517433 0.0109431 -15.9917 -0.0221589 0.0155021 0.999634 0.0378121
0.518818 -0.854471 0.0266067 -144.758 0.854638 0.519165 0.00789344 -15.7267 -0.020558 0.0186438 0.999615 0.0217464
0.522644 -0.852225 0.0235662 -144.517 0.852352 0.522919 0.00716933 -15.3068 -0.0184331 0.0163397 0.999696 0.0105935
0.523995 -0.851298 0.0268434 -144.288 0.85146 0.524355 0.00824591 -14.9264 -0.0210952 0.0185352 0.999606 -0.00788622
0.524254 -0.851178 0.0255675 -143.985 0.851345 0.524562 0.00683383 -14.4695 -0.0192285 0.0181841 0.99965 0.040932
0.523514 -0.851452 0.0310364 -143.617 0.851621 0.524034 0.011418 -13.824 -0.0259861 0.0204538 0.999453 -0.0045846
0.526103 -0.849719 0.0345507 -142.501 0.849178 0.527096 0.0326624 -12.0017 -0.0459653 0.0121559 0.998869 -0.0197996
0.527416 -0.849209 0.0260088 -142.333 0.849137 0.527895 0.0171076 -11.7412 -0.0282578 0.0130622 0.999515 -0.00766592
0.529271 -0.848001 0.027673 -142.233 0.848167 0.529658 0.00869262 -11.5551 -0.0220285 0.0188705 0.999579 -0.0293657
0.530667 -0.847056 0.029807 -142.094 0.84719 0.531162 0.0116674 -11.3416 -0.0257153 0.0190607 0.999488 -0.0233994
0.526743 -0.849856 -0.0169096 -141.744 0.848083 0.52678 -0.0570716 -10.7996 0.0574103 0.0157213 0.998227 0.00476833
0.525378 -0.848216 0.067143 -141.407 0.842955 0.529605 0.0945815 -10.2791 -0.115785 0.00690748 0.99325 0.107307
0.530511 -0.847484 0.0181355 -141.299 0.847528 0.530698 0.00749193 -10.046 -0.0159738 0.0113958 0.999807 -0.00765447
0.533392 -0.845492 0.0252254 -140.993 0.845489 0.533809 0.0140009 -9.55122 -0.0253031 0.0138598 0.999584 -0.0303951
0.533254 -0.845695 0.0209921 -140.746 0.84577 0.533492 0.00772187 -9.1567 -0.0177295 0.0136367 0.99975 -0.00984029
0.53544 -0.844264 0.022848 -140.072 0.844378 0.535702 0.00703309 -8.11726 -0.0181775 0.0155266 0.999714 -0.0338153
0.536217 -0.84387 0.0188554 -139.272 0.843944 0.536397 0.00596863 -6.83663 -0.0151507 0.0127124 0.999804 -0.0587278
0.535934 -0.843831 0.0269203 -138.884 0.844036 0.536253 0.0059123 -6.26785 -0.0194251 0.0195531 0.99962 -0.0385483
0.552945 -0.832909 0.0226818 -138.45 0.833004 0.553215 0.00760667 -5.58922 -0.0188836 0.014688 0.999714 -0.0692385
0.633157 -0.773673 0.0233028 -136.475 0.773721 0.633464 0.00890597 -2.94494 -0.0216518 0.012391 0.999689 -0.0295027
0.649546 -0.760029 0.0211044 -136.044 0.760124 0.64976 0.00477427 -2.42126 -0.0173414 0.0129409 0.999766 -0.0456195
0.658554 -0.752274 0.019761 -135.778 0.752401 0.658704 0.00147627 -2.11218 -0.0141272 0.013896 0.999804 -0.0394443
0.664422 -0.746957 0.0244563 -135.354 0.747139 0.664664 0.00245402 -1.64135 -0.0180882 0.0166417 0.999698 -0.0812693
0.668645 -0.743261 0.0218381 -134.687 0.743355 0.668878 0.0050816 -0.881294 -0.018384 0.0128357 0.999749 -0.0512641
0.669754 -0.742218 0.0232667 -134.326 0.742341 0.670007 0.0045281 -0.472771 -0.0189497 0.0142391 0.999719 -0.0437248
0.673598 -0.738921 0.0162037 -133.812 0.739091 0.673528 -0.0102196 0.0879822 -0.00336213 0.0188599 0.999816 -0.0381778
0.675683 -0.736623 0.0289657 -133.447 0.736976 0.675915 -0.00233391 0.456688 -0.0178591 0.022924 0.999578 -0.0485604
0.70005 -0.713328 0.0330721 -132.634 0.713714 0.700438 0.000197985 1.28592 -0.0233062 0.0234654 0.999453 -0.0449682
0.765348 -0.643133 0.0249348 -131.657 0.643406 0.765514 -0.00412095 2.15535 -0.0164376 0.0191971 0.999681 -0.0706585
0.786916 -0.616527 0.0256583 -131.197 0.616709 0.787191 0.00104034 2.53834 -0.0208393 0.015005 0.99967 -0.0537844
0.891991 -0.45155 0.0213188 -128.243 0.451764 0.892115 -0.00632304 4.36671 -0.0161636 0.0152711 0.999753 -0.0667081
0.939837 -0.341014 0.0203776 -125.141 0.341218 0.939955 -0.00739507 5.57232 -0.0166322 0.0139033 0.999765 -0.0913265
0.943479 -0.331111 0.0146251 -124.65 0.331231 0.943526 -0.0066729 5.74747 -0.0115896 0.01114 0.999871 -0.0385852
0.957232 -0.289025 0.0131022 -123.881 0.289117 0.957277 -0.00571194 6.01948 -0.0108915 0.00925572 0.999898 -0.056501
0.975373 -0.220459 0.00666131 -122.895 0.220397 0.975369 0.00902606 6.30983 -0.00848712 -0.00733564 0.999937 -0.0477653
0.983864 -0.178057 0.0175037 -121.68 0.177739 0.983908 0.0182858 6.5155 -0.0204779 -0.0148797 0.99968 -0.0482738
0.987096 -0.159744 0.011112 -120.673 0.159488 0.986977 0.0209949 6.71716 -0.0143211 -0.0189517 0.999718 -0.0396295
0.990769 -0.135233 0.00945591 -118.662 0.135286 0.990792 -0.00528334 6.99951 -0.00865437 0.00651382 0.999941 -0.0576826
0.992281 -0.123154 0.0145646 -117.628 0.12317 0.992386 -0.000150088 7.12243 -0.0144353 0.00194285 0.999894 -0.0976325
0.99317 -0.115623 0.0156276 -117.09 0.115662 0.993287 -0.001642 7.18012 -0.0153328 0.00343831 0.999876 -0.0775049
0.995652 -0.091068 0.0195717 -116.345 0.0912147 0.995809 -0.00673309 7.26826 -0.0188765 0.00848905 0.999786 -0.0764258
0.99745 -0.0679794 0.0217292 -115.814 0.0682412 0.997602 -0.0115405 7.29134 -0.0208926 0.0129939 0.999697 -0.0676334
0.99972 -0.00630902 0.0228209 -114.489 0.00650332 0.999943 -0.00844841 7.35948 -0.0227663 0.00859445 0.999704 -0.0783182
0.999752 0.00767638 0.0209176 -113.962 -0.00745271 0.999914 -0.0107491 7.33942 -0.0209984 0.0105905 0.999723 -0.0892725
0.999561 0.0146482 0.0257554 -113.189 -0.0144949 0.999876 -0.00612565 7.32097 -0.025842 0.00574964 0.999649 -0.0924976
0.998569 0.0412809 0.0340042 -111.534 -0.0409887 0.999117 -0.0092462 7.33045 -0.0343559 0.00783918 0.999379 -0.0668469
0.998442 0.052511 0.0188783 -109.929 -0.052344 0.998586 -0.009236 7.22769 -0.0193366 0.00823344 0.999779 -0.0910869
0.997592 0.0672667 0.0169035 -109.413 -0.0671371 0.997711 -0.00812515 7.18822 -0.0174113 0.00697074 0.999824 -0.116543
0.996711 0.0775321 0.0235904 -108.894 -0.0773892 0.996977 -0.00691174 7.16531 -0.024055 0.00506336 0.999698 -0.149609
0.996135 0.0837063 0.026615 -108.358 -0.0833769 0.99643 -0.0132578 7.12105 -0.0276298 0.0109874 0.999558 -0.0991879
0.986355 0.164023 0.0141316 -106.225 -0.163807 0.986373 -0.0153131 6.89973 -0.0164507 0.0127893 0.999783 -0.116289
0.985717 0.167756 0.0148312 -105.479 -0.167569 0.985774 -0.0130614 6.71617 -0.0168113 0.0103895 0.999805 -0.055512
0.984568 0.174754 0.00932035 -103.694 -0.174742 0.984612 -0.00208504 6.42822 -0.0095413 0.000424203 0.999954 0.0124619
0.947207 0.320507 0.0085793 -100.916 -0.320517 0.947243 -0.000213735 5.81803 -0.00819518 -0.00254736 0.999963 -0.0024157
0.92579 0.377924 0.0092527 -99.9884 -0.377932 0.925833 -0.000949008 5.45737 -0.00892511 -0.00261831 0.999957 -0.0514355
0.914772 0.403783 0.0123132 -98.616 -0.403721 0.914853 -0.00728818 4.83151 -0.0142076 0.00169594 0.999898 -0.0995627
0.914029 0.405477 0.0117903 -98.1484 -0.405458 0.914105 -0.00402454 4.62345 -0.0124094 -0.00110192 0.999922 -0.0737083
0.911844 0.410401 0.0105325 -96.5397 -0.410305 0.911892 -0.0101425 3.90148 -0.013767 0.0049268 0.999893 -0.0481601
0.909646 0.415198 0.0124053 -93.3 -0.414992 0.90968 -0.0162315 2.39948 -0.0180242 0.00961678 0.999791 -0.0324119
0.909737 0.415177 0.00239675 -92.8489 -0.415119 0.909682 -0.0124832 2.20526 -0.00736302 0.0103615 0.999919 -0.0638531
0.908693 0.417447 0.00382455 -91.9602 -0.417377 0.908651 -0.0122115 1.78748 -0.00857285 0.00950024 0.999918 -0.0396655
0.907162 0.420579 0.0130901 -91.0463 -0.420457 0.907245 -0.0110966 1.34599 -0.0165429 0.00456257 0.999853 -0.0493749
0.908117 0.418358 0.0173065 -88.9139 -0.418242 0.90828 -0.0100099 0.395668 -0.0199069 0.0018519 0.9998 -0.11372
0.907723 0.41917 0.0183015 -88.4489 -0.41913 0.907906 -0.00614753 0.202339 -0.0191929 -0.00209044 0.999814 -0.0999263
0.914288 0.404614 0.0191289 -85.2411 -0.404619 0.914478 -0.00376127 -1.28496 -0.0190148 -0.00430105 0.99981 -0.107844
0.922104 0.386698 0.0137216 -84.7507 -0.386731 0.922193 -0.000279782 -1.47308 -0.0127622 -0.00504859 0.999906 -0.0740242
0.923988 0.38215 0.0144038 -84.2686 -0.38215 0.924096 -0.00285598 -1.67942 -0.0144019 -0.00286551 0.999892 -0.0628021
0.930059 0.367089 0.0153491 -83.5741 -0.367155 0.930158 0.0016436 -1.96538 -0.0136737 -0.00716415 0.999881 -0.067545
0.939082 0.343366 0.0149989 -83.1402 -0.343421 0.939181 0.00115573 -2.14889 -0.0136898 -0.00623626 0.999887 -0.0699521
0.944999 0.326596 0.0176938 -82.6454 -0.326732 0.945101 0.00539734 -2.31744 -0.0149597 -0.0108816 0.999829 -0.0329016
0.948708 0.315762 0.0157539 -82.152 -0.315927 0.948737 0.00935741 -2.44318 -0.0119916 -0.0138545 0.999832 -0.046942
0.951184 0.308392 0.0119298 -81.2066 -0.30849 0.951199 0.00738762 -2.75012 -0.00906937 -0.0107072 0.999902 -0.0887626
0.951968 0.306004 0.010885 -79.3074 -0.306142 0.95187 0.0148705 -3.37837 -0.00581066 -0.0174886 0.99983 -0.0753038
0.95162 0.307087 0.0108658 -78.8305 -0.307216 0.951546 0.0133402 -3.53571 -0.0062427 -0.0160329 0.999852 -0.0346883
0.95167 0.30668 0.0164551 -78.095 -0.306918 0.951624 0.0145913 -3.76929 -0.0111842 -0.0189364 0.999758 -0.0191374
0.952091 0.305486 0.0141813 -77.6216 -0.305633 0.9521 0.00966547 -3.93578 -0.0105494 -0.0135367 0.999853 -0.0291145
0.955854 0.29353 0.0134969 -76.9399 -0.293668 0.955859 0.00962926 -4.17742 -0.0100747 -0.0131678 0.999863 0.00785442
0.965479 0.259934 0.0168509 -76.4793 -0.260047 0.965584 0.00485652 -4.32653 -0.0150086 -0.0090709 0.999846 -0.0143903
0.979204 0.202311 0.0151623 -75.4609 -0.202489 0.97922 0.0112452 -4.4956 -0.0125722 -0.0140816 0.999822 0.106631
0.980619 0.195401 0.0143134 -74.7131 -0.195501 0.980685 0.00598743 -4.66103 -0.012867 -0.00866968 0.99988 0.0144646
0.981845 0.188998 0.0161511 -73.7311 -0.189171 0.981894 0.00992864 -4.85005 -0.0139822 -0.0128037 0.99982 0.0270969
0.981969 0.188289 0.0168314 -72.7158 -0.188418 0.982068 0.00643148 -5.01976 -0.0153186 -0.00948686 0.999838 0.0544438
0.981994 0.18872 0.00846335 -72.0044 -0.188769 0.982007 0.00536012 -5.16024 -0.00729951 -0.00686122 0.99995 0.0634925
0.986323 0.164242 0.0138465 -71.0318 -0.164334 0.986388 0.00579507 -5.34165 -0.0127062 -0.00799125 0.999887 0.05254
0.987266 0.15817 0.0169651 -69.8119 -0.15833 0.987349 0.00857291 -5.50233 -0.0153945 -0.0111498 0.999819 0.054717
0.987696 0.155384 0.0176985 -68.6116 -0.155557 0.987788 0.00881747 -5.66428 -0.0161122 -0.0114621 0.999804 0.0760254
0.966778 0.255504 -0.00756748 -66.9369 -0.255238 0.966534 0.0257942 -5.91837 0.0139047 -0.0230057 0.999639 0.102545
0.908526 0.417773 -0.0068078 -66.0956 -0.417583 0.90843 0.0194653 -6.24841 0.0143165 -0.0148419 0.999787 0.0899877
0.842476 0.538716 0.00430516 -65.5531 -0.538732 0.842433 0.00858341 -6.56431 0.000997208 -0.00955065 0.999954 0.0793178
0.714198 0.699938 0.00279595 -64.7638 -0.699934 0.714161 0.00818608 -7.19872 0.00373299 -0.00780346 0.999963 0.122595
0.611194 0.791478 0.00206017 -64.3339 -0.791462 0.611159 0.00855357 -7.77797 0.00551087 -0.00685843 0.999961 0.107356
0.513122 0.858301 0.0050885 -63.9837 -0.858316 0.513116 0.0024725 -8.34167 -0.000488843 -0.00563623 0.999984 0.134964
0.45991 0.88796 0.00311158 -63.8124 -0.887965 0.459906 0.00188623 -8.61844 0.00024386 -0.00363047 0.999993 0.135906
0.283107 0.959065 0.00672743 -63.4279 -0.959077 0.283131 -0.00282498 -9.61941 -0.00461408 -0.00565235 0.999973 0.142121
0.225432 0.974237 0.00653188 -63.3808 -0.974258 0.225435 0.000338606 -9.97703 -0.00114263 -0.00644007 0.999979 0.152093
0.135012 0.990834 0.00442592 -63.3156 -0.990837 0.134993 0.00426198 -10.4533 0.00362544 -0.00496078 0.999981 0.153386
0.0202446 0.999782 0.00501513 -63.2554 -0.99979 0.0202609 -0.00321546 -11.1515 -0.00331637 -0.00494898 0.999982 0.164539
-0.0394843 0.999201 0.00611522 -63.255 -0.999214 -0.0394621 -0.00371273 -11.5128 -0.00346845 -0.00625701 0.999974 0.172273
-0.0948604 0.995489 -0.00177698 -63.3233 -0.99548 -0.094851 0.0047509 -12.0024 0.00456092 0.00221961 0.999987 0.179036
-0.107362 0.994219 0.00140472 -63.4183 -0.994207 -0.107367 0.00496207 -12.4983 0.00508421 -0.000863849 0.999987 0.163877
-0.120229 0.992726 -0.00638931 -63.5026 -0.992471 -0.120345 -0.0227891 -13.455 -0.0233923 0.00360128 0.99972 0.227676
-0.123452 0.992345 -0.00331094 -63.5654 -0.992348 -0.123458 -0.00177779 -14.1039 -0.00217294 0.00306613 0.999993 0.197458
-0.122343 0.992488 0.000558946 -63.6561 -0.992464 -0.122336 -0.00702883 -14.4588 -0.00690765 -0.00141466 0.999975 0.203202
-0.12613 0.991999 -0.00542553 -63.8421 -0.99175 -0.12622 -0.0223625 -16.0968 -0.0228683 0.0025602 0.999735 0.189597
-0.126427 0.991976 -0.000703513 -63.9489 -0.99183 -0.126421 -0.0170773 -16.9618 -0.0170292 -0.00146127 0.999854 0.201814
-0.126873 0.991917 0.00220851 -63.9875 -0.991798 -0.126822 -0.0158952 -17.3483 -0.0154866 -0.00420707 0.999871 0.176454
-0.065385 0.997855 -0.00302862 -64.2026 -0.997645 -0.0654336 -0.0205495 -19.1721 -0.0207036 0.00167786 0.999784 0.15275
-0.0361103 0.999347 0.00127191 -64.21 -0.999302 -0.0360963 -0.00965194 -19.73 -0.00959973 -0.00161956 0.999953 0.178402
-0.0315068 0.9995 -0.00276286 -64.261 -0.999419 -0.03154 -0.0129345 -20.39 -0.0130152 0.00235373 0.999913 0.161678
-0.0262258 0.999645 -0.00472637 -64.2755 -0.999509 -0.0263027 -0.0170138 -21.2267 -0.017132 0.00427785 0.999844 0.154938
-0.0218697 0.999757 -0.00287743 -64.3003 -0.9997 -0.0219001 -0.0110113 -22.1103 -0.0110717 0.00263575 0.999935 0.156611
-0.0221104 0.999756 6.23465e-05 -64.2928 -0.999706 -0.0221087 -0.00994886 -22.55 -0.00994505 -0.000282302 0.999951 0.156462
-0.0207033 0.999779 -0.00376405 -64.2871 -0.999706 -0.020749 -0.0125531 -23.4023 -0.0126284 0.00350305 0.999914 0.171086
-0.0189814 0.999816 -0.00289942 -64.2795 -0.999668 -0.019029 -0.017385 -24.0956 -0.017437 0.00256847 0.999845 0.167639
-0.000499394 0.999998 0.00210642 -64.3052 -0.999901 -0.000469729 -0.0140472 -25.1183 -0.0140462 -0.00211323 0.999899 0.155238
0.000657814 0.999992 0.00383818 -64.2805 -0.999897 0.000712874 -0.014358 -26.4654 -0.0143606 -0.00382834 0.99989 0.170051
-0.000577547 1 0.000233458 -64.2698 -0.99991 -0.000574346 -0.0134433 -27.4125 -0.0134431 -0.000241203 0.99991 0.140149
0.000125493 0.999988 0.00491481 -64.294 -0.999832 0.000215457 -0.0183079 -27.9364 -0.0183087 -0.00491169 0.99982 0.143708
0.000151467 0.999977 0.00679307 -64.2737 -0.999808 0.000284578 -0.0195989 -28.3714 -0.0196004 -0.0067888 0.999785 0.186344
-0.00151132 0.999999 -0.000588783 -64.3188 -0.999801 -0.00152271 -0.0198883 -29.1544 -0.0198892 0.000558608 0.999802 0.132216
-0.00230249 0.999983 0.00534257 -64.3114 -0.999904 -0.00222903 -0.0137128 -29.6738 -0.0137007 -0.00537363 0.999892 0.133135
-0.00086662 0.999992 0.00389632 -64.3204 -0.999919 -0.000817044 -0.0126986 -30.1649 -0.0126953 -0.00390701 0.999912 0.145383
-0.00217786 0.999992 0.00320568 -64.336 -0.999877 -0.00212781 -0.0155263 -31.4404 -0.0155193 -0.0032391 0.999874 0.169072
-0.00140605 0.999999 -0.000184413 -64.3375 -0.99986 -0.00140892 -0.0166849 -32.2091 -0.0166851 0.000160927 0.999861 0.15916
0.00500536 0.999982 -0.00330715 -64.322 -0.999852 0.00495017 -0.0165049 -32.6892 -0.0164882 0.00338927 0.999858 0.156493
0.00547992 0.999979 -0.00336454 -64.3021 -0.999913 0.0054391 -0.0120249 -33.7281 -0.0120063 0.00343014 0.999922 0.145871
0.00587951 0.999974 -0.00424374 -64.3044 -0.999928 0.00583482 -0.0104702 -34.1881 -0.0104451 0.004305 0.999936 0.161895
0.00669535 0.999977 0.000461221 -64.2971 -0.999927 0.00669965 -0.0100574 -35.4165 -0.0100603 -0.000393851 0.999949 0.14536
0.00494696 0.999988 -0.000525039 -64.28 -0.999875 0.00493857 -0.0150391 -36.179 -0.0150363 0.000599371 0.999887 0.171704
0.00390718 0.999991 -0.00138404 -64.271 -0.999929 0.00389134 -0.0113039 -36.8941 -0.0112984 0.00142811 0.999935 0.165024
0.00468738 0.999989 -0.000310399 -64.2914 -0.99981 0.00468068 -0.0189402 -38.4208 -0.0189385 0.000399118 0.999821 0.129782
0.00397861 0.999992 6.89034e-05 -64.273 -0.999859 0.00397927 -0.0163378 -38.9218 -0.0163379 -3.89293e-06 0.999867 0.161238
0.00359375 0.999993 -0.000892266 -64.2723 -0.99986 0.00357869 -0.0163627 -39.637 -0.0163594 0.000950943 0.999866 0.151772
0.00244908 0.999996 -0.00111507 -64.2635 -0.999857 0.00243008 -0.0167586 -40.6444 -0.0167559 0.00115595 0.999859 0.148909
0.00252525 0.999989 -0.00394384 -64.2537 -0.999893 0.0024683 -0.0143829 -41.3552 -0.014373 0.00397974 0.999889 0.164043
0.00149055 0.999989 -0.00447986 -64.2578 -0.999791 0.00139893 -0.0203985 -43.081 -0.020392 0.00450933 0.999782 0.156205
-0.000790708 0.999997 -0.00247353 -64.2532 -0.999859 -0.000832079 -0.0167751 -43.9891 -0.0167771 0.00245991 0.999856 0.155382
0.00157988 0.999998 -0.00110999 -64.2604 -0.999691 0.00155186 -0.0248054 -44.45 -0.0248036 0.00114884 0.999692 0.144664
8.11915e-05 0.999998 -0.00173923 -64.2497 -0.999823 4.83988e-05 -0.0188407 -44.8919 -0.0188406 0.00174045 0.999821 0.14229
-0.00265289 0.999996 -0.000160705 -64.2732 -0.999884 -0.00265495 -0.014984 -45.617 -0.0149844 0.000120935 0.999888 0.163377
-0.00160307 0.999999 -0.000510603 -64.2708 -0.999898 -0.00161016 -0.0141906 -46.7714 -0.0141914 0.000487802 0.999899 0.124017
-0.00281843 0.999996 -0.000952835 -64.2702 -0.99987 -0.00283317 -0.0158479 -47.2244 -0.0158505 0.000908044 0.999874 0.150821
-0.00564246 0.999981 -0.00244906 -64.3236 -0.999749 -0.00569417 -0.0216459 -48.832 -0.0216595 0.00232631 0.999763 0.13835
-0.00494825 0.999985 -0.0025452 -64.3451 -0.999726 -0.00500515 -0.0228658 -49.2976 -0.0228782 0.00243135 0.999735 0.131603
-0.00641132 0.99996 -0.00622838 -64.3351 -0.999816 -0.00652255 -0.0180105 -49.9838 -0.0180504 0.00611177 0.999818 0.150711
-0.00966023 0.999701 -0.0224435 -64.3218 -0.999821 -0.010022 -0.0160642 -51.3229 -0.0162843 0.0222843 0.999619 0.0994439
-0.0107202 0.999508 -0.0294685 -64.3071 -0.999725 -0.0113282 -0.0205447 -51.9547 -0.0208684 0.0292401 0.999355 0.0844434
-0.013504 0.999313 -0.0345143 -64.3444 -0.999794 -0.0140184 -0.0147032 -52.8482 -0.0151769 0.0343086 0.999296 0.101108
0.044951 0.998938 -0.0101308 -64.3104 -0.998987 0.0449295 -0.0023462 -53.4926 -0.00188853 0.010226 0.999946 0.0663483
0.087157 0.996165 -0.00769595 -64.2578 -0.996193 0.0871393 -0.00260351 -53.8845 -0.00192291 0.00789356 0.999967 0.0845254
0.254235 0.967125 -0.00578189 -63.9498 -0.967096 0.254159 -0.0113381 -55.6593 -0.00949588 0.00847419 0.999919 0.116403
0.259461 0.96572 -0.00806547 -63.7453 -0.965678 0.259327 -0.0146527 -56.2468 -0.0120588 0.0115905 0.99986 0.111347
0.261436 0.965158 -0.0109823 -63.5361 -0.965019 0.261132 -0.0234179 -56.9572 -0.0197342 0.0167204 0.999665 0.0990778
0.266489 0.963812 -0.00711217 -63.3449 -0.963743 0.266351 -0.0160254 -57.8408 -0.0135511 0.0111249 0.999846 0.100733
0.269505 0.962988 -0.0046019 -63.2101 -0.962816 0.269358 -0.0207925 -58.2837 -0.0187834 0.0100345 0.999773 0.0897052
0.26025 0.965541 -0.000141567 -63.0331 -0.96546 0.260226 -0.0130543 -59.0925 -0.0125677 0.00353407 0.999915 0.0918995
0.259544 0.965712 0.00615597 -62.9118 -0.965483 0.259617 -0.0210095 -59.5583 -0.0218873 -0.000490598 0.99976 0.0976594
0.260993 0.96534 0.00138472 -62.795 -0.965223 0.260983 -0.0152261 -59.9717 -0.0150597 0.00263734 0.999883 0.0993619
0.260344 0.965507 -0.00417149 -62.4939 -0.965267 0.260177 -0.0238155 -61.0349 -0.0219087 0.0102268 0.999708 0.0817103
0.254476 0.96705 -0.00754658 -62.4084 -0.966953 0.254308 -0.0181558 -61.4849 -0.0156384 0.0119174 0.999807 0.0945624
0.199923 0.97981 -0.0015969 -62.0638 -0.979699 0.199876 -0.0154606 -62.7639 -0.0148293 0.00465543 0.999879 0.0904344
0.0625085 0.998041 -0.00278352 -61.9263 -0.997884 0.0624482 -0.0181103 -63.891 -0.017901 0.00390968 0.999832 0.101708
0.0438748 0.999036 -0.00161388 -61.8986 -0.998889 0.0438405 -0.0172673 -64.2455 -0.0171799 0.00236968 0.99985 0.0884563
0.0225988 0.999741 0.00250814 -61.8271 -0.999521 0.0226468 -0.0211073 -66.0617 -0.0211587 -0.00202994 0.999774 0.0861874
-0.0106359 0.999942 -0.00154678 -61.828 -0.999781 -0.010662 -0.0180188 -68.0495 -0.0180342 0.00135479 0.999836 0.0953464
0.00511316 0.999967 -0.00624868 -61.7639 -0.99983 0.0050017 -0.0177383 -69.5411 -0.0177065 0.00633831 0.999823 0.115168
0.0207859 0.999774 -0.00449511 -61.7842 -0.999618 0.0207002 -0.0183236 -70.4427 -0.0182264 0.00487426 0.999822 0.043454
0.0386158 0.999253 0.00120897 -61.8326 -0.999177 0.0386279 -0.0124135 -70.904 -0.012451 -0.000728615 0.999922 0.0200595
0.0415407 0.999137 0.000339976 -61.7681 -0.998959 0.0415397 -0.0188521 -71.5433 -0.01885 0.000443507 0.999822 0.0843075
0.0444353 0.998998 -0.00541073 -61.6995 -0.998823 0.0443209 -0.0196874 -72.4901 -0.0194279 0.00627918 0.999792 0.111907
0.0445763 0.999004 0.00203316 -61.7005 -0.999003 0.0445814 -0.00254624 -73.7455 -0.00263434 -0.00191763 0.999995 0.109606
0.0416909 0.99912 -0.00450017 -61.6454 -0.99896 0.0416003 -0.0186424 -74.3025 -0.0184388 0.00527271 0.999816 0.0545785
0.0412536 0.99914 -0.00409725 -61.5806 -0.998966 0.0411672 -0.0193164 -75.4662 -0.0191311 0.00488988 0.999805 0.0858839
0.0429126 0.99907 -0.0042267 -61.5687 -0.998873 0.0428176 -0.020461 -75.968 -0.020261 0.00509997 0.999782 0.0972476
0.0431213 0.999067 -0.00243613 -61.5612 -0.999003 0.04309 -0.0117022 -76.5058 -0.0115863 0.00293832 0.999929 0.0524973
0.0406352 0.999174 0.000246984 -61.5317 -0.999083 0.0406349 -0.0134985 -77.0133 -0.0134974 0.000301756 0.999909 0.0604962
0.039828 0.999204 -0.00226137 -61.4903 -0.99916 0.0398041 -0.00979579 -77.7589 -0.00969798 0.00264961 0.999949 0.0362948
0.0391149 0.999224 -0.00453051 -61.4157 -0.999005 0.0390083 -0.0216342 -79.0207 -0.0214407 0.00537222 0.999756 0.0947741
0.0369597 0.999316 0.000970341 -61.3967 -0.999178 0.0369707 -0.0166342 -80.0355 -0.0166587 -0.00035475 0.999861 0.0994635
0.0287099 0.999552 0.00843776 -61.3799 -0.999369 0.0288791 -0.02066 -81.0155 -0.0208944 -0.00783929 0.999751 0.131598
0.020966 0.999763 0.00582663 -61.3518 -0.999552 0.0210854 -0.0212552 -81.5401 -0.021373 -0.00537838 0.999757 0.117163
-0.0112474 0.999934 0.0024081 -61.3588 -0.99976 -0.0112001 -0.0188462 -82.0133 -0.018818 -0.0026195 0.999819 0.0906233
-0.0278973 0.999606 0.00323542 -61.3614 -0.99945 -0.0278346 -0.0180119 -82.5081 -0.0179148 -0.00373613 0.999833 0.05366
-0.00213627 0.999997 0.000791444 -61.3773 -0.999847 -0.00212223 -0.0173435 -83.2324 -0.0173417 -0.000828373 0.999849 0.0448555
0.00821532 0.999954 -0.00489417 -61.3517 -0.999786 0.00812089 -0.0190106 -85.376 -0.01897 0.0050493 0.999807 0.0386647
0.00810626 0.999942 -0.0070922 -61.3526 -0.999795 0.00797298 -0.0186243 -86.5073 -0.0185667 0.00724171 0.999801 0.020064
0.00700123 0.999975 -0.000960469 -61.3304 -0.999591 0.00697196 -0.0277245 -87.3843 -0.0277171 0.00115418 0.999615 0.0431188
0.00770551 0.999961 -0.00422167 -61.3316 -0.999902 0.0076557 -0.0116905 -87.8858 -0.0116577 0.00431133 0.999923 0.0295203
0.00675337 0.999964 -0.00515258 -61.3165 -0.999717 0.00663406 -0.022838 -88.9486 -0.022803 0.00530535 0.999726 0.0625547
0.00394631 0.999969 -0.0067353 -61.3524 -0.999881 0.00384556 -0.0149078 -89.4428 -0.0148815 0.00679334 0.999866 0.0192982
0.00602406 0.999965 -0.00583409 -61.3459 -0.999752 0.00589764 -0.0214527 -90.201 -0.0214175 0.00596188 0.999753 0.00208028
0.0028782 0.999967 -0.00766048 -61.3298 -0.999794 0.00272345 -0.0201375 -90.9214 -0.0201159 0.00771686 0.999768 -0.010525
0.00238217 0.999967 -0.00774334 -61.3226 -0.999784 0.00222185 -0.0206469 -91.4461 -0.020629 0.00779085 0.999757 -0.0217807
0.00354002 0.999964 -0.00765409 -61.3174 -0.9997 0.00335345 -0.0242539 -91.6118 -0.0242274 0.00773765 0.999677 -0.0168487
0.00396207 0.999971 -0.00650059 -61.318 -0.999875 0.0038618 -0.0153641 -92.4573 -0.0153386 0.00656064 0.999861 -0.00101964
0.00183563 0.999962 -0.00850575 -61.3327 -0.999738 0.0016411 -0.0228223 -92.9724 -0.0228075 0.00854542 0.999703 0.00954707
0.00269934 0.999964 -0.00801528 -61.3416 -0.999909 0.00259338 -0.0132029 -93.9594 -0.0131816 0.00805019 0.999881 0.0188207
0.00126798 0.999962 -0.00857389 -61.3723 -0.999839 0.00111437 -0.0178984 -94.4631 -0.0178882 0.0085952 0.999803 0.00440557
-0.000871946 0.999929 -0.0118872 -61.342 -0.999746 -0.00113957 -0.0225258 -95.0003 -0.0225377 0.0118646 0.999676 0.0225715
0.00259254 0.999921 -0.0123368 -61.3595 -0.999783 0.00233709 -0.0206764 -95.7516 -0.0206459 0.0123877 0.99971 0.000101283
0.000362652 0.99997 -0.00769383 -61.3445 -0.999699 0.000173772 -0.02454 -96.2918 -0.024538 0.00770042 0.999669 -0.0171079
-0.000657113 0.999975 -0.0070392 -61.3418 -0.999751 -0.000814012 -0.022311 -96.7045 -0.0223162 0.00702278 0.999726 -0.0315286
-0.00169374 0.999995 -0.00269067 -61.3119 -0.999743 -0.0017541 -0.0226079 -97.7719 -0.0226125 0.00265169 0.999741 -0.0444403
-0.00298488 0.999991 -0.00308842 -61.3243 -0.999776 -0.00304892 -0.0209678 -98.7168 -0.020977 0.00302514 0.999775 -0.0329154
0.00274626 0.999995 0.00169163 -61.3276 -0.999713 0.00278581 -0.0237993 -99.6072 -0.0238039 -0.00162578 0.999715 -0.0509465
0.00636444 0.999976 -0.00290378 -61.3366 -0.999663 0.00628929 -0.0252051 -101.251 -0.0251863 0.00306321 0.999678 -0.0348222
0.00687609 0.999976 -0.000755896 -61.3078 -0.999685 0.00685584 -0.0241397 -101.731 -0.024134 0.000921646 0.999708 -0.0264349
0.00736479 0.99997 -0.00240005 -61.3193 -0.999743 0.00731161 -0.0214614 -102.448 -0.0214432 0.00255749 0.999767 -0.0253916
0.00562877 0.999983 0.00132403 -61.3349 -0.999759 0.00565564 -0.021232 -103.146 -0.0212391 -0.0012042 0.999774 -0.0455801
0.00631668 0.99998 -1.02515e-05 -61.2958 -0.999799 0.00631529 -0.019047 -104.579 -0.0190466 0.000130562 0.999819 -0.0333266
0.00645412 0.999976 -0.00260771 -61.2772 -0.999543 0.00637428 -0.0295467 -105.181 -0.0295294 0.00279722 0.99956 -0.0912447
0.00223523 0.999996 -0.0019519 -61.2832 -0.999956 0.00221729 -0.00915161 -107.484 -0.00914724 0.00197227 0.999956 -0.0504236
0.00101995 0.999987 -0.00503408 -61.2779 -0.999903 0.000949889 -0.0139072 -107.964 -0.0139023 0.00504777 0.999891 -0.0698892
0.0011375 0.999994 -0.00341139 -61.271 -0.999947 0.00110253 -0.0102425 -110.118 -0.0102387 0.00342286 0.999942 -0.0290733
-0.00179282 0.999974 -0.00691496 -61.2733 -0.999881 -0.00189844 -0.0152955 -110.616 -0.0153082 0.00688671 0.999859 -0.0700761
0.000878155 0.999952 -0.00972855 -61.2899 -0.999905 0.000744454 -0.0137432 -112.024 -0.0137353 0.00973969 0.999858 -0.052416
-0.00230279 0.999957 -0.00901471 -61.2938 -0.999897 -0.00242993 -0.0141233 -113.037 -0.0141446 0.00898126 0.99986 -0.0616329
-0.00361628 0.999976 -0.00590662 -61.3151 -0.999814 -0.00372737 -0.0189046 -114.407 -0.0189262 0.00583715 0.999804 -0.0337896
-0.00321181 0.999993 -0.00187723 -61.2936 -0.999844 -0.00324395 -0.0173798 -114.948 -0.0173858 0.00182112 0.999847 -0.0197934
-0.00505512 0.999927 -0.0109707 -61.2936 -0.999864 -0.00522672 -0.0156711 -116.629 -0.0157273 0.01089 0.999817 -0.0532763
-0.0047834 0.999942 -0.00964543 -61.2889 -0.999786 -0.00497628 -0.0200727 -117.246 -0.0201195 0.00954735 0.999752 -0.0672287
-0.00613288 0.999946 -0.00844425 -61.289 -0.999899 -0.00624018 -0.0127442 -117.859 -0.0127962 0.00836524 0.999883 -0.0901705
-0.00543448 0.999951 -0.00824926 -61.3213 -0.999861 -0.00556374 -0.0157309 -119.36 -0.0157761 0.00816262 0.999842 -0.0946177
-0.00683212 0.999935 -0.00909985 -61.3486 -0.999811 -0.00699615 -0.0181237 -119.967 -0.0181862 0.00897431 0.999794 -0.0929619
-0.00852121 0.999943 -0.00638826 -61.3483 -0.999784 -0.00864053 -0.0188994 -121.128 -0.0189535 0.00622584 0.999801 -0.0909081
-0.00888953 0.999894 -0.0114899 -61.3531 -0.999801 -0.00909259 -0.0177433 -121.735 -0.0178459 0.0113299 0.999777 -0.0778463
-0.00797967 0.999952 -0.00559083 -61.356 -0.999867 -0.00805831 -0.0141947 -122.871 -0.0142391 0.00547682 0.999884 -0.0712085
-0.0089668 0.999952 -0.00383131 -61.3955 -0.999686 -0.0090539 -0.0233518 -124.395 -0.0233854 0.00362072 0.99972 -0.0761609
-0.00915653 0.999958 -0.000405526 -61.4212 -0.999806 -0.00916218 -0.0174508 -126.411 -0.0174538 0.000245657 0.999848 -0.0639194
-0.00925223 0.99994 -0.00593363 -61.4183 -0.999651 -0.00939615 -0.0247061 -127.514 -0.0247603 0.00570297 0.999677 -0.0516063
-0.00920463 0.999929 -0.00753556 -61.4169 -0.999622 -0.00939663 -0.0258561 -128.359 -0.0259251 0.00729471 0.999637 -0.105788
-0.0108524 0.999907 -0.00822655 -61.4173 -0.999407 -0.0111152 -0.0326066 -129 -0.032695 0.00786781 0.999434 -0.142446
-0.0102101 0.999936 -0.0049154 -61.4028 -0.999846 -0.010279 -0.0141986 -129.863 -0.0142482 0.00476967 0.999887 -0.15027
-0.0118546 0.999882 -0.00973531 -61.4168 -0.999854 -0.011973 -0.0121955 -130.98 -0.0123107 0.00958931 0.999878 -0.173029
-0.0131523 0.999882 -0.00788172 -61.4404 -0.999813 -0.0132621 -0.0140493 -131.861 -0.0141521 0.00769547 0.99987 -0.179398
-0.0118861 0.999921 -0.00419209 -61.4407 -0.999774 -0.011958 -0.0175766 -132.752 -0.0176254 0.00398222 0.999837 -0.166517
-0.0134728 0.999889 -0.00632183 -61.4783 -0.999802 -0.0135636 -0.0145484 -133.29 -0.0146325 0.00612457 0.999874 -0.166632
-0.0133571 0.999904 -0.00355059 -61.4894 -0.999713 -0.0134249 -0.0198285 -135.498 -0.0198743 0.00328472 0.999797 -0.167922
-0.0124703 0.999906 -0.00575167 -61.4632 -0.999737 -0.0125785 -0.0191888 -136.036 -0.0192594 0.00551087 0.999799 -0.146833
-0.0193995 0.999773 -0.00883628 -61.5022 -0.999683 -0.0195383 -0.0159054 -137.898 -0.0160744 0.00852492 0.999834 -0.176547
-0.0181113 0.999823 -0.00502075 -61.5429 -0.999592 -0.0182176 -0.0219897 -138.715 -0.0220773 0.00462044 0.999746 -0.175197
-0.021055 0.999767 -0.00465314 -61.5683 -0.999607 -0.0211374 -0.0184402 -139.255 -0.0185343 0.00426305 0.999819 -0.175911
-0.0193266 0.999773 -0.00899149 -61.6026 -0.999529 -0.0195349 -0.0236871 -139.806 -0.0238574 0.00852945 0.999679 -0.18882
-0.0225551 0.999726 -0.0063251 -61.5843 -0.999559 -0.0226726 -0.0191811 -140.29 -0.0193192 0.00588968 0.999796 -0.235033
-0.035898 0.999324 -0.00789009 -61.5556 -0.99916 -0.036046 -0.0194969 -141.373 -0.0197681 0.00718356 0.999779 -0.229151
-0.0726829 0.997313 -0.00917938 -61.5739 -0.997149 -0.072852 -0.0196774 -141.913 -0.0202933 0.007723 0.999764 -0.252978
-0.084994 0.996302 -0.0125511 -61.6273 -0.996187 -0.0852197 -0.0186998 -142.061 -0.0197003 0.0109139 0.999746 -0.237888
-0.116865 0.993123 -0.00703583 -61.6433 -0.992786 -0.117011 -0.0261666 -142.392 -0.0268099 0.00392711 0.999633 -0.21187
-0.200539 0.979643 -0.00911235 -61.7952 -0.979434 -0.200689 -0.0207878 -143.355 -0.0221934 0.00475619 0.999742 -0.222094
-0.284166 0.958688 -0.0129063 -62.3882 -0.958614 -0.284339 -0.0144783 -145.239 -0.0175499 0.00825795 0.999812 -0.286019
-0.288453 0.957431 -0.0109459 -62.7092 -0.957337 -0.288594 -0.0148371 -146.352 -0.0173645 0.00619913 0.99983 -0.233602
-0.287579 0.957714 -0.00907313 -62.8 -0.957652 -0.287675 -0.0120757 -146.859 -0.0141751 0.00521619 0.999886 -0.271411
-0.28791 0.957386 -0.022811 -63.0531 -0.957525 -0.288184 -0.00973406 -147.586 -0.015893 0.0190396 0.999692 -0.302761
-0.364355 0.930861 -0.0272572 -63.4518 -0.931015 -0.364774 -0.0122765 -148.798 -0.0213704 0.0209039 0.999553 -0.385019
-0.474762 0.879852 -0.0215038 -63.9646 -0.879971 -0.474984 -0.00646305 -149.85 -0.0159005 0.0158543 0.999748 -0.283349
-0.549021 0.835559 -0.0204291 -64.3932 -0.835439 -0.549341 -0.0163285 -150.657 -0.024866 0.00810252 0.999658 -0.284389
-0.577615 0.816054 -0.0203823 -64.628 -0.816061 -0.577875 -0.0102255 -150.887 -0.020123 0.0107268 0.99974 -0.333829
-0.584377 0.811336 -0.0154052 -64.6536 -0.81124 -0.584561 -0.0133407 -150.932 -0.019829 0.00470129 0.999792 -0.311278
-0.621736 0.783166 -0.0097504 -65.245 -0.783064 -0.621813 -0.0126517 -151.618 -0.0159713 -0.000230848 0.999872 -0.339277
-0.639328 0.768867 -0.0101106 -65.9323 -0.768763 -0.639408 -0.012679 -152.567 -0.0162132 -0.000333398 0.999868 -0.334675
-0.655771 0.75487 -0.0116606 -66.3073 -0.754749 -0.655875 -0.0134822 -153.044 -0.0178252 -4.04315e-05 0.999841 -0.339832
-0.679698 0.733412 -0.0108819 -66.5656 -0.733345 -0.679783 -0.00996563 -153.321 -0.0147063 0.00120659 0.999891 -0.348116
-0.717184 0.696734 -0.0144662 -67.0153 -0.696565 -0.717329 -0.0153408 -153.756 -0.0210655 -0.00092552 0.999778 -0.364097
-0.749494 0.661977 -0.00668818 -67.3824 -0.661793 -0.749468 -0.0181016 -154.09 -0.0169954 -0.00914082 0.999814 -0.296351
-0.773282 0.633774 -0.01913 -67.6766 -0.632759 -0.773274 -0.0407898 -154.398 -0.0406442 -0.0194373 0.998985 -0.331451
-0.833288 0.552809 -0.00579873 -68.2552 -0.552694 -0.833263 -0.0142086 -154.854 -0.0126865 -0.00863496 0.999882 -0.414256
-0.852026 0.523494 0.00252378 -68.5138 -0.5235 -0.852009 -0.00530986 -154.961 -0.000629395 -0.00584533 0.999983 -0.309718
-0.890778 0.45439 -0.0067359 -68.9248 -0.454337 -0.890794 -0.00801418 -155.187 -0.00964185 -0.00407848 0.999945 -0.266535
-0.931915 0.362259 -0.0174145 -69.3961 -0.362463 -0.931941 0.0103439 -155.389 -0.0124821 0.0159518 0.999795 -0.319316
-0.938762 0.343833 -0.0224641 -69.4992 -0.344103 -0.938885 0.00937232 -155.42 -0.0178687 0.0165283 0.999704 -0.322066
-0.944123 0.328763 -0.0233652 -69.5892 -0.329054 -0.94426 0.00981052 -155.427 -0.0188375 0.0169508 0.999679 -0.343524
-0.961802 0.273377 -0.0142175 -70.0218 -0.273583 -0.961725 0.0154167 -155.469 -0.00945879 0.0187175 0.99978 -0.352464
-0.965605 0.259494 -0.0164461 -70.3282 -0.259712 -0.9656 0.0129207 -155.558 -0.0125275 0.0167476 0.999781 -0.374107
-0.968452 0.248656 -0.016466 -70.8317 -0.248925 -0.968375 0.0169247 -155.684 -0.0117368 0.0204896 0.999721 -0.381743
-0.971772 0.235545 -0.0133668 -71.1206 -0.235756 -0.971657 0.0173731 -155.779 -0.00889582 0.020034 0.99976 -0.3718
-0.98276 0.184436 -0.0128626 -71.5237 -0.184717 -0.982451 0.0258685 -155.898 -0.00786576 0.0277985 0.999583 -0.334701
-0.998865 0.0469767 -0.00781098 -72.465 -0.0471971 -0.998406 0.0309378 -155.951 -0.00634517 0.0312714 0.999491 -0.366958
-0.999711 0.0216248 -0.0105501 -73.199 -0.021894 -0.999419 0.0261034 -155.977 -0.00997947 0.0263268 0.999604 -0.383627
-0.999884 0.00794315 -0.0129713 -74.2784 -0.0083293 -0.999516 0.029987 -155.984 -0.0127268 0.0300916 0.999466 -0.333518
-0.999881 0.0046451 -0.0147119 -74.708 -0.00502728 -0.999648 0.0260498 -156.006 -0.0145858 0.0261207 0.999552 -0.341534
-0.999888 0.00119089 -0.0149333 -75.1149 -0.00162208 -0.999581 0.0288923 -155.994 -0.0148926 0.0289133 0.999471 -0.328686
-0.999951 -0.00141015 -0.00984191 -75.5337 0.00118083 -0.999729 0.0232621 -155.999 -0.00987204 0.0232493 0.999681 -0.338063
-0.999952 -0.000634869 -0.00981648 -76.455 0.000403872 -0.999723 0.0235144 -156 -0.0098287 0.0235093 0.999675 -0.368356
-0.999953 -0.000936766 -0.00960015 -77.867 0.000708523 -0.999718 0.0237488 -156.001 -0.00961969 0.0237409 0.999672 -0.279776
-0.999683 0.024568 -0.00540906 -78.297 -0.0247133 -0.999284 0.0286594 -156.012 -0.00470108 0.028784 0.999575 -0.39949
-0.999426 0.032903 -0.00811148 -78.7847 -0.0331114 -0.999085 0.0270526 -156.027 -0.00721395 0.0273056 0.999601 -0.316543
-0.999234 0.0382302 -0.00829706 -82.7237 -0.0383935 -0.999052 0.0205057 -156.17 -0.00750526 0.0208085 0.999755 -0.273688
-0.999175 0.0390373 -0.0111622 -83.2078 -0.039302 -0.998925 0.0245631 -156.186 -0.0101913 0.0249815 0.999636 -0.275289
-0.999232 0.0390067 -0.00377785 -84.2778 -0.0391081 -0.998719 0.0320997 -156.244 -0.00252091 0.0322228 0.999477 -0.304254
-0.999279 0.0371301 -0.00795456 -85.006 -0.0373222 -0.998977 0.0255441 -156.238 -0.00699797 0.0258226 0.999642 -0.298802
-0.999347 0.0348717 -0.00942666 -85.7407 -0.0350899 -0.999094 0.0240637 -156.283 -0.00857898 0.0243788 0.999666 -0.281575
-0.999248 0.0344106 -0.0178502 -86.1335 -0.0348115 -0.999137 0.0226571 -156.318 -0.0170551 0.0232614 0.999584 -0.261554
-0.999377 0.0338718 -0.0099261 -86.6807 -0.0340544 -0.999242 0.0188398 -156.307 -0.00928044 0.0191661 0.999773 -0.19345
-0.999199 0.0356337 -0.018229 -88.2894 -0.036026 -0.999116 0.0216636 -156.362 -0.0174409 0.0223029 0.999599 -0.299025
-0.999473 0.0315006 -0.0077982 -88.9902 -0.0316422 -0.999323 0.0187533 -156.398 -0.00720218 0.0189902 0.999794 -0.255174
-0.999399 0.0309198 -0.0156756 -90.065 -0.0312799 -0.99924 0.0232691 -156.455 -0.0149443 0.0237454 0.999606 -0.256213
-0.999306 0.032501 -0.0181837 -90.4856 -0.0329488 -0.999147 0.0248921 -156.491 -0.0173591 0.025474 0.999525 -0.23764
-0.999539 0.0294747 -0.00728301 -91.0485 -0.0296651 -0.999179 0.0275844 -156.498 -0.00646398 0.0277878 0.999593 -0.237364
-0.999924 0.00635741 -0.0105992 -92.7361 -0.00664238 -0.999611 0.0270683 -156.544 -0.010423 0.0271366 0.999577 -0.296639
-0.999874 0.00161954 -0.0157785 -94.0549 -0.00199202 -0.999719 0.0236192 -156.536 -0.0157358 0.0236476 0.999596 -0.271016
-0.999869 0.00247121 -0.0160026 -94.4479 -0.00281579 -0.999764 0.0215444 -156.534 -0.0159456 0.0215867 0.99964 -0.294221
-0.999915 -0.004724 -0.0121851 -96.0799 0.00447566 -0.999783 0.020327 -156.547 -0.0122784 0.0202707 0.999719 -0.244245
-0.998295 0.0015216 0.0583584 -96.2129 -0.000380971 -0.999809 0.0195518 -156.536 0.058377 0.0194962 0.998104 -0.323314
-0.997865 -0.00536677 0.0650823 -96.5221 0.00672027 -0.999765 0.020596 -156.556 0.0649565 0.0209894 0.997667 -0.172523
-0.999734 -0.0139502 -0.0183706 -96.6727 0.0136227 -0.999748 0.0178342 -156.527 -0.0186148 0.0175792 0.999672 -0.272372
-0.998239 -0.0127319 -0.0579423 -96.7383 0.0118817 -0.999817 0.0149938 -156.552 -0.0581226 0.014279 0.998207 -0.287122
-0.997731 -0.0110715 -0.066406 -96.7859 0.00985779 -0.999779 0.0185757 -156.555 -0.066597 0.0178789 0.99762 -0.267544
-0.994444 -0.0100507 -0.10479 -96.9295 0.00768165 -0.999706 0.0229867 -156.514 -0.10499 0.0220541 0.994229 -0.306666
-0.999809 -0.0112011 -0.0159959 -97.1572 0.010876 -0.999735 0.0202712 -156.518 -0.0162187 0.0200934 0.999667 -0.376951
-0.999922 -0.00272122 -0.012168 -97.3955 0.00246393 -0.999774 0.0211053 -156.485 -0.0122227 0.0210737 0.999703 -0.268108
-0.999965 0.000824854 -0.00833952 -97.6492 -0.000971256 -0.999845 0.0175612 -156.5 -0.00832374 0.0175687 0.999811 -0.271538
-0.999946 0.00238283 -0.0101202 -97.8993 -0.00262046 -0.99972 0.0235317 -156.521 -0.0100613 0.0235569 0.999672 -0.309989
-0.999965 0.00773759 -0.00304133 -98.3455 -0.00780358 -0.999721 0.0223079 -156.53 -0.00286787 0.0223309 0.999747 -0.292301
-0.999882 0.00751664 -0.0134321 -102.411 -0.00782866 -0.999697 0.0233289 -156.553 -0.0132527 0.0234313 0.999638 -0.242246
-0.999941 0.00569481 -0.00928831 -103.503 -0.00591706 -0.999693 0.0240803 -156.549 -0.00914832 0.0241338 0.999667 -0.264651
-0.999948 0.00617572 -0.00811797 -104.028 -0.00636591 -0.999701 0.0236103 -156.562 -0.00796973 0.0236608 0.999688 -0.242629
-0.999926 0.00506704 -0.0110201 -104.581 -0.00531331 -0.999734 0.0224319 -156.553 -0.0109035 0.0224888 0.999688 -0.242928
-0.999903 0.00596794 -0.012586 -105.151 -0.0062604 -0.999708 0.0233215 -156.548 -0.0124431 0.023398 0.999649 -0.245872
-0.999906 0.00600232 -0.0123436 -107.036 -0.00627769 -0.99973 0.0223913 -156.593 -0.0122058 0.0224667 0.999673 -0.256441
-0.999852 0.00569613 -0.0162446 -107.834 -0.00600635 -0.999799 0.0191115 -156.577 -0.0161325 0.0192062 0.999685 -0.266759
-0.999848 0.00584956 -0.016412 -108.372 -0.00618763 -0.999768 0.020622 -156.563 -0.0162876 0.0207204 0.999653 -0.22621
-0.99993 0.00372522 -0.0111977 -109.141 -0.00395532 -0.99978 0.020595 -156.598 -0.0111185 0.0206379 0.999725 -0.249129
-0.999906 0.00352639 -0.0132183 -109.712 -0.00387698 -0.999639 0.0265902 -156.607 -0.0131197 0.0266389 0.999559 -0.241502
-0.999958 0.00367396 -0.00835955 -110.52 -0.00389389 -0.999643 0.0264455 -156.597 -0.0082594 0.0264769 0.999615 -0.243779
-0.999779 0.00473262 -0.020501 -111.089 -0.00518693 -0.999741 0.0221622 -156.589 -0.0203908 0.0222637 0.999544 -0.270921
-0.999912 0.0033738 -0.012848 -111.626 -0.00365027 -0.999761 0.0215557 -156.574 -0.0127723 0.0216007 0.999685 -0.269957
-0.999917 0.00400491 -0.0122682 -112.716 -0.00422558 -0.999829 0.0180132 -156.612 -0.0121939 0.0180635 0.999762 -0.267952
-0.999911 0.00165239 -0.0132592 -113.199 -0.00194111 -0.999761 0.0217882 -156.589 -0.01322 0.021812 0.999675 -0.272173
-0.999859 -0.000119715 -0.0167849 -114.046 -0.000219038 -0.999796 0.020178 -156.604 -0.0167839 0.0201788 0.999655 -0.292292
-0.999929 0.00068469 -0.0118675 -115.447 -0.000915616 -0.99981 0.0194622 -156.618 -0.011852 0.0194717 0.99974 -0.255971
-0.999856 -0.00159476 -0.0168865 -115.967 0.00120663 -0.999735 0.022967 -156.588 -0.0169187 0.0229433 0.999594 -0.259988
-0.999913 -0.00298109 -0.0128496 -116.562 0.00266966 -0.999704 0.024184 -156.566 -0.0129179 0.0241476 0.999625 -0.29725
-0.999932 -0.00387562 -0.0110017 -117.397 0.00364741 -0.999779 0.0206859 -156.595 -0.0110794 0.0206444 0.999725 -0.282998
-0.999889 -0.00329335 -0.0145353 -118.232 0.00288557 -0.999604 0.0279848 -156.564 -0.0146217 0.0279397 0.999503 -0.282831
-0.999946 -0.00442202 -0.00942901 -119.349 0.00420829 -0.999737 0.0225649 -156.55 -0.0095263 0.022524 0.999701 -0.28907
-0.999729 -0.00721526 0.0221364 -122.497 0.0078836 -0.999511 0.0302567 -156.511 0.0219073 0.030423 0.999297 -0.179959
-0.999955 -0.00720603 -0.00623773 -123.082 0.00703032 -0.99959 0.0277393 -156.541 -0.00643506 0.0276942 0.999596 -0.20663
-0.999954 -0.00906705 -0.00300696 -123.59 0.00899773 -0.999711 0.0223084 -156.499 -0.00320836 0.0222804 0.999747 -0.261801
-0.999845 -0.0108796 -0.0138745 -125.627 0.0106326 -0.999786 0.0177514 -156.433 -0.0140647 0.0176011 0.999746 -0.314182
-0.999861 -0.0142323 -0.0086575 -126.749 0.0140503 -0.999686 0.020736 -156.451 -0.0089499 0.0206115 0.999747 -0.277047
-0.999689 -0.022521 -0.0107254 -128.099 0.022263 -0.999474 0.0236012 -156.425 -0.0112512 0.0233551 0.999664 -0.264116
-0.999584 -0.0284891 -0.00455437 -129.41 0.0283955 -0.999408 0.019446 -156.372 -0.00510567 0.0193086 0.999801 -0.233115
-0.998535 -0.0534271 -0.00856036 -131.312 0.0532499 -0.998386 0.0197365 -156.284 -0.009601 0.0192518 0.999769 -0.249133
-0.998411 -0.0559007 -0.00713302 -132.339 0.0557524 -0.998254 0.0195206 -156.239 -0.00821178 0.0190919 0.999784 -0.238898
-0.998426 -0.0549648 -0.0111392 -132.912 0.0547504 -0.998325 0.0187165 -156.19 -0.0121493 0.0180772 0.999763 -0.207124
-0.998426 -0.0556212 -0.00723459 -133.766 0.0554545 -0.99823 0.0215045 -156.153 -0.00841789 0.0210695 0.999743 -0.270674
-0.998487 -0.0540696 -0.0100318 -134.653 0.0538266 -0.998283 0.0230832 -156.105 -0.0112627 0.0225083 0.999683 -0.265439
-0.998533 -0.0537457 -0.00658436 -135.53 0.053603 -0.998358 0.0202189 -156.052 -0.00766023 0.0198363 0.999774 -0.239985
-0.998513 -0.0539761 -0.00760347 -136.095 0.053823 -0.998368 0.0190701 -156.028 -0.00862039 0.0186325 0.999789 -0.223894
-0.998369 -0.0554668 -0.0135521 -136.668 0.0552476 -0.998344 0.0160468 -156.024 -0.0144198 0.0152719 0.999779 -0.262426
-0.998382 -0.0549781 -0.0145413 -137.242 0.0546884 -0.998311 0.0196235 -155.951 -0.0155956 0.0187965 0.999702 -0.242795
-0.998394 -0.0554689 -0.0114874 -137.821 0.0552872 -0.998349 0.0155705 -155.945 -0.0123321 0.0149104 0.999813 -0.245372
-0.998462 -0.0532623 -0.015364 -138.952 0.0530569 -0.998501 0.0134784 -155.876 -0.0160589 0.0126425 0.999791 -0.247487
-0.998452 -0.0536502 -0.0146445 -140.374 0.0533627 -0.998387 0.0193619 -155.79 -0.0156596 0.0185504 0.999705 -0.257628
-0.998338 -0.0565321 -0.0112121 -141.654 0.0563314 -0.998259 0.0174693 -155.701 -0.0121801 0.0168087 0.999784 -0.257471
-0.998339 -0.0573936 -0.00499673 -142.364 0.0572991 -0.998206 0.0173504 -155.675 -0.00598357 0.0170353 0.999837 -0.222021
-0.998302 -0.0581443 -0.00343722 -142.887 0.0580736 -0.998151 0.0179493 -155.636 -0.00447451 0.0177192 0.999833 -0.20637
-0.997105 -0.0760124 -0.00208661 -144.517 0.0759508 -0.996883 0.0213617 -155.532 -0.00370386 0.0211413 0.99977 -0.223433
-0.995785 -0.0911426 -0.0102526 -145.13 0.0909031 -0.995621 0.0218046 -155.473 -0.0121951 0.0207807 0.99971 -0.172693
-0.994989 -0.0994477 -0.0103881 -148.036 0.0991841 -0.994794 0.0233872 -155.193 -0.0126599 0.0222397 0.999673 -0.178509
-0.994588 -0.103494 -0.0091354 -149.04 0.103307 -0.994468 0.0189767 -155.131 -0.0110488 0.0179303 0.999778 -0.14461
-0.985131 -0.171616 -0.00802582 -150.263 0.171358 -0.984866 0.0259761 -154.922 -0.0123623 0.0242146 0.99963 -0.151121
-0.984026 -0.177744 -0.0100427 -150.769 0.177461 -0.983829 0.0242433 -154.834 -0.0141894 0.0220738 0.999656 -0.150581
-0.983469 -0.181003 -0.00523115 -151.21 0.180874 -0.98332 0.0191107 -154.739 -0.008603 0.0178486 0.999804 -0.149892
-0.966257 -0.257429 -0.00882267 -157.841 0.257246 -0.966183 0.0177681 -153.349 -0.0130983 0.014899 0.999803 -0.171944
-0.955991 -0.293355 -0.00488277 -158.807 0.293202 -0.955834 0.0203548 -153.075 -0.0106383 0.0180274 0.999781 -0.119149
-0.941016 -0.338206 -0.0103223 -159.864 0.337936 -0.940923 0.0215254 -152.704 -0.0169925 0.0167675 0.999715 -0.0723983
-0.949443 -0.313907 -0.00457452 -161.595 0.313732 -0.949243 0.0226025 -152.061 -0.0114374 0.0200247 0.999734 -0.145323
-0.952607 -0.3042 0.00129712 -162.04 0.30416 -0.952392 0.0209018 -151.918 -0.00512297 0.0203057 0.999781 -0.134822
-0.953789 -0.300463 -0.00305344 -162.738 0.300347 -0.953623 0.0198858 -151.77 -0.00888679 0.0180498 0.999798 -0.0904493
-0.943327 -0.331803 -0.00649151 -163.603 0.331561 -0.943117 0.0244344 -151.435 -0.0142297 0.0208973 0.99968 -0.0945681
-0.941461 -0.337098 -0.00411787 -164.644 0.33699 -0.941363 0.0165335 -151.044 -0.0094498 0.0141779 0.999855 -0.112984
-0.923125 -0.384463 -0.00543711 -166.188 0.384302 -0.923008 0.0191729 -150.498 -0.0123898 0.0156095 0.999801 -0.099947
-0.906319 -0.422509 -0.00846151 -167.646 0.422452 -0.906352 0.00776645 -149.892 -0.0109505 0.0034643 0.999934 -0.13068
-0.865345 -0.501125 -0.00715535 -169.63 0.501158 -0.865348 -0.00377051 -148.78 -0.00430237 -0.00684876 0.999967 -0.110101
-0.86338 -0.504127 -0.0207483 -171.349 0.504394 -0.863412 -0.0103354 -147.763 -0.0127039 -0.0193887 0.999731 -0.0819703
-0.863991 -0.503007 -0.0224488 -172.134 0.503318 -0.86403 -0.0110997 -147.341 -0.0138132 -0.0208889 0.999686 -0.0942356
-0.863956 -0.503013 -0.0236102 -173.083 0.503363 -0.863991 -0.012049 -146.808 -0.0143381 -0.0222943 0.999649 -0.0670799
-0.863642 -0.503643 -0.0215857 -175.227 0.503929 -0.863681 -0.0105158 -145.539 -0.0133469 -0.0199595 0.999712 -0.0793327
-0.863725 -0.50348 -0.0220753 -175.968 0.50376 -0.863792 -0.00944994 -145.136 -0.0143106 -0.0192828 0.999712 -0.0783864
-0.735074 -0.677416 -0.027814 -177.021 0.677731 -0.735305 -0.00268366 -144.429 -0.0186338 -0.0208231 0.999609 -0.0917689
-0.674007 -0.73843 -0.0208798 -177.576 0.738648 -0.674076 -0.00456681 -143.788 -0.0107023 -0.0185009 0.999771 -0.112975
-0.560398 -0.827886 -0.0236333 -178.187 0.828177 -0.560439 -0.00547929 -143.086 -0.00870878 -0.0226431 0.999706 -0.0813092
-0.357913 -0.933624 -0.0156423 -178.91 0.933729 -0.357978 0.00146007 -141.41 -0.00696276 -0.0140831 0.999877 -0.119648
-0.350136 -0.936585 -0.0146181 -179.791 0.936677 -0.350192 0.00135746 -138.944 -0.00639051 -0.0132171 0.999892 -0.120473
-0.349731 -0.936847 -0.00242711 -180.457 0.936741 -0.349729 0.014348 -137.096 -0.0142908 0.00274439 0.999894 -0.0706915
-0.386491 -0.922285 0.0038385 -181.838 0.922025 -0.386274 0.0257288 -133.585 -0.0222465 0.0134831 0.999662 -0.0991389
-0.390501 -0.920484 0.014802 -184.147 0.920305 -0.389915 0.0317029 -128.151 -0.0234105 0.0260024 0.999388 -0.0174867
-0.372631 -0.927795 0.0185 -184.647 0.927956 -0.372404 0.0146237 -126.963 -0.00667829 0.0226164 0.999722 -0.0182025
-0.373258 -0.927671 0.0102471 -185.054 0.927637 -0.373044 0.0180851 -125.953 -0.0129545 0.016256 0.999784 -0.0305991
-0.372712 -0.92792 0.00706378 -185.917 0.92783 -0.372533 0.0187377 -123.798 -0.0147556 0.0135377 0.999799 -0.0416875
-0.371723 -0.928324 0.00600183 -186.149 0.928228 -0.371567 0.0181718 -123.221 -0.0146392 0.012326 0.999817 -0.0487924
-0.372327 -0.928053 0.0094603 -186.311 0.928033 -0.372156 0.01597 -122.84 -0.0113003 0.0147255 0.999828 -0.0277362
-0.369923 -0.929014 0.00946123 -186.622 0.928979 -0.369734 0.0171522 -122.079 -0.0124365 0.0151343 0.999808 -0.0122539
-0.370693 -0.928717 0.0084301 -186.794 0.928613 -0.370462 0.0208567 -121.644 -0.0162469 0.0155597 0.999747 -0.0112637
-0.370286 -0.928897 0.00620568 -186.962 0.928824 -0.370145 0.0167006 -121.25 -0.0132162 0.011948 0.999841 0.0200676
-0.372236 -0.928072 0.0111122 -187.092 0.928109 -0.372103 0.0123425 -120.869 -0.00731981 0.0149076 0.999862 -0.00844
-0.371296 -0.928508 0.00343486 -187.249 0.928477 -0.371245 0.0103946 -120.461 -0.00837632 0.00704868 0.99994 0.00685
-0.373103 -0.927789 0.00143982 -187.407 0.927726 -0.373059 0.0123083 -120.047 -0.0108824 0.00592804 0.999923 -0.0123132
-0.372346 -0.928071 -0.00652372 -187.645 0.927991 -0.3724 0.0122859 -119.496 -0.0138316 -0.00147934 0.999903 -0.00410095
-0.370614 -0.928591 -0.0190643 -188.154 0.928581 -0.370886 0.0134545 -118.186 -0.0195644 -0.0127163 0.999728 -0.00126915
-0.369457 -0.928903 -0.025307 -188.373 0.928974 -0.369872 0.0141826 -117.63 -0.0225346 -0.0182697 0.999579 0.0441967
-0.322253 -0.946298 -0.0259285 -189.237 0.946434 -0.322647 0.0126747 -115.532 -0.0203598 -0.0204551 0.999583 -0.0305636
-0.18874 -0.981685 -0.0259331 -189.369 0.981777 -0.189222 0.0175554 -114.966 -0.022141 -0.0221471 0.99951 0.00263008
-0.123752 -0.992062 -0.0223195 -189.377 0.992136 -0.124124 0.01612 -114.895 -0.0187624 -0.0201491 0.999621 0.00506419
-0.0787324 -0.996625 -0.0232204 -189.391 0.996684 -0.0791749 0.0187893 -114.904 -0.0205644 -0.0216641 0.999554 -0.0269667
-0.0792013 -0.996598 -0.0227719 -189.369 0.996682 -0.0795964 0.0169984 -114.917 -0.0187531 -0.02135 0.999596 -0.0141862
-0.0796217 -0.99657 -0.0225364 -189.363 0.996604 -0.0800603 0.0192743 -114.932 -0.0210125 -0.0209252 0.99956 -0.0181788
-0.0795351 -0.99657 -0.0228381 -189.367 0.99664 -0.0799487 0.0178051 -114.94 -0.0195699 -0.0213452 0.999581 -0.0110561
-0.0793148 -0.996603 -0.0221674 -189.365 0.996617 -0.079757 0.0198304 -114.922 -0.021531 -0.0205196 0.999558 -0.00855029
-0.0797577 -0.996566 -0.0222517 -189.372 0.996625 -0.0801575 0.0176942 -114.932 -0.0194171 -0.0207654 0.999596 -0.00618132
-0.0792913 -0.996608 -0.022052 -189.37 0.996632 -0.0797183 0.0192091 -114.922 -0.0209019 -0.0204547 0.999572 -0.0101643
-0.0788462 -0.996654 -0.0215594 -189.369 0.996688 -0.0792437 0.0182461 -114.908 -0.0198935 -0.0200494 0.999601 -0.0134016
-0.0786279 -0.99666 -0.0220582 -189.373 0.996718 -0.0790215 0.017579 -114.902 -0.0192634 -0.0206036 0.999602 -0.0120575
-0.0783939 -0.996688 -0.0216144 -189.373 0.996742 -0.0787733 0.0172979 -114.918 -0.0189432 -0.0201879 0.999617 -0.00230515
-0.078645 -0.996673 -0.0214114 -189.366 0.99671 -0.0790336 0.0179489 -114.918 -0.0195814 -0.0199293 0.99961 -0.010221
-0.0786813 -0.996646 -0.022487 -189.359 0.996729 -0.079066 0.0167585 -114.917 -0.0184802 -0.0210948 0.999607 -0.0123849
-0.0786982 -0.996625 -0.0233366 -189.368 0.99673 -0.0790931 0.0165115 -114.93 -0.0183015 -0.0219608 0.999591 -0.0173226
-0.0783551 -0.996692 -0.0215827 -189.369 0.996725 -0.0787547 0.0183305 -114.906 -0.0199696 -0.0200757 0.999599 -0.00617953
-0.078935 -0.996641 -0.0218314 -189.367 0.996711 -0.0793054 0.0166545 -114.897 -0.0183299 -0.020445 0.999623 -0.0106379
-0.0785364 -0.996662 -0.0222707 -189.379 0.996734 -0.0789244 0.0171101 -114.91 -0.0188107 -0.0208542 0.999606 -0.00952595
-0.0789257 -0.996637 -0.0220202 -189.371 0.996704 -0.0793084 0.0170785 -114.919 -0.0187675 -0.0205997 0.999612 -0.0162353
-0.0790673 -0.996611 -0.0226851 -189.356 0.996677 -0.0794784 0.0178307 -114.905 -0.0195733 -0.0211999 0.999584 -0.0205724
-0.0792502 -0.996586 -0.0231506 -189.364 0.996685 -0.0796445 0.0166349 -114.911 -0.0184219 -0.0217555 0.999594 -0.0151021
-0.0788509 -0.996641 -0.0221342 -189.353 0.996703 -0.0792429 0.0174276 -114.908 -0.0191231 -0.020687 0.999603 -0.00467169
-0.0785442 -0.996634 -0.0234795 -189.359 0.996727 -0.0789595 0.0173162 -114.903 -0.0191119 -0.0220426 0.999574 -0.0129934
-0.078572 -0.996633 -0.0234286 -189.367 0.996724 -0.0789879 0.0173863 -114.89 -0.0191783 -0.0219858 0.999574 -0.0191077
-0.0781892 -0.996693 -0.0221309 -189.362 0.996755 -0.0785818 0.0174622 -114.885 -0.0191436 -0.0206938 0.999603 -0.0128094
-0.0782354 -0.996685 -0.0223094 -189.364 0.996777 -0.0786021 0.0160653 -114.895 -0.0177656 -0.0209806 0.999622 -0.00860225
