0.352453 -0.935811 0.00582023 -189.911 0.935678 0.352501 0.0157889 -113.808 -0.0168271 -0.000118999 0.999858 -0.120647
0.352456 -0.93581 0.00577515 -189.904 0.935677 0.352503 0.0158039 -113.803 -0.0168252 -0.00016651 0.999858 -0.129246
0.35235 -0.935851 0.00572526 -189.904 0.935716 0.352397 0.0158611 -113.804 -0.0168612 -0.000231438 0.999858 -0.133846
0.352338 -0.935856 0.00572029 -189.907 0.935721 0.352384 0.0158752 -113.806 -0.0168726 -0.000240828 0.999858 -0.124546
0.352321 -0.935862 0.00576033 -189.907 0.935726 0.352368 0.0159138 -113.808 -0.0169229 -0.000216673 0.999857 -0.127247
0.352358 -0.935848 0.00576955 -189.907 0.935713 0.352405 0.0159024 -113.805 -0.0169155 -0.000204698 0.999857 -0.130946
0.352422 -0.935823 0.00590439 -189.909 0.935688 0.352471 0.0158647 -113.807 -0.0169277 -6.63968e-05 0.999857 -0.129047
0.352407 -0.935828 0.0060026 -189.904 0.935693 0.352458 0.0158615 -113.807 -0.0169593 2.6905e-05 0.999856 -0.128246
0.35231 -0.935863 0.00612785 -189.906 0.935729 0.352363 0.0158537 -113.811 -0.0169961 0.000148604 0.999856 -0.127947
0.352254 -0.935884 0.00614043 -189.9 0.935751 0.352308 0.0158065 -113.809 -0.0169564 0.000178001 0.999856 -0.131546
0.351799 -0.936058 0.00581296 -189.901 0.935923 0.351847 0.015907 -113.807 -0.0169351 -0.000155579 0.999857 -0.123646
0.350549 -0.936524 0.00618488 -189.878 0.936397 0.350603 0.0154166 -113.734 -0.0166065 0.000387221 0.999862 -0.105444
0.347833 -0.937537 0.00602554 -189.718 0.937427 0.347884 0.0144026 -113.327 -0.0155992 0.000638818 0.999878 -0.111832
0.346101 -0.938172 0.00692144 -189.649 0.938072 0.346166 0.0138242 -113.135 -0.0153654 0.00170825 0.99988 -0.103727
0.344642 -0.938701 0.00784034 -189.496 0.93854 0.344729 0.017471 -112.737 -0.0191028 0.00133723 0.999817 -0.118915
0.343392 -0.939139 0.00997701 -189.421 0.938964 0.343524 0.0184135 -112.547 -0.0207201 0.003045 0.999781 -0.0981096
0.341129 -0.939978 0.00846206 -189.274 0.939816 0.341229 0.0175548 -112.141 -0.0193886 0.00196433 0.99981 -0.094398
0.340808 -0.940096 0.00832562 -189.197 0.939919 0.340906 0.0183096 -111.941 -0.0200511 0.00158534 0.999798 -0.0997922
0.341972 -0.939669 0.00885229 -189.155 0.939459 0.342083 0.0198856 -111.838 -0.0217141 0.00151607 0.999763 -0.0847892
0.34007 -0.940353 0.00938852 -189.077 0.940135 0.340195 0.0203375 -111.634 -0.0223184 0.00191028 0.999749 -0.0799832
0.33844 -0.940952 0.00819074 -188.933 0.940789 0.338535 0.0176082 -111.303 -0.0193413 0.00174645 0.999811 -0.0899732
0.337359 -0.94132 0.0102691 -188.85 0.941191 0.337489 0.0161434 -111.08 -0.0186618 0.00421909 0.999817 -0.0868668
0.338237 -0.941003 0.0104546 -188.764 0.940828 0.33838 0.0185093 -110.859 -0.0209549 0.00357545 0.999774 -0.0491604
0.337111 -0.941401 0.0109494 -188.678 0.941259 0.337258 0.0169674 -110.628 -0.0196659 0.00458633 0.999796 -0.0748538
0.336101 -0.941759 0.0112377 -188.552 0.941653 0.336244 0.0151634 -110.288 -0.0180589 0.00548556 0.999822 -0.0484442
0.336888 -0.941484 0.0106618 -188.376 0.941315 0.337035 0.0182864 -109.819 -0.0208097 0.00387567 0.999776 -0.0373308
0.335373 -0.942024 0.010755 -188.276 0.9419 0.335512 0.0160058 -109.582 -0.0186863 0.00476227 0.999814 -0.0404238
0.335003 -0.942132 0.0126675 -188.13 0.942042 0.33517 0.0147808 -109.219 -0.0181712 0.00698169 0.999811 -0.0231132
0.335705 -0.94184 0.0154634 -188.038 0.941779 0.335921 0.014472 -108.975 -0.0188248 0.00970478 0.999776 -0.0554063
0.336421 -0.941552 0.0173506 -187.89 0.941562 0.336639 0.0116456 -108.594 -0.0168059 0.0124189 0.999782 -0.0805954
0.336426 -0.941621 0.0129381 -187.747 0.941651 0.336527 0.00656058 -108.227 -0.0105316 0.00997602 0.999895 -0.052485
0.336436 -0.941642 0.011028 -187.646 0.94167 0.336502 0.00482679 -107.968 -0.00825607 0.00876086 0.999928 -0.0704776
0.336805 -0.941517 0.0103627 -187.55 0.941558 0.336844 0.00213623 -107.714 -0.00550189 0.00903754 0.999944 -0.0551704
0.336635 -0.941599 0.00822622 -187.446 0.941635 0.336617 -0.00349408 -107.446 0.000520942 0.00892233 0.99996 -0.0719628
0.335991 -0.941831 0.00798813 -187.051 0.941774 0.335828 -0.0167911 -106.423 0.0131317 0.0131647 0.999827 -0.068634
0.33713 -0.941449 0.00406342 -186.958 0.941363 0.337032 -0.0156254 -106.182 0.0133411 0.00909297 0.99987 -0.0436272
0.33887 -0.940784 0.00965367 -186.848 0.940786 0.338732 -0.0135332 -105.913 0.00946183 0.013668 0.999862 -0.0511195
0.339301 -0.940649 0.00732346 -186.663 0.940618 0.339182 -0.0138916 -105.406 0.0105831 0.011602 0.999877 -0.0399057
0.340952 -0.940063 0.00574442 -186.569 0.940031 0.340865 -0.012356 -105.141 0.00965738 0.00961274 0.999907 -0.0388985
0.338531 -0.940933 0.00642359 -186.44 0.940909 0.338438 -0.0122836 -104.859 0.00938407 0.0102024 0.999904 -0.0471901
0.339155 -0.940715 0.00545731 -186.318 0.940667 0.339059 -0.013579 -104.552 0.0109236 0.0097389 0.999893 -0.0603815
0.339789 -0.940492 0.00417413 -186.215 0.940457 0.339727 -0.0112203 -104.249 0.00913458 0.00773814 0.999928 -0.0526734
0.33939 -0.940644 0.00162822 -185.845 0.940603 0.339358 -0.0101172 -103.314 0.00896414 0.00496519 0.999947 -0.0283474
0.338721 -0.940859 0.00716589 -185.611 0.940833 0.33861 -0.013301 -102.689 0.0100879 0.0112472 0.999886 -0.0116304
0.340921 -0.940075 0.00572561 -185.303 0.940021 0.340814 -0.0144048 -101.908 0.0115903 0.0102931 0.99988 -0.0221089
0.34088 -0.940072 0.00804069 -185.192 0.940014 0.340714 -0.0169466 -101.606 0.0131915 0.0133351 0.999824 -0.0206008
0.341088 -0.939991 0.00872929 -184.951 0.939951 0.340923 -0.0162128 -100.989 0.0122639 0.0137351 0.99983 -0.036284
0.341349 -0.93992 0.00556176 -184.771 0.939842 0.341225 -0.0161901 -100.533 0.0133196 0.0107537 0.999853 -0.0281715
0.340587 -0.940185 0.00725426 -184.646 0.940116 0.340431 -0.0169884 -100.227 0.0135026 0.0126059 0.999829 -0.015563
0.340743 -0.940123 0.00791444 -184.533 0.940041 0.340558 -0.0185089 -99.9258 0.0147054 0.0137467 0.999797 -0.018855
0.342253 -0.939585 0.00657399 -184.41 0.939522 0.342119 -0.0159004 -99.6241 0.0126907 0.0116184 0.999852 0.00145327
0.34257 -0.939461 0.0077476 -184.279 0.939401 0.342409 -0.0167823 -99.3203 0.0131134 0.0130272 0.999829 -0.00893819
0.345015 -0.93857 0.0071095 -184.001 0.938493 0.344853 -0.0175367 -98.5467 0.0140077 0.0127226 0.999821 -0.0251181
0.34374 -0.93905 0.00523193 -183.82 0.938927 0.343589 -0.0190274 -98.0977 0.0160701 0.0114529 0.999805 -0.0354059
0.344563 -0.938744 0.00597528 -183.412 0.938606 0.344381 -0.0204913 -97.0294 0.0171783 0.012669 0.999772 -0.0215778
0.345313 -0.938461 0.00706363 -183.225 0.938366 0.345137 -0.0187151 -96.5753 0.0151255 0.0130908 0.9998 -0.0328655
0.347029 -0.93784 0.00515737 -182.943 0.937716 0.346879 -0.0190577 -95.8106 0.0160841 0.0114497 0.999805 -0.0339458
0.347122 -0.937807 0.00493161 -182.507 0.937679 0.346974 -0.0191416 -94.7565 0.01624 0.0112687 0.999805 -0.0230175
0.346413 -0.93805 0.00780407 -182.345 0.937941 0.346205 -0.020212 -94.3004 0.0162581 0.0143215 0.999765 0.00599397
0.347296 -0.937646 0.0143304 -182.101 0.937676 0.347026 -0.018366 -93.6775 0.0122478 0.0198157 0.999729 -0.00758983
0.349236 -0.937034 0.00100332 -181.86 0.936876 0.349157 -0.0187617 -93.0632 0.01723 0.00749224 0.999824 -0.0177739
0.348712 -0.937226 0.0029021 -181.623 0.937066 0.348591 -0.0197758 -92.4579 0.0175227 0.00961551 0.9998 -0.0111583
0.350019 -0.936742 0.00129682 -181.509 0.936617 0.349949 -0.0168584 -92.1605 0.0153381 0.00711538 0.999857 -0.0243507
0.350941 -0.93639 0.00385225 -181.204 0.936249 0.350809 -0.0192565 -91.3905 0.0166801 0.0103645 0.999807 -0.00593095
0.350957 -0.93639 0.00174707 -180.979 0.936198 0.350846 -0.0209714 -90.7735 0.0190244 0.00899566 0.999779 -0.0100157
0.351413 -0.93622 0.00140284 -180.847 0.936011 0.351302 -0.0216795 -90.4786 0.019804 0.00893153 0.999764 -0.0328078
0.352278 -0.935872 0.00654826 -180.552 0.935762 0.352101 -0.0193479 -89.7222 0.0158015 0.0129435 0.999791 -0.0161886
0.353773 -0.935318 0.0049483 -180.262 0.935212 0.353638 -0.0178669 -88.9644 0.0149613 0.0109485 0.999828 -0.00476979
0.354693 -0.934975 0.00392708 -180.072 0.934864 0.354577 -0.0174648 -88.5183 0.0149367 0.00986593 0.99984 -0.00315818
0.353999 -0.935232 0.0050475 -179.772 0.93511 0.35385 -0.0189811 -87.7707 0.0159657 0.0114393 0.999807 -0.0298393
0.354998 -0.934848 0.00597149 -179.324 0.934716 0.354819 -0.0202181 -86.5934 0.016782 0.012759 0.999778 -0.00911056
0.354357 -0.93511 0.000182201 -179.086 0.934987 0.354307 -0.016327 -85.994 0.015203 0.00595593 0.999867 -0.00479573
0.355309 -0.934748 0.00101051 -178.983 0.934637 0.355249 -0.0158774 -85.6936 0.0144824 0.00658584 0.999873 0.00601124
0.359614 -0.9331 0.00139153 -178.858 0.933033 0.359569 -0.0126028 -85.394 0.0112593 0.00583049 0.99992 -0.00368123
0.379259 -0.925289 0.00145094 -178.669 0.925191 0.379195 -0.0152803 -84.956 0.0135885 0.0071376 0.999882 0.00222996
0.392936 -0.919565 0.00154303 -178.535 0.919496 0.392885 -0.0130001 -84.6718 0.0113482 0.006527 0.999914 -0.00436251
0.40229 -0.915503 0.00415498 -178.408 0.915445 0.402201 -0.0139738 -84.3774 0.0111219 0.00942516 0.999894 0.00294498
0.413626 -0.910406 0.00862787 -178.197 0.910379 0.413461 -0.0161036 -83.9516 0.0110935 0.0145155 0.999833 0.00625652
0.419314 -0.907785 0.0101319 -178.07 0.90781 0.41918 -0.0129883 -83.6665 0.00754348 0.014644 0.999864 -0.00773618
0.419097 -0.907878 0.010771 -177.931 0.907891 0.418919 -0.01549 -83.3792 0.00955088 0.0162707 0.999822 0.00187148
0.421099 -0.906931 0.0123297 -177.725 0.906934 0.420841 -0.0190797 -82.9451 0.0121151 0.0192167 0.999742 -0.000817082
0.423109 -0.90606 0.00583456 -177.516 0.905981 0.422959 -0.0174453 -82.5363 0.0133387 0.0126672 0.999831 0.00689406
0.426803 -0.904343 -0.00188419 -177.184 0.904212 0.426775 -0.0162464 -81.8409 0.0154965 0.00523032 0.999866 -0.00688769
0.425914 -0.904745 0.00584406 -177.045 0.904648 0.425747 -0.0187684 -81.5603 0.0144926 0.0132806 0.999807 0.00101977
0.410939 -0.911651 0.00474304 -176.274 0.911588 0.410832 -0.0149822 -79.8904 0.01171 0.0104805 0.999876 -0.00773763
0.409538 -0.912289 0.0028896 -176.207 0.912204 0.409451 -0.015319 -79.7552 0.0127922 0.00890961 0.999878 0.00826591
0.412193 -0.911048 0.00940942 -175.575 0.911015 0.411995 -0.0176672 -78.3812 0.012219 0.0158544 0.9998 -0.00499954
0.413064 -0.910694 0.00376548 -175.252 0.910561 0.412925 -0.0192666 -77.6762 0.0159911 0.011387 0.999807 -0.008182
0.413433 -0.910534 -0.00118048 -175.135 0.910418 0.413401 -0.0154307 -77.393 0.0145382 0.00530485 0.99988 0.00172469
0.415176 -0.909727 0.00501011 -174.926 0.909624 0.415028 -0.0183188 -76.9883 0.0145857 0.0121628 0.99982 -0.00446465
0.415519 -0.909567 0.00557584 -174.797 0.909416 0.415316 -0.0218082 -76.7028 0.0175203 0.0141325 0.999747 -0.0157577
0.41733 -0.908729 0.00692535 -174.533 0.908631 0.417134 -0.0197209 -76.1362 0.0150322 0.0145227 0.999782 0.00675639
0.418408 -0.908255 0.00287214 -174.336 0.908091 0.418268 -0.0205579 -75.7206 0.0174705 0.0112098 0.999785 0.0166667
0.419067 -0.907942 0.00488258 -174.155 0.90782 0.418906 -0.0195348 -75.286 0.0156912 0.0126189 0.999797 0.00987685
0.421857 -0.906645 0.00564747 -173.695 0.906556 0.421704 -0.0179525 -74.2976 0.013895 0.0126932 0.999823 0.027601
0.423621 -0.905826 0.00499464 -173.437 0.905703 0.423455 -0.0196796 -73.7015 0.0157113 0.0128603 0.999794 0.051015
0.423374 -0.905951 0.00274918 -173.309 0.905797 0.423241 -0.0199765 -73.4136 0.0169341 0.0109477 0.999797 0.0489218
0.427409 -0.904058 -0.00019808 -172.95 0.903868 0.427323 -0.0204509 -72.7132 0.0185735 0.00856186 0.999791 0.0311396
0.426932 -0.904282 -0.00162801 -172.579 0.90405 0.426862 -0.0219716 -71.9449 0.0205634 0.00790857 0.999757 0.0367584
0.427107 -0.904191 0.00438383 -172.421 0.903995 0.4269 -0.0234578 -71.5903 0.0193388 0.0139819 0.999715 0.0462667
0.429306 -0.903045 -0.0143582 -172.085 0.902969 0.429487 -0.0137068 -70.9134 0.0185445 -0.00708055 0.999803 0.0531834
0.428528 -0.903467 0.0105371 -171.817 0.903339 0.42817 -0.0254739 -70.3262 0.0185032 0.0204349 0.99962 0.0476971
0.43314 -0.901319 0.00364183 -170.946 0.901071 0.432917 -0.025576 -68.5048 0.0214756 0.0143596 0.999666 0.0281405
0.434346 -0.900742 0.00276261 -170.699 0.900566 0.434195 -0.0213533 -67.9664 0.0180343 0.0117626 0.999768 0.0405529
0.434632 -0.900608 -0.000538329 -170.43 0.900412 0.43455 -0.0205914 -67.4095 0.0187788 0.00846498 0.999788 0.040966
0.435272 -0.900294 0.00291857 -170.288 0.900162 0.435147 -0.0188607 -67.0205 0.0157102 0.0108367 0.999818 0.0443739
0.438038 -0.898947 0.00424652 -169.95 0.89881 0.437876 -0.0201432 -66.3363 0.0162482 0.0126403 0.999788 0.0525901
0.440036 -0.897976 0.0027246 -169.553 0.897832 0.439907 -0.0194739 -65.4927 0.0162885 0.0110154 0.999807 0.0573094
0.444887 -0.895577 0.00403525 -168.551 0.895485 0.444765 -0.0170346 -63.396 0.0134611 0.011192 0.999847 0.0638573
0.445072 -0.895491 0.00263913 -168.401 0.895349 0.444945 -0.0193299 -63.0843 0.0161355 0.0109661 0.99981 0.0781644
0.445154 -0.895431 0.00641091 -168.262 0.895309 0.444942 -0.0211701 -62.7711 0.0161038 0.0151637 0.999755 0.0680711
0.447654 -0.894193 0.00500704 -168.186 0.894103 0.447509 -0.0177669 -62.6005 0.0136463 0.0124302 0.99983 0.0534748
0.447078 -0.89448 0.00515456 -167.962 0.894357 0.4469 -0.0201709 -62.1175 0.0157389 0.013628 0.999783 0.0816855
0.447878 -0.894046 0.0093611 -167.665 0.89399 0.447641 -0.0200045 -61.5013 0.0136945 0.0173283 0.999756 0.0601993
0.44886 -0.893556 0.00905973 -167.519 0.893469 0.448594 -0.0218413 -61.1649 0.0154523 0.0178983 0.99972 0.0552064
0.45103 -0.892432 0.0117334 -167.217 0.892416 0.450754 -0.0203554 -60.5299 0.0128769 0.019652 0.999724 0.0679204
0.453638 -0.891132 0.00985901 -166.904 0.891108 0.453423 -0.0182972 -59.9122 0.0118349 0.0170857 0.999784 0.0756344
0.454168 -0.890863 0.00970018 -166.682 0.890822 0.453935 -0.0194905 -59.4368 0.0129601 0.0174931 0.999763 0.0629447
0.45695 -0.889465 0.00699888 -166.229 0.88938 0.456754 -0.0194497 -58.4967 0.0141031 0.0151122 0.999786 0.0592652
0.458303 -0.888766 0.00721333 -166.069 0.888686 0.458105 -0.0194138 -58.1472 0.0139499 0.0153078 0.999786 0.0549726
0.458716 -0.888556 0.00693062 -165.889 0.888452 0.4585 -0.0207608 -57.7905 0.0152695 0.0156808 0.99976 0.0536806
0.460317 -0.887733 0.00619038 -165.62 0.887613 0.460108 -0.0210404 -57.2141 0.01583 0.0151799 0.999759 0.0537928
0.459181 -0.888308 0.00785778 -165.267 0.8882 0.45893 -0.0220114 -56.5015 0.0159467 0.0170865 0.999727 0.0330083
0.462142 -0.886794 0.0046612 -165.084 0.886707 0.462005 -0.0173883 -56.125 0.0132663 0.012169 0.999838 0.0566164
0.463482 -0.886093 0.00479129 -164.724 0.885993 0.46333 -0.0184726 -55.3818 0.0141485 0.0128067 0.999818 0.0695322
0.464772 -0.885428 0.00193197 -164.271 0.885307 0.46467 -0.0177097 -54.4339 0.014783 0.00994139 0.999841 0.0656521
0.465458 -0.885038 0.00752339 -163.991 0.884903 0.465189 -0.0233879 -53.8519 0.0171994 0.0175436 0.999698 0.0583643
0.467519 -0.883943 0.00838941 -163.624 0.883869 0.467285 -0.0205201 -53.0796 0.0142183 0.0170087 0.999754 0.0566802
0.468221 -0.883566 0.00896558 -163.332 0.883526 0.468011 -0.0186317 -52.4862 0.0122663 0.0166451 0.999786 0.0525926
0.468841 -0.883235 0.00914503 -163.142 0.883168 0.468588 -0.0209518 -52.0731 0.0142202 0.0178997 0.999739 0.0704009
0.468152 -0.883573 0.0114877 -162.944 0.883552 0.467869 -0.0208604 -51.6644 0.0130569 0.0199158 0.999716 0.0608093
0.468198 -0.883572 0.00958778 -162.84 0.883516 0.467943 -0.0207266 -51.4588 0.0138269 0.0181751 0.999739 0.0599136
0.469755 -0.882746 0.00944562 -162.526 0.882678 0.46949 -0.0214357 -50.852 0.0144876 0.018407 0.999726 0.0472265
0.469824 -0.882705 0.00987916 -162.433 0.882656 0.469567 -0.0206106 -50.6463 0.0135542 0.0184033 0.999739 0.0590305
0.472435 -0.88135 0.00520164 -161.726 0.881191 0.472217 -0.0226566 -49.2115 0.0175121 0.0152874 0.99973 0.0435598
0.473902 -0.880568 0.00409397 -161.63 0.880443 0.473742 -0.0197086 -48.9894 0.0154153 0.0129444 0.999797 0.0408639
0.477071 -0.878833 0.00747204 -160.711 0.878711 0.47681 -0.0227907 -47.1332 0.0164665 0.0174385 0.999712 0.0278012
0.479071 -0.877741 0.0078634 -159.972 0.877596 0.478773 -0.0245235 -45.6226 0.0177605 0.0186494 0.999668 0.0204308
0.480185 -0.877152 0.00522364 -159.545 0.876934 0.479911 -0.0259177 -44.725 0.0202268 0.017026 0.99965 0.0317479
0.483886 -0.87511 0.00611431 -159.099 0.87491 0.483595 -0.0258433 -43.8107 0.0196589 0.0178547 0.999647 0.0145654
0.485149 -0.874397 0.00775599 -158.76 0.874231 0.484829 -0.0257181 -43.1199 0.0187275 0.0192576 0.999639 0.0218786
0.487288 -0.873213 0.00701954 -158.416 0.873059 0.487006 -0.0243578 -42.4437 0.0178509 0.0179977 0.999679 -0.00200832
0.487638 -0.873034 0.00456269 -158.188 0.872813 0.487381 -0.0256232 -41.9861 0.0201462 0.0164772 0.999661 0.00430039
0.488421 -0.872571 0.00802845 -157.965 0.872432 0.488116 -0.024602 -41.5081 0.0175482 0.0190204 0.999665 0.0161091
0.489431 -0.872033 0.00397982 -157.837 0.871825 0.489203 -0.0245143 -41.2736 0.0194303 0.0154678 0.999692 0.0137138
0.492885 -0.870084 0.00413656 -157.038 0.869948 0.49271 -0.0206942 -39.6242 0.0159676 0.0137985 0.999777 -0.00105602
0.4947 -0.869 0.0104987 -156.562 0.868934 0.494381 -0.0232561 -38.6806 0.0150192 0.0206275 0.999674 -0.0128385
0.497907 -0.867119 0.0138921 -155.971 0.867128 0.497538 -0.0233493 -37.4827 0.0133348 0.023672 0.999631 -0.0359168
0.501624 -0.865063 0.00628064 -155.396 0.864917 0.50137 -0.0234035 -36.3148 0.0170965 0.017172 0.999706 -0.014496
0.504371 -0.863485 0.00178033 -155.171 0.863374 0.504271 -0.0171826 -35.8747 0.0139391 0.0102035 0.999851 -0.029888
0.505798 -0.862575 0.0115115 -154.866 0.862614 0.505605 -0.0161411 -35.2554 0.00810263 0.0180941 0.999803 -0.0353771
0.50794 -0.861229 0.016773 -154.473 0.86131 0.507527 -0.0236893 -34.507 0.0118891 0.0264795 0.999579 -0.0495635
0.508824 -0.860828 0.00858713 -154.264 0.860762 0.508576 -0.0209751 -34.0841 0.0136888 0.0180641 0.999743 -0.0595562
0.508684 -0.860916 0.00806377 -154.182 0.860842 0.508446 -0.0208241 -33.9154 0.0138278 0.0175345 0.999751 -0.0555533
0.512435 -0.858536 0.0180509 -153.811 0.858571 0.51183 -0.0297467 -33.1704 0.0162996 0.0307412 0.999394 -0.0567404
0.512411 -0.858707 0.00759639 -153.734 0.858567 0.51211 -0.0246232 -33.0056 0.0172539 0.0191392 0.999668 -0.0326377
0.51625 -0.856388 0.00918402 -153.463 0.856227 0.515855 -0.0277373 -32.4936 0.0190163 0.022183 0.999573 -0.0537285
0.517603 -0.855618 -0.00236209 -153.379 0.855322 0.517493 -0.0249924 -32.308 0.0226063 0.0109158 0.999685 -0.0230256
0.518412 -0.855128 0.00226122 -153.21 0.854918 0.518222 -0.0237061 -31.9632 0.0190999 0.0142227 0.999716 -0.0313197
0.519653 -0.854376 0.00170044 -153.172 0.85415 0.519468 -0.0240935 -31.8908 0.0197015 0.0139727 0.999708 -0.0216185
0.517364 -0.854586 -0.044902 -153.131 0.855476 0.517842 0.0011615 -31.826 0.0222595 -0.0390135 0.998991 0.0173828
0.519301 -0.851297 -0.0749703 -153.029 0.854414 0.518979 0.025245 -31.5961 0.0174171 -0.0771654 0.996866 0.0209864
0.513741 -0.854361 0.0783496 -152.763 0.857791 0.509765 -0.06584 -31.0502 0.0163112 0.101032 0.994749 -0.0309045
0.515102 -0.857124 0.00297252 -152.616 0.856986 0.514949 -0.0200459 -30.7638 0.0156511 0.0128731 0.999795 -0.0413996
0.517649 -0.855592 0.00143975 -152.377 0.855406 0.517499 -0.0217936 -30.2769 0.0179014 0.012513 0.999761 -0.0200915
0.518385 -0.85513 0.00540804 -152.075 0.854964 0.518132 -0.0240102 -29.7302 0.0177297 0.0170702 0.999697 -0.0282817
0.518928 -0.85481 0.00360425 -151.764 0.854685 0.518769 -0.0198234 -29.1058 0.0150755 0.0133674 0.999797 -0.0301714
0.520331 -0.853919 0.00882299 -150.544 0.8538 0.52 -0.025019 -26.6679 0.0167763 0.0205512 0.999648 -0.0454318
0.523071 -0.852236 0.00954469 -149.176 0.852133 0.522727 -0.0250229 -23.9648 0.0163362 0.0212221 0.999641 -0.0631889
0.525913 -0.850533 0.00313716 -148.538 0.850345 0.525711 -0.0232798 -22.7305 0.018151 0.0149108 0.999724 -0.0581695
0.525277 -0.850923 0.00369855 -148.043 0.850786 0.525101 -0.0207846 -21.7697 0.015744 0.0140643 0.999777 -0.0800546
0.526224 -0.850339 0.00347676 -147.797 0.850125 0.52599 -0.0249251 -21.2883 0.019366 0.0160718 0.999683 -0.0749473
0.524861 -0.851185 0.00236593 -147.552 0.850912 0.524618 -0.0269156 -20.8277 0.0216689 0.0161401 0.999635 -0.0810401
0.526614 -0.850092 0.0046272 -147.429 0.849833 0.5263 -0.0281236 -20.5927 0.0214723 0.0187426 0.999594 -0.0738365
0.532415 -0.846471 -0.00459387 -147.202 0.846246 0.532387 -0.0208016 -20.1409 0.0200536 0.00718754 0.999773 -0.0812298
0.564355 -0.825532 -0.000577889 -146.482 0.82527 0.564193 -0.0248102 -18.8366 0.0208076 0.0135248 0.999692 -0.0602092
0.567184 -0.823582 0.00389699 -146.23 0.82342 0.566964 -0.0230488 -18.4132 0.0167732 0.0162818 0.999727 -0.0493022
0.568286 -0.822827 0.00273406 -145.863 0.822567 0.568016 -0.0272449 -17.7655 0.0208649 0.0177319 0.999625 -0.063192
0.568985 -0.822346 -0.0020764 -145.614 0.822163 0.568908 -0.0197656 -17.3465 0.0174354 0.00953916 0.999802 -0.0749851
0.589639 -0.807662 0.00273076 -144.489 0.807408 0.589361 -0.0273012 -15.4636 0.0204407 0.0183027 0.999624 -0.0572547
0.592378 -0.805659 0.0012906 -144.301 0.805353 0.592108 -0.0285383 -15.1546 0.022228 0.0179449 0.999592 -0.0531496
0.595726 -0.80318 0.00351688 -144.021 0.802967 0.595454 -0.0260457 -14.7159 0.0188253 0.01834 0.999655 -0.0751423
0.597408 -0.801934 0.00247387 -143.836 0.801671 0.597127 -0.027615 -14.4087 0.0206682 0.0184807 0.999616 -0.0693374
0.598389 -0.8012 0.00291827 -143.529 0.800948 0.598101 -0.0275185 -13.9332 0.0203024 0.0188042 0.999617 -0.0959294
0.59992 -0.800057 0.00209934 -143.097 0.799804 0.59966 -0.026855 -13.2639 0.0202267 0.0177899 0.999637 -0.0847183
0.603398 -0.797024 0.0257425 -142.059 0.797298 0.602367 -0.0383368 -11.5516 0.0150489 0.0436568 0.998933 -0.104792
0.603267 -0.797451 0.0118971 -141.887 0.797397 0.60281 -0.0279008 -11.2801 0.0150779 0.0263183 0.99954 -0.104487
0.605294 -0.795986 0.00504846 -141.755 0.795743 0.604922 -0.0293795 -11.0887 0.0203317 0.0218005 0.999556 -0.117084
0.608187 -0.793769 0.00620429 -141.616 0.793577 0.607821 -0.0280892 -10.8743 0.0185253 0.0220071 0.999586 -0.123381
0.603799 -0.795057 -0.0575366 -141.286 0.796948 0.603652 0.0218766 -10.3448 0.0173389 -0.0590627 0.998104 -0.0545725
0.609546 -0.789657 0.0699657 -140.949 0.792581 0.60521 -0.0744098 -9.7705 0.0164143 0.10081 0.99477 -0.0724642
0.611236 -0.791435 0.00462354 -140.801 0.791289 0.610986 -0.0236263 -9.54072 0.0158738 0.0180998 0.99971 -0.0812605
0.613768 -0.789479 0.00338836 -140.483 0.78932 0.613544 -0.0231848 -9.04883 0.016225 0.0169046 0.999725 -0.109453
0.614198 -0.789141 0.00427738 -140.2 0.788984 0.613946 -0.0239793 -8.61319 0.0162969 0.0181028 0.999703 -0.117346
0.616439 -0.787395 0.0036077 -139.488 0.787272 0.616246 -0.0210946 -7.49043 0.0143865 0.0158437 0.999771 -0.104829
0.619212 -0.785221 0.00202869 -138.762 0.785109 0.619076 -0.0186727 -6.36501 0.0134063 0.0131551 0.999824 -0.118412
0.621322 -0.783555 0.000669985 -138.278 0.783366 0.621152 -0.022522 -5.64389 0.0172311 0.0145183 0.999746 -0.134301
0.633616 -0.773647 0.00098596 -137.903 0.773459 0.633433 -0.0228811 -5.07249 0.0170774 0.0152604 0.999738 -0.126092
0.710344 -0.703849 0.00292562 -135.877 0.703693 0.710085 -0.0244118 -2.37771 0.0151048 0.0193995 0.999698 -0.130447
0.725005 -0.688743 -0.000929326 -135.439 0.68855 0.724832 -0.0227655 -1.91893 0.0163532 0.0158652 0.99974 -0.153338
0.733655 -0.67952 -0.00192957 -135.163 0.679352 0.733531 -0.0203311 -1.58484 0.0152308 0.0136051 0.999791 -0.130332
0.738604 -0.674138 -0.00173207 -134.699 0.673907 0.738413 -0.0244011 -1.08807 0.0177287 0.0168555 0.999701 -0.148822
0.743596 -0.668622 -0.00316426 -134.043 0.66843 0.743481 -0.0209009 -0.344474 0.0163274 0.0134268 0.999777 -0.147208
0.744578 -0.667533 -0.00193535 -133.687 0.667344 0.744431 -0.0217999 0.0253861 0.0159929 0.0149402 0.999761 -0.1598
0.748196 -0.663325 -0.0142242 -133.139 0.663203 0.748331 -0.0127402 0.60476 0.0190953 9.86657e-05 0.999818 -0.145589
0.750392 -0.660978 -0.00439991 -132.753 0.660621 0.750177 -0.0285484 1.03874 0.0221706 0.0185158 0.999583 -0.151081
0.770636 -0.637224 -0.00818146 -131.98 0.636736 0.770447 -0.0312814 1.82729 0.0262367 0.0188972 0.999477 -0.148265
0.828424 -0.560081 -0.00471231 -130.935 0.559827 0.828253 -0.0242909 2.734 0.0175079 0.0174851 0.999694 -0.150844
0.84576 -0.533533 -0.00573943 -130.495 0.533323 0.845652 -0.0209473 3.07308 0.0160296 0.0146554 0.999764 -0.148735
0.933918 -0.35737 -0.00916815 -127.491 0.357151 0.933845 -0.0194293 4.82758 0.0155051 0.014871 0.999769 -0.179775
0.97035 -0.241344 -0.0131598 -124.342 0.241083 0.970323 -0.0187789 6.04434 0.0173014 0.0150495 0.999737 -0.163314
0.972727 -0.231642 -0.0120004 -123.862 0.231515 0.972768 -0.0110525 6.21719 0.0142339 0.00797273 0.999867 -0.156905
0.981685 -0.190097 -0.0125716 -123.123 0.189981 0.981738 -0.0098873 6.4504 0.0142215 0.00731786 0.999872 -0.148391
0.993027 -0.117785 0.00488819 -122.106 0.117817 0.99301 -0.00705823 6.70343 -0.00402267 0.00758493 0.999963 -0.149972
0.997136 -0.0745587 0.0127061 -120.839 0.0747416 0.997096 -0.014587 6.93464 -0.0115816 0.0154949 0.999813 -0.157348
0.998354 -0.0558909 0.0128766 -119.826 0.0560354 0.998366 -0.0111528 7.09055 -0.0122322 0.011856 0.999855 -0.168429
0.999482 -0.030623 -0.00988491 -117.77 0.0305651 0.999515 -0.00596295 7.37181 0.0100627 0.00565773 0.999933 -0.135891
0.999851 -0.0167727 -0.00399676 -116.744 0.0167318 0.999809 -0.0100531 7.51133 0.00416462 0.00998471 0.999941 -0.126972
0.999928 -0.0100375 -0.00658496 -116.217 0.0099421 0.999847 -0.0143704 7.56149 0.0067282 0.0143039 0.999875 -0.133163
0.999788 0.0164675 -0.0123577 -115.431 -0.0166531 0.999748 -0.0150685 7.61962 0.0121064 0.0152711 0.99981 -0.130349
0.999171 0.0385622 -0.013068 -114.896 -0.0387605 0.999132 -0.0152702 7.65295 0.0124678 0.0157641 0.999798 -0.137939
0.995268 0.0957242 -0.0167084 -113.578 -0.096005 0.995237 -0.0168979 7.6639 0.0150113 0.0184221 0.999718 -0.144515
0.993839 0.10981 -0.0150212 -113.07 -0.110047 0.993798 -0.015982 7.66655 0.013173 0.0175366 0.999759 -0.135206
0.993018 0.117192 -0.0134326 -112.261 -0.11745 0.992871 -0.0203265 7.65005 0.0109547 0.0217622 0.999703 -0.156792
0.989982 0.140003 -0.0182686 -110.645 -0.140484 0.989676 -0.0283904 7.58902 0.0141052 0.0306725 0.99943 -0.158964
0.988857 0.148246 -0.0136274 -109.055 -0.14846 0.988784 -0.0163344 7.50396 0.011053 0.0181755 0.999774 -0.155436
0.986828 0.160939 -0.0164293 -108.511 -0.161109 0.98689 -0.00956862 7.46343 0.014674 0.0120895 0.999819 -0.186827
0.985142 0.171042 -0.0154676 -107.971 -0.171325 0.985026 -0.0192818 7.40706 0.011938 0.0216453 0.999694 -0.192018
0.984059 0.17663 -0.0207059 -107.43 -0.177024 0.984023 -0.0190214 7.36509 0.0170153 0.0223836 0.999605 -0.180009
0.968143 0.249815 -0.0170973 -105.331 -0.249952 0.968237 -0.00640467 7.07051 0.0149542 0.0104741 0.999833 -0.171273
0.966927 0.254313 -0.0194277 -104.548 -0.254548 0.967001 -0.0107141 6.93585 0.0160619 0.015305 0.999754 -0.18866
0.966347 0.257128 -0.00761132 -102.764 -0.257161 0.966361 -0.0038314 6.61536 0.00637012 0.0056598 0.999964 -0.150031
0.919234 0.393674 -0.00538324 -100.001 -0.393705 0.919212 -0.00676944 5.92899 0.00228339 0.0083421 0.999963 -0.144586
0.892899 0.450197 -0.00739292 -99.0404 -0.450246 0.892874 -0.00736231 5.54661 0.00328646 0.00990243 0.999946 -0.133271
0.878803 0.477074 -0.0103239 -97.6638 -0.477162 0.878768 -0.00909072 4.92946 0.00473541 0.0129151 0.999905 -0.121249
0.877702 0.47912 -0.00912958 -97.2055 -0.479188 0.877678 -0.00777651 4.72791 0.00428694 0.0112002 0.999928 -0.131642
0.875734 0.482611 -0.0132979 -95.5893 -0.482734 0.875726 -0.00841292 3.9925 0.00758519 0.0137868 0.999876 -0.0958172
0.873649 0.486191 -0.0188782 -92.3293 -0.486369 0.873732 -0.00613662 2.50582 0.0135109 0.014543 0.999803 -0.101268
0.873139 0.487289 -0.0133695 -91.8789 -0.487289 0.873234 0.00342544 2.2962 0.0133439 0.00352395 0.999905 -0.101162
0.872471 0.488467 -0.0139249 -90.9448 -0.488514 0.872556 1.11104e-05 1.86686 0.0121557 0.00679283 0.999903 -0.0982483
0.872198 0.488929 -0.0147747 -90.0103 -0.489011 0.872275 -0.00228963 1.42601 0.0117681 0.00922197 0.999888 -0.099035
0.872486 0.488483 -0.0123613 -87.9068 -0.488599 0.87246 -0.00922625 0.470775 0.00627788 0.0140895 0.999881 -0.0875055
0.872159 0.489111 -0.010474 -87.4474 -0.489202 0.87212 -0.00938346 0.267015 0.00454504 0.0133078 0.999901 -0.0713992
0.880297 0.474349 -0.00841341 -84.1665 -0.47442 0.880216 -0.0120293 -1.23638 0.00169956 0.0145808 0.999892 -0.106555
0.889185 0.457525 -0.00451178 -83.699 -0.457547 0.889127 -0.0102075 -1.43316 -0.000658663 0.0111407 0.999938 -0.104149
0.891976 0.452033 -0.00670889 -83.2326 -0.45208 0.891926 -0.00959082 -1.63614 0.00164847 0.0115877 0.999932 -0.095243
0.900446 0.434943 -0.00468083 -82.5269 -0.434968 0.900407 -0.00836283 -1.90203 0.000577289 0.00956629 0.999954 -0.0981339
0.91144 0.411418 -0.00351756 -82.0579 -0.411433 0.911401 -0.00845214 -2.06625 -0.000271458 0.00915086 0.999958 -0.0837279
0.919443 0.393222 0.000742872 -81.595 -0.393205 0.919418 -0.00777054 -2.22317 -0.00373856 0.00685247 0.99997 -0.0858221
0.924249 0.38178 0.00276113 -81.1251 -0.381739 0.924219 -0.00977575 -2.36603 -0.00628408 0.0079812 0.999948 -0.0661161
0.928277 0.37185 0.00548106 -80.1896 -0.371812 0.928283 -0.00679148 -2.67898 -0.00761338 0.00426645 0.999962 -0.0580044
0.931444 0.363723 0.0108953 -78.2649 -0.363679 0.931506 -0.00581682 -3.29181 -0.0122648 0.00145564 0.999924 -0.0467808
0.931451 0.363663 0.0121382 -77.7829 -0.363621 0.93153 -0.00562986 -3.4505 -0.0133544 0.000830245 0.99991 -0.028575
0.932231 0.361715 0.0103505 -77.0632 -0.361654 0.932284 -0.00729379 -3.68083 -0.0122878 0.00305622 0.99992 -0.00506639
0.933015 0.359783 0.00626616 -76.5649 -0.359721 0.933014 -0.00921076 -3.84052 -0.00916029 0.0063397 0.999938 -0.0238605
0.937904 0.346859 0.00507891 -75.8569 -0.34681 0.937896 -0.0085677 -4.06167 -0.00773528 0.00627426 0.99995 -0.00585217
0.949293 0.314388 0.00170638 -75.3733 -0.314355 0.94925 -0.0102702 -4.19865 -0.00484859 0.00921299 0.999946 0.0113535
0.966855 0.255278 0.00487109 -74.4037 -0.255251 0.966859 -0.00555843 -4.38414 -0.0061286 0.00413085 0.999973 -0.0170353
0.969231 0.246115 0.00433835 -73.6873 -0.246053 0.969189 -0.0114393 -4.54726 -0.00702007 0.0100199 0.999925 -0.00172708
0.971149 0.238396 0.00602137 -72.708 -0.23832 0.971122 -0.0111881 -4.74493 -0.00851468 0.00943028 0.999919 -0.00141599
0.971821 0.235692 0.00376902 -71.7314 -0.235636 0.971773 -0.0115147 -4.94438 -0.00637655 0.0103021 0.999927 0.0231949
0.972141 0.234365 0.00378726 -70.9754 -0.234333 0.972129 -0.00727014 -5.05268 -0.00538557 0.00618012 0.999966 0.00990328
0.978006 0.208565 0.00207103 -70.0009 -0.208541 0.977976 -0.00861855 -5.21669 -0.00382295 0.00799711 0.999961 -0.0118861
0.980067 0.198619 0.0043878 -68.7655 -0.198536 0.979983 -0.0147154 -5.41447 -0.00722272 0.013551 0.999882 -0.00657282
0.981012 0.19374 0.00898811 -67.5568 -0.193575 0.980945 -0.0166047 -5.5952 -0.0120338 0.0145495 0.999822 -0.0171601
0.957316 0.287899 0.0257131 -65.9653 -0.288216 0.957518 0.00953369 -5.92686 -0.0218761 -0.0165377 0.999624 0.0343563
0.895153 0.445121 0.0238417 -65.1861 -0.445412 0.895286 0.00842982 -6.26484 -0.0175929 -0.0181653 0.99968 0.057464
0.827667 0.561171 0.00735963 -64.6211 -0.561182 0.827692 -0.000654498 -6.64766 -0.00645879 -0.00358839 0.999973 0.0626693
0.695117 0.718829 0.0098686 -63.8338 -0.718868 0.695147 0.000633892 -7.36978 -0.00640446 -0.00753485 0.999951 0.0774764
0.593003 0.805166 0.00746009 -63.4077 -0.805191 0.593014 0.000856571 -7.91738 -0.00373426 -0.00651475 0.999972 0.08208
0.501978 0.864878 0.00197127 -63.0597 -0.86488 0.501974 0.00199477 -8.52234 0.00073571 -0.00270624 0.999996 0.0876827
0.442391 0.896822 -0.000459157 -62.9201 -0.896817 0.44239 0.00328416 -8.81248 0.00314843 -0.0010411 0.999995 0.133384
0.263764 0.964587 -0.000117502 -62.5831 -0.964587 0.263764 -0.000240865 -9.84012 -0.000201342 0.000176872 1 0.125885
0.208143 0.978097 0.00173854 -62.5127 -0.978098 0.208142 0.000810966 -10.1913 0.000431341 -0.00186926 0.999998 0.127786
0.114916 0.993368 0.00372602 -62.4534 -0.993373 0.114907 0.00254402 -10.7167 0.002099 -0.00399368 0.99999 0.152885
-0.00163305 0.999998 -0.00145677 -62.4322 -0.999997 -0.00163054 0.00167288 -11.4289 0.0016705 0.0014595 0.999998 0.173084
-0.0599036 0.9982 -0.00305186 -62.4613 -0.998204 -0.0599021 0.000599434 -11.7845 0.000415542 0.00308229 0.999995 0.139783
-0.113433 0.993535 0.00467281 -62.5232 -0.993531 -0.113456 0.004974 -12.3128 0.00547199 -0.00407837 0.999977 0.159782
-0.127223 0.991863 0.00460735 -62.5791 -0.991871 -0.127233 0.00182026 -12.8435 0.00239165 -0.00433832 0.999988 0.16708
-0.137878 0.990371 -0.0124727 -62.7082 -0.990434 -0.137796 0.0071882 -13.8368 0.0054003 0.0133445 0.999896 0.173277
-0.137918 0.990444 2.28297e-05 -62.7727 -0.990423 -0.137915 0.00652972 -14.4369 0.00647047 0.000877954 0.999979 0.170475
-0.137606 0.990446 -0.00899435 -62.8269 -0.990481 -0.137568 0.00470347 -14.8447 0.0034212 0.00955596 0.999949 0.171073
-0.137939 0.990312 -0.0159579 -63.041 -0.990409 -0.137786 0.0102945 -16.4649 0.00799599 0.0172249 0.99982 0.180767
-0.137879 0.990266 -0.0190678 -63.1494 -0.990443 -0.137786 0.0061446 -17.29 0.00345751 0.0197327 0.999799 0.184764
-0.138787 0.99019 -0.0161604 -63.2029 -0.990315 -0.138704 0.00618996 -17.7154 0.00388773 0.016863 0.99985 0.183662
-0.074788 0.99708 -0.0154121 -63.3824 -0.997189 -0.0747092 0.00562761 -19.5277 0.00445976 0.0157897 0.999865 0.190355
-0.0473208 0.998821 -0.0107961 -63.3951 -0.998862 -0.0472533 0.00644288 -20.1184 0.00592514 0.0110887 0.999921 0.189453
-0.0436398 0.999009 -0.00881455 -63.4138 -0.999014 -0.0435642 0.00858921 -20.7436 0.0081967 0.00918069 0.999924 0.184251
-0.0373008 0.999192 -0.0149761 -63.4373 -0.99925 -0.0371391 0.0109371 -21.5967 0.010372 0.0153728 0.999828 0.179848
-0.0307487 0.999495 -0.00806798 -63.4618 -0.999492 -0.0306784 0.00870192 -22.4576 0.00845001 0.00833145 0.99993 0.193345
-0.0302545 0.999484 -0.0107958 -63.4787 -0.999498 -0.0301504 0.00967753 -22.8977 0.00934703 0.0110832 0.999895 0.173043
-0.0293988 0.999512 -0.0105794 -63.5018 -0.999539 -0.0293161 0.00789212 -23.7901 0.00757812 0.0108065 0.999913 0.174539
-0.0272127 0.999539 -0.013495 -63.5043 -0.999598 -0.027102 0.00832446 -24.4597 0.00795488 0.0137162 0.999874 0.191637
-0.00895762 0.999856 -0.0144223 -63.5087 -0.999955 -0.00891089 0.00330563 -25.4746 0.00317664 0.0144513 0.999891 0.206633
-0.00900126 0.999863 -0.013897 -63.5069 -0.999954 -0.00895464 0.00341056 -26.8597 0.00328565 0.013927 0.999898 0.194227
-0.00862813 0.999863 -0.0141291 -63.5104 -0.99995 -0.00855672 0.00510999 -27.8031 0.0049884 0.0141724 0.999887 0.203023
-0.00849378 0.999835 -0.0160794 -63.5162 -0.999958 -0.00843918 0.00345927 -28.299 0.003323 0.0161081 0.999865 0.194621
-0.00948048 0.999769 -0.0192825 -63.5089 -0.999955 -0.00946283 0.00100748 -28.7927 0.000824783 0.0192912 0.999814 0.194819
-0.00813663 0.999886 -0.0126937 -63.5211 -0.999965 -0.0081085 0.00226707 -29.5206 0.00216389 0.0127117 0.999917 0.207615
-0.00787044 0.999905 -0.0113506 -63.5228 -0.999969 -0.00785971 0.000993518 -30.0114 0.000904211 0.0113581 0.999935 0.214413
-0.00674975 0.999882 -0.0137681 -63.5245 -0.999976 -0.00672662 0.00172366 -30.5142 0.00163084 0.0137794 0.999904 0.21441
-0.00662982 0.999895 -0.012853 -63.518 -0.999969 -0.00657403 0.00438184 -31.7948 0.00429689 0.0128817 0.999908 0.198804
-0.00578678 0.999875 -0.0147192 -63.5283 -0.999962 -0.00568986 0.00662316 -32.538 0.00653858 0.0147569 0.99987 0.191
0.00141668 0.999839 -0.0179019 -63.5241 -0.999972 0.00154752 0.00729655 -33.0475 0.00732308 0.017891 0.999813 0.208798
0.00448054 0.999935 -0.0104781 -63.5291 -0.999947 0.00457674 0.00918046 -34.028 0.00922782 0.0104364 0.999903 0.207293
0.00539875 0.999881 -0.0144521 -63.5249 -0.99993 0.00555032 0.0104684 -34.5271 0.0105473 0.0143946 0.999841 0.19899
0.00804257 0.999926 -0.00914357 -63.5186 -0.999946 0.00810283 0.00656907 -35.7471 0.00664267 0.00909024 0.999937 0.210083
0.00641721 0.999888 -0.0134893 -63.5204 -0.999948 0.00652361 0.00786127 -36.509 0.0079484 0.0134382 0.999878 0.219479
0.00756085 0.999925 -0.00969164 -63.526 -0.999952 0.00762075 0.00616063 -37.2264 0.00623403 0.00964459 0.999934 0.222475
0.0104284 0.999794 -0.0174128 -63.5177 -0.999928 0.0105315 0.00584371 -38.7407 0.0060259 0.0173506 0.999831 0.216166
0.0103048 0.999821 -0.0158758 -63.5196 -0.99992 0.0104189 0.00712074 -39.2417 0.00728487 0.0158011 0.999849 0.203763
0.0102214 0.999787 -0.017931 -63.505 -0.999928 0.0103316 0.00606059 -40.0037 0.00624456 0.0178678 0.999821 0.223658
0.00918353 0.999864 -0.0137313 -63.5182 -0.999928 0.00928777 0.00754615 -40.99 0.00767265 0.013661 0.999877 0.221051
0.0092569 0.999797 -0.0179042 -63.5324 -0.999895 0.00945437 0.0109769 -41.7324 0.011144 0.0178007 0.999779 0.172346
0.00702381 0.999757 -0.0208975 -63.5369 -0.99991 0.00726122 0.0113082 -43.4343 0.0114572 0.0208162 0.999718 0.173135
0.00386208 0.999855 -0.0165976 -63.5273 -0.999944 0.00402534 0.00981484 -44.3631 0.00988023 0.0165588 0.999814 0.190129
0.00706595 0.999638 -0.0259765 -63.5278 -0.999928 0.00731593 0.00954164 -44.8233 0.00972822 0.0259072 0.999617 0.194225
0.00397462 0.999836 -0.0176817 -63.5229 -0.999944 0.00414664 0.00970276 -45.2816 0.00977448 0.0176422 0.999797 0.185522
0.00277746 0.999908 -0.0132576 -63.5279 -0.99997 0.00287241 0.00714527 -45.9738 0.0071827 0.0132374 0.999887 0.202317
0.00270319 0.999868 -0.0160355 -63.5331 -0.999971 0.00281674 0.00706103 -47.1759 0.00710527 0.016016 0.999847 0.190908
0.00276697 0.999917 -0.0125674 -63.54 -0.999978 0.00284266 0.00600878 -47.6378 0.00604401 0.0125505 0.999903 0.167405
0.00565511 0.999731 -0.0224901 -63.5488 -0.999951 0.00583559 0.00796818 -49.2636 0.00809728 0.0224439 0.999715 0.172992
0.00547606 0.999729 -0.0226219 -63.5654 -0.999937 0.00569725 0.00972544 -49.7294 0.00985169 0.0225672 0.999697 0.168089
0.00496101 0.999756 -0.0215276 -63.5721 -0.999824 0.00534898 0.0180019 -50.3941 0.0181126 0.0214345 0.999606 0.166283
0.00120395 0.999776 -0.021115 -63.6038 -0.999591 0.0018065 0.028541 -51.7681 0.0285727 0.021072 0.99937 0.165972
0.000972271 0.999833 -0.0182749 -63.6143 -0.999576 0.00150353 0.0290813 -52.4362 0.0291039 0.0182389 0.99941 0.165066
-0.00178266 0.999966 -0.00801043 -63.6379 -0.999446 -0.00151551 0.0332413 -53.316 0.0332281 0.00806525 0.999415 0.157759
0.0506586 0.998713 -0.0026252 -63.5905 -0.998496 0.0507024 0.0208509 -53.9598 0.0209572 0.00156498 0.999779 0.162954
0.0924745 0.995711 -0.00294075 -63.551 -0.995613 0.0925069 0.0140386 -54.3831 0.0142504 0.00162963 0.999897 0.18135
0.266404 0.96383 -0.00777376 -63.153 -0.963748 0.266488 0.0131822 -56.0703 0.014777 0.00398017 0.999883 0.18074
0.270697 0.962544 -0.01524 -62.9884 -0.962503 0.270908 0.0140524 -56.7137 0.0176547 0.0108646 0.999785 0.169236
0.274332 0.96153 -0.0142161 -62.8144 -0.961509 0.274506 0.0121156 -57.3685 0.015552 0.0103452 0.999826 0.171831
0.27973 0.959932 -0.0167595 -62.5786 -0.959975 0.279913 0.00979226 -58.2438 0.0140911 0.0133496 0.999812 0.173826
0.2826 0.959017 -0.0206065 -62.4619 -0.959124 0.282831 0.00931428 -58.689 0.0147607 0.017132 0.999744 0.163023
0.281903 0.959326 -0.0149643 -62.2202 -0.959378 0.282031 0.00725364 -59.555 0.011179 0.0123116 0.999862 0.183017
0.282274 0.959209 -0.0154948 -62.0956 -0.959296 0.28237 0.00437574 -59.988 0.00857253 0.013629 0.99987 0.188014
0.283757 0.958742 -0.0172127 -61.98 -0.958847 0.283878 0.00498198 -60.4323 0.00966273 0.0150907 0.999839 0.153511
0.284938 0.958339 -0.019901 -61.6893 -0.958444 0.285149 0.00863297 -61.4941 0.0139481 0.0166141 0.999765 0.148504
0.280504 0.959698 -0.0172557 -61.5833 -0.959765 0.280676 0.00849135 -61.9117 0.0129924 0.0141796 0.999815 0.161601
0.230077 0.97305 -0.0154242 -61.2813 -0.973108 0.230216 0.00790512 -63.2161 0.011243 0.0131906 0.99985 0.183291
0.0922096 0.995538 -0.0200213 -61.2053 -0.995681 0.0924031 0.00896187 -64.303 0.0107719 0.0191085 0.999759 0.157881
0.0698007 0.997289 -0.0232793 -61.1951 -0.997509 0.0700161 0.00857232 -64.7363 0.010179 0.022623 0.999692 0.131876
0.0463479 0.998707 -0.0208914 -61.1554 -0.998918 0.0464154 0.00275699 -66.5516 0.00372311 0.020741 0.999778 0.115358
0.0119073 0.999765 -0.0181125 -61.1498 -0.999917 0.0119941 0.00469042 -68.5285 0.00490655 0.0180552 0.999825 0.133937
0.0256619 0.999505 -0.0181988 -61.1606 -0.999656 0.0257548 0.0048914 -70.0543 0.00535768 0.018067 0.999822 0.13392
0.0412874 0.998991 -0.0176876 -61.1381 -0.99914 0.0413463 0.00298058 -70.9288 0.00370889 0.0175493 0.999839 0.119811
0.0597677 0.998149 -0.0112657 -61.1198 -0.998196 0.0598283 0.00512423 -71.3835 0.00578875 0.0109391 0.999923 0.110706
0.0625159 0.997774 -0.0232026 -61.0887 -0.998035 0.0625944 0.00267292 -72.0438 0.00411932 0.0229899 0.999727 0.130899
0.0648921 0.997734 -0.0177709 -61.0436 -0.997891 0.0649097 0.000414174 -72.9667 0.00156674 0.0177065 0.999842 0.126788
0.0671216 0.997735 -0.00437769 -60.9891 -0.997732 0.0671423 0.0047824 -74.3847 0.0050655 0.00404676 0.999979 0.108573
0.0634918 0.997719 -0.0229322 -60.982 -0.997969 0.063592 0.00366749 -74.8319 0.00511743 0.0226528 0.99973 0.109967
0.0639675 0.997714 -0.0217917 -60.9255 -0.997944 0.0640365 0.00248015 -76.0127 0.00386994 0.0215883 0.999759 0.108854
0.065549 0.997705 -0.016956 -60.8951 -0.997841 0.0656072 0.00290456 -76.5482 0.00401033 0.016729 0.999852 0.111348
0.0671945 0.99766 -0.0126333 -60.8694 -0.997733 0.0672354 0.00284005 -77.0463 0.00368281 0.0124138 0.999916 0.0884419
0.0657058 0.997667 -0.0185115 -60.8583 -0.997829 0.065778 0.00331872 -77.5574 0.00452863 0.0182532 0.999823 0.0684358
0.065607 0.997721 -0.0157472 -60.8482 -0.997834 0.0656748 0.0038227 -78.321 0.00484818 0.0154623 0.999869 0.0560265
0.0681282 0.997493 -0.0191147 -60.8161 -0.997676 0.068135 -0.000294241 -79.5566 0.00100888 0.0190903 0.999817 0.0642114
0.0663871 0.997657 -0.0165584 -60.7505 -0.997789 0.0663258 -0.00421764 -80.5763 -0.0031095 0.0168018 0.999854 0.0639992
0.0611292 0.997936 -0.0196587 -60.7347 -0.998097 0.0609565 -0.0092666 -81.5762 -0.00804915 0.0201877 0.999764 0.0657866
0.0521949 0.998458 -0.0189263 -60.7243 -0.998598 0.0520153 -0.00986113 -82.102 -0.00886146 0.0194144 0.999772 0.00937987
0.0232509 0.999522 -0.020352 -60.7258 -0.999704 0.0230996 -0.00763684 -82.599 -0.00716307 0.0205235 0.999764 0.0480734
0.0053857 0.999816 -0.0183887 -60.7312 -0.99997 0.00528127 -0.00572287 -83.0741 -0.00562471 0.018419 0.999815 0.0530672
0.0310282 0.999334 -0.0192006 -60.7281 -0.999516 0.0309807 -0.00276538 -83.7918 -0.00216869 0.0192771 0.999812 0.0582577
0.042532 0.998886 -0.0204385 -60.7419 -0.999093 0.0425638 0.00112276 -85.941 0.00199145 0.0203722 0.99979 0.0464289
0.0449626 0.998776 -0.0206006 -60.7092 -0.998988 0.0449634 -0.000422751 -87.1811 0.00050404 0.0205988 0.999788 -0.0206877
0.044289 0.99877 -0.0223011 -60.6782 -0.999017 0.0443181 0.000810814 -87.9548 0.00179816 0.0222433 0.999751 -0.00969813
0.0444196 0.998819 -0.0197088 -60.6808 -0.999011 0.0444461 0.000906266 -88.4545 0.00178118 0.0196491 0.999805 -0.0241051
0.0438238 0.998761 -0.0235673 -60.6885 -0.999037 0.0438629 0.00114621 -89.4756 0.00217852 0.0234944 0.999722 0.0137805
0.0426396 0.998924 -0.0182378 -60.6838 -0.999087 0.0426804 0.00185329 -89.994 0.00262969 0.0181421 0.999832 0.00307323
0.0449241 0.998737 -0.0225186 -60.6707 -0.998984 0.0449933 0.00257375 -90.7314 0.00358369 0.0223801 0.999743 -0.0148372
0.0435523 0.99884 -0.0205234 -60.6646 -0.999043 0.043627 0.0032097 -91.4971 0.00410135 0.0203639 0.999784 -0.0520481
0.0434595 0.998917 -0.0166412 -60.6482 -0.999043 0.0435345 0.00417366 -91.7497 0.00489361 0.0164438 0.999853 -0.0769516
0.0441377 0.998828 -0.0198614 -60.657 -0.999018 0.0442072 0.00307292 -92.0058 0.00394734 0.0197063 0.999798 -0.0909554
0.0461701 0.998729 -0.0202031 -60.6755 -0.998926 0.0462416 0.00308757 -93.0127 0.00401787 0.0200388 0.999791 -0.0564702
0.0433888 0.998848 -0.0204788 -60.6821 -0.999046 0.0434812 0.00408913 -93.5374 0.00497486 0.0202818 0.999782 -0.044778
0.0454038 0.99881 -0.017815 -60.6695 -0.99895 0.045504 0.00525957 -94.5181 0.00606396 0.0175575 0.999827 0.0146076
0.0470979 0.998711 -0.0189061 -60.6835 -0.998866 0.0472195 0.00604019 -95.0423 0.00692514 0.0186001 0.999803 0.00249961
0.0442465 0.998844 -0.0188022 -60.6677 -0.998977 0.0444123 0.00849163 -95.5682 0.00931686 0.0184073 0.999787 -0.0267081
0.046862 0.998632 -0.0231979 -60.6743 -0.998867 0.0470405 0.0072074 -96.3339 0.00828878 0.0228339 0.999705 -0.0444198
0.0456883 0.99875 -0.0202671 -60.6584 -0.998933 0.0458158 0.00587559 -96.8666 0.0067968 0.0199771 0.999777 -0.0260277
0.0454702 0.998763 -0.0201192 -60.6718 -0.998948 0.0455796 0.00501179 -97.3395 0.00592261 0.0198701 0.999785 -0.0294351
0.0472467 0.998557 -0.0255165 -60.6711 -0.998873 0.0473469 0.00333747 -98.4038 0.00454078 0.0253301 0.999669 -0.0670515
0.0456045 0.998714 -0.0221499 -60.6627 -0.998958 0.045633 0.00077971 -99.3892 0.00178947 0.0220912 0.999754 -0.0239668
0.0524902 0.998473 -0.0172019 -60.6674 -0.998621 0.0524697 -0.00163516 -100.162 -0.000730087 0.017264 0.999851 -0.073879
0.0574817 0.997922 -0.0291078 -60.6497 -0.998344 0.0575275 0.000739075 -101.843 0.00241204 0.0290171 0.999576 -0.0469056
0.0567978 0.998201 -0.0192236 -60.6512 -0.998386 0.0567955 -0.000665501 -102.325 0.000427511 0.0192304 0.999815 -0.0583133
0.0584164 0.997992 -0.0244716 -60.6422 -0.998289 0.0584603 0.00107927 -103.022 0.00250772 0.0243667 0.9997 -0.0838245
0.0566932 0.998125 -0.0230591 -60.665 -0.998385 0.056764 0.00242723 -103.727 0.0037316 0.0228843 0.999731 -0.117236
0.0575603 0.998162 -0.0189332 -60.6421 -0.998335 0.0576211 0.00267688 -105.148 0.00376291 0.0187476 0.999817 -0.122059
0.0588713 0.997941 -0.0254573 -60.6277 -0.998262 0.0589189 0.00112428 -105.655 0.00262188 0.0253468 0.999675 -0.0936677
0.056071 0.998369 -0.01076 -60.6324 -0.998421 0.0561045 0.00284027 -108.027 0.00343932 0.0105838 0.999938 -0.0749077
0.0536536 0.998484 -0.0122526 -60.6332 -0.998555 0.0536854 0.00228402 -108.495 0.00293834 0.0121124 0.999922 -0.102316
0.052797 0.998536 -0.0117942 -60.6388 -0.998601 0.0528294 0.00245162 -110.655 0.00307111 0.0116482 0.999927 -0.101953
0.0508586 0.998609 -0.0139536 -60.6511 -0.998693 0.0509238 0.00435702 -111.172 0.00506153 0.0137138 0.999893 -0.122362
0.0511623 0.998583 -0.014664 -60.6442 -0.998648 0.051289 0.00839853 -112.629 0.00913872 0.0142145 0.999857 -0.0695878
0.0484111 0.998703 -0.0157778 -60.5759 -0.998789 0.0485417 0.00800184 -113.598 0.00875734 0.0153713 0.999843 -0.128004
0.0462759 0.998706 -0.0210753 -60.6445 -0.998892 0.046445 0.00760538 -114.993 0.00857439 0.0207 0.999749 -0.0775302
0.0451199 0.998799 -0.0190823 -60.6406 -0.998965 0.0452205 0.00487085 -115.539 0.00572791 0.0188428 0.999806 -0.12014
0.0420254 0.999005 -0.0149098 -60.6413 -0.99904 0.0422016 0.011705 -117.268 0.0123226 0.0144036 0.99982 -0.176072
0.041481 0.998946 -0.0196662 -60.6473 -0.999065 0.0417104 0.0113997 -117.853 0.012208 0.0191749 0.999742 -0.124283
0.0394474 0.999131 -0.0134468 -60.613 -0.999172 0.0395759 0.00943163 -118.42 0.0099556 0.0130636 0.999865 -0.167393
0.0400161 0.999079 -0.0155161 -60.671 -0.999145 0.04017 0.00973613 -119.871 0.0103504 0.0151132 0.999832 -0.0657208
0.0392443 0.999107 -0.0156736 -60.6754 -0.999183 0.0393887 0.00901081 -120.446 0.00962012 0.0153071 0.999837 -0.0264317
0.0387087 0.999077 -0.0186162 -60.6544 -0.999196 0.0388938 0.00968564 -121.593 0.0104008 0.0182263 0.99978 -0.0975534
0.0375501 0.999202 -0.013574 -60.6473 -0.999237 0.037691 0.0102759 -122.167 0.0107793 0.0131777 0.999855 -0.0481643
0.0384726 0.99915 -0.0148292 -60.6213 -0.999229 0.0385841 0.00730584 -123.328 0.00787179 0.0145367 0.999863 -0.110487
0.0391443 0.998939 -0.0242489 -60.6099 -0.999205 0.039315 0.00660364 -124.744 0.00754999 0.0239712 0.999684 -0.0827141
0.0394888 0.999014 -0.020288 -60.6202 -0.999205 0.0395903 0.00462739 -126.793 0.00542603 0.0200891 0.999783 -0.130655
0.0388466 0.998943 -0.0245539 -60.5777 -0.999219 0.0390108 0.00624797 -127.913 0.00719924 0.024292 0.999679 -0.120377
0.0391102 0.998881 -0.0265994 -60.5713 -0.999203 0.0393088 0.00698414 -128.744 0.00802192 0.026305 0.999622 -0.119094
0.0382286 0.998903 -0.0270267 -60.5658 -0.999244 0.0384047 0.00602686 -129.335 0.0070582 0.0267758 0.999617 -0.135406
0.0381527 0.999112 -0.0178997 -60.5458 -0.999241 0.038286 0.0071663 -130.194 0.00784525 0.0176127 0.999814 -0.198023
0.037483 0.999169 -0.0160111 -60.5987 -0.999261 0.0376126 0.00786766 -131.395 0.00846334 0.0157043 0.999841 -0.286948
0.0367347 0.999243 -0.0128233 -60.5989 -0.9993 0.0368208 0.00654695 -132.25 0.00701416 0.0125738 0.999896 -0.278266
0.0381037 0.999164 -0.0147954 -60.6065 -0.999258 0.0381824 0.00506848 -133.078 0.00562917 0.0145913 0.999878 -0.220483
0.0375392 0.99915 -0.0170171 -60.642 -0.999292 0.0375728 0.0016585 -133.671 0.00229647 0.0169428 0.999854 -0.251096
0.0386577 0.999023 -0.0214092 -60.652 -0.999247 0.0387165 0.00233701 -135.895 0.00316362 0.0213028 0.999768 -0.297944
0.0351133 0.999149 -0.0216507 -60.7165 -0.999381 0.0351481 0.00122943 -136.485 0.00198937 0.0215942 0.999765 -0.260557
0.0230848 0.999578 -0.0176151 -60.8244 -0.999721 0.0231704 0.0046675 -138.444 0.00507368 0.0175024 0.999834 -0.1931
0.0244107 0.999485 -0.0208276 -60.8529 -0.999679 0.0245474 0.00633468 -139.236 0.00684268 0.0206663 0.999763 -0.212118
0.0207968 0.999579 -0.0202039 -60.8504 -0.999759 0.0209339 0.00659722 -139.75 0.00701739 0.0200618 0.999774 -0.173929
0.0242004 0.999388 -0.0252366 -60.8619 -0.999677 0.0243874 0.00712752 -140.283 0.00773861 0.025056 0.999656 -0.223241
0.0202 0.999543 -0.0224981 -60.8746 -0.999763 0.0203763 0.00763361 -140.813 0.00808855 0.0223386 0.999718 -0.138653
0.00400251 0.999831 -0.0179697 -60.9059 -0.999968 0.00412691 0.00688929 -141.84 0.00696228 0.0179416 0.999815 -0.150076
-0.0293263 0.999305 -0.0230053 -60.9375 -0.999545 -0.0291562 0.00769758 -142.12 0.00702149 0.0232206 0.999706 -0.137583
-0.0383157 0.999053 -0.0206129 -60.959 -0.999247 -0.03818 0.00693764 -142.375 0.00614407 0.0208632 0.999763 -0.163889
-0.0751638 0.996797 -0.0273197 -61.0107 -0.997151 -0.0749601 0.00840807 -142.883 0.00633325 0.0278738 0.999591 -0.204101
-0.158576 0.98714 -0.0201994 -61.1978 -0.987329 -0.158419 0.00917701 -143.829 0.00585903 0.0213987 0.999754 -0.184824
-0.243668 0.969734 -0.0155497 -61.748 -0.969831 -0.243508 0.0114871 -145.847 0.00735293 0.0178796 0.999813 -0.157775
-0.247639 0.968794 -0.0106166 -62.083 -0.968801 -0.247498 0.0129857 -146.938 0.00995288 0.0135012 0.999859 -0.195003
-0.248942 0.968454 -0.0112047 -62.1935 -0.968452 -0.248772 0.0146116 -147.404 0.0113632 0.0144886 0.99983 -0.233515
-0.2471 0.968904 -0.0129493 -62.4354 -0.96883 -0.246794 0.021485 -148.167 0.0176211 0.0178546 0.999685 -0.207135
-0.321835 0.946684 -0.0144881 -62.8709 -0.9465 -0.321316 0.0298825 -149.323 0.023634 0.0233302 0.999448 -0.143467
-0.434731 0.900522 -0.00831739 -63.376 -0.90042 -0.434481 0.021707 -150.269 0.0159339 0.0169258 0.99973 -0.296094
-0.512476 0.858489 -0.0191111 -63.8563 -0.858622 -0.511999 0.0250009 -151.003 0.0116781 0.0292215 0.999505 -0.362216
-0.545031 0.838318 -0.0128328 -63.9708 -0.838364 -0.544762 0.0195035 -151.157 0.00935934 0.0213885 0.999727 -0.384821
-0.546571 0.837291 -0.0142682 -64.0968 -0.837371 -0.546294 0.0192924 -151.346 0.00835869 0.0224925 0.999712 -0.342627
-0.584737 0.811113 -0.0133151 -64.6972 -0.811219 -0.584604 0.0127195 -152.115 0.00253291 0.0182391 0.99983 -0.357251
-0.602073 0.798362 -0.0111786 -65.4723 -0.798439 -0.60204 0.00651098 -153.07 -0.00153186 0.0128455 0.999916 -0.340582
-0.618932 0.785338 -0.0129083 -65.8549 -0.785443 -0.618824 0.011633 -153.509 0.00114782 0.0173388 0.999849 -0.336697
-0.64339 0.765449 -0.0117602 -66.1098 -0.765539 -0.643323 0.00924592 -153.764 -0.000488325 0.0149516 0.999888 -0.352906
-0.680295 0.732735 -0.017292 -66.5243 -0.732938 -0.680129 0.0150353 -154.18 -0.00074393 0.0229024 0.999737 -0.33672
-0.715406 0.698306 -0.0237258 -66.9304 -0.698657 -0.715355 0.012084 -154.556 -0.00853401 0.0252212 0.999645 -0.283933
-0.738315 0.673356 -0.0385158 -67.2413 -0.674185 -0.738433 0.0138422 -154.807 -0.0191206 0.0361867 0.999162 -0.300043
-0.800489 0.599098 -0.0172721 -67.8149 -0.59926 -0.800532 0.00604308 -155.18 -0.0102065 0.0151879 0.999833 -0.287658
-0.828164 0.560417 -0.00884451 -68.1315 -0.560429 -0.828202 -0.00118562 -155.355 -0.00798947 0.00397483 0.99996 -0.284366
-0.862647 0.505772 -0.00588593 -68.4614 -0.505803 -0.862622 0.00681496 -155.502 -0.00163052 0.00885603 0.999959 -0.280473
-0.909007 0.416772 0.00265963 -68.7938 -0.416667 -0.90889 0.0175647 -155.623 0.00973777 0.0148582 0.999842 -0.303279
-0.916383 0.400289 0.00349789 -68.9815 -0.400081 -0.916128 0.0253893 -155.688 0.0133675 0.0218668 0.999672 -0.295883
-0.923695 0.383108 0.00387989 -69.1409 -0.382895 -0.92344 0.0255032 -155.728 0.0133533 0.0220716 0.999667 -0.277886
-0.945313 0.325979 0.0109787 -69.6271 -0.325752 -0.945276 0.0184258 -155.864 0.0163843 0.0138418 0.99977 -0.307394
-0.949658 0.312966 0.0141913 -69.9892 -0.312722 -0.949692 0.0170468 -155.97 0.0188125 0.0117507 0.999754 -0.282901
-0.952734 0.303426 0.01516 -70.5071 -0.303223 -0.952812 0.014293 -156.071 0.0187815 0.00902056 0.999783 -0.348309
-0.958219 0.285366 0.0195575 -70.8373 -0.285178 -0.958401 0.0118888 -156.158 0.0221366 0.00581473 0.999738 -0.320115
-0.969729 0.2431 0.0229787 -71.1539 -0.24285 -0.969975 0.0131474 -156.195 0.0254849 0.00716903 0.99965 -0.291719
-0.994346 0.102725 0.0269114 -72.1658 -0.102548 -0.994697 0.0078634 -156.274 0.0275764 0.00505922 0.999607 -0.249233
-0.996764 0.0763543 0.0251208 -72.9783 -0.0761582 -0.997058 0.00867289 -156.288 0.0257091 0.00673167 0.999647 -0.253342
-0.997836 0.0613791 0.0235974 -74.0335 -0.0611456 -0.998074 0.0104917 -156.313 0.0241959 0.0090261 0.999667 -0.238155
-0.998111 0.0580164 0.0202114 -74.4538 -0.0576655 -0.998182 0.0175288 -156.332 0.0211916 0.0163302 0.999642 -0.22176
-0.998338 0.0544756 0.0188098 -74.8851 -0.0542002 -0.99842 0.0148541 -156.32 0.0195893 0.0138099 0.999713 -0.215865
-0.99848 0.0526361 0.0163282 -75.3227 -0.0525049 -0.998586 0.00836257 -156.308 0.0167452 0.00749255 0.999832 -0.22587
-0.998559 0.0519933 0.0133187 -76.2003 -0.0518187 -0.99857 0.0131343 -156.326 0.0139825 0.0124252 0.999825 -0.215181
-0.998528 0.0515938 0.0167707 -77.6106 -0.0513719 -0.99859 0.0134006 -156.313 0.0174384 0.0125193 0.99977 -0.256597
-0.996765 0.077316 0.0219418 -78.0654 -0.0772125 -0.996999 0.00552998 -156.327 0.0223035 0.00381791 0.999744 -0.259203
-0.996389 0.0823257 0.0207848 -78.5598 -0.0821672 -0.996583 0.00836861 -156.343 0.0214027 0.00663056 0.999749 -0.27521
-0.996357 0.0843015 0.0128662 -82.5104 -0.0841524 -0.996384 0.0117165 -156.46 0.0138074 0.0105911 0.999849 -0.253263
-0.996222 0.0851834 0.0169105 -83.019 -0.0849614 -0.996294 0.0134433 -156.492 0.0179929 0.0119557 0.999767 -0.26387
-0.996096 0.0851588 0.0232564 -84.017 -0.0850974 -0.996366 0.00361961 -156.541 0.0234801 0.00162642 0.999723 -0.254184
-0.996445 0.0828511 0.0152498 -84.7801 -0.0826696 -0.996503 0.0121768 -156.57 0.0162053 0.0108729 0.99981 -0.238695
-0.996594 0.0813249 0.0136456 -85.507 -0.0812275 -0.996667 0.00754286 -156.626 0.0142135 0.00640878 0.999878 -0.242406
-0.996571 0.0814637 0.0145167 -85.9914 -0.0812195 -0.996557 0.0166864 -156.614 0.0158261 0.0154501 0.999755 -0.241012
-0.996727 0.0798619 0.0125849 -86.4852 -0.0796796 -0.996717 0.014374 -156.629 0.0136915 0.0133242 0.999817 -0.240319
-0.996632 0.080287 0.0166835 -88.1031 -0.0800232 -0.996666 0.0159162 -156.664 0.0179057 0.0145275 0.999734 -0.218542
-0.996938 0.0765075 0.0161211 -88.7675 -0.0763479 -0.997028 0.0102964 -156.687 0.016861 0.00903411 0.999817 -0.235152
-0.997123 0.0745755 0.0135407 -89.8224 -0.074343 -0.997089 0.0169366 -156.695 0.0147644 0.0158812 0.999765 -0.216867
-0.996967 0.0760945 0.0163 -90.2557 -0.0757934 -0.996955 0.0183597 -156.73 0.0176474 0.0170686 0.999699 -0.244974
-0.997261 0.0716299 0.0184192 -90.8457 -0.0714641 -0.997398 0.00950749 -156.751 0.0190523 0.00816515 0.999785 -0.229383
-0.9988 0.0465949 0.015096 -92.543 -0.0464017 -0.99884 0.012903 -156.767 0.0156797 0.0121871 0.999803 -0.250308
-0.999056 0.0405639 0.0155565 -93.86 -0.0403893 -0.999119 0.0113787 -156.776 0.0160044 0.0107396 0.999814 -0.232527
-0.999052 0.0414635 0.013297 -94.2248 -0.0412585 -0.999031 0.0153384 -156.778 0.0139201 0.0147752 0.999794 -0.234133
-0.999416 0.0307527 0.014877 -95.8866 -0.0305988 -0.999477 0.0104667 -156.774 0.0151911 0.0100053 0.999835 -0.204957
-0.999252 0.036208 0.0135914 -96.0002 -0.0368564 -0.998021 -0.0509499 -156.77 0.0117197 -0.0514127 0.998609 -0.171859
-0.99937 0.0307199 0.0177737 -96.2995 -0.0318444 -0.997252 -0.066888 -156.772 0.0156701 -0.0674118 0.997602 -0.160363
-0.999712 0.0219949 0.00959523 -96.4251 -0.0217864 -0.999535 0.0213147 -156.779 0.0100596 0.0210995 0.999727 -0.165066
-0.999716 0.0222715 0.00845171 -96.5292 -0.0217097 -0.997867 0.061575 -156.778 0.00980504 0.0613741 0.998067 -0.181667
-0.999677 0.0236521 0.00930277 -96.5602 -0.0229621 -0.997397 0.0683488 -156.774 0.0108951 0.0681131 0.997618 -0.204267
-0.999581 0.0269305 0.0105769 -96.76 -0.0256542 -0.993994 0.10639 -156.755 0.0133785 0.106074 0.994268 -0.20237
-0.999527 0.0238201 0.0194225 -96.9396 -0.0234216 -0.999516 0.0204934 -156.756 0.0199012 0.0200288 0.999601 -0.207173
-0.999369 0.0323899 0.0145908 -97.2051 -0.0322024 -0.999398 0.0129066 -156.749 0.0150001 0.0124286 0.99981 -0.206177
-0.999297 0.0344589 0.0147773 -97.4471 -0.0343248 -0.999368 0.00923696 -156.745 0.0150862 0.00872324 0.999848 -0.21358
-0.999212 0.0364029 0.015844 -97.7079 -0.0362464 -0.999292 0.0100544 -156.751 0.0161988 0.00947222 0.999824 -0.200484
-0.998962 0.0426493 0.015989 -98.2309 -0.0425933 -0.999085 0.00382947 -156.764 0.0161377 0.00314447 0.999865 -0.221693
-0.999056 0.0400537 0.016843 -102.311 -0.0398776 -0.999148 0.010664 -156.802 0.0172558 0.0099823 0.999801 -0.186358
-0.999162 0.0370334 0.0174159 -103.409 -0.036856 -0.999267 0.010402 -156.786 0.0177883 0.00975137 0.999794 -0.194975
-0.999153 0.0371039 0.0178009 -103.944 -0.0369273 -0.999266 0.0101459 -156.794 0.0181643 0.00947992 0.99979 -0.187884
-0.999216 0.0357977 0.0169399 -104.481 -0.035652 -0.999325 0.00882791 -156.783 0.0172445 0.00821705 0.999818 -0.203192
-0.999171 0.0370299 0.0169354 -105.035 -0.0367915 -0.999223 0.0141773 -156.792 0.0174472 0.0135425 0.999756 -0.176202
-0.999247 0.0354749 0.0157218 -106.952 -0.035225 -0.999253 0.0158952 -156.827 0.016274 0.0153294 0.99975 -0.163634
-0.999374 0.033059 0.0126242 -107.725 -0.0328296 -0.9993 0.0179627 -156.823 0.0132092 0.017537 0.999759 -0.175747
-0.999232 0.0361533 0.0150873 -108.256 -0.035841 -0.999148 0.0204791 -156.802 0.0158149 0.0199227 0.999676 -0.172656
-0.999336 0.0328581 0.0157766 -109.08 -0.0326128 -0.999347 0.0155574 -156.803 0.0162775 0.0150325 0.999754 -0.16347
-0.999424 0.0306035 0.0146918 -109.637 -0.0304218 -0.99946 0.0124369 -156.803 0.0150645 0.0119828 0.999815 -0.161479
-0.999357 0.0320899 0.0159836 -110.453 -0.0318364 -0.999367 0.0158734 -156.809 0.0164829 0.0153544 0.999746 -0.181294
-0.999368 0.032284 0.0148964 -110.999 -0.0319425 -0.999234 0.0226228 -156.791 0.0156153 0.0221327 0.999633 -0.199003
-0.999448 0.03034 0.0135261 -111.546 -0.0301158 -0.999411 0.0164832 -156.78 0.0140183 0.0160668 0.999773 -0.207412
-0.999501 0.0295592 0.0111472 -112.621 -0.0294129 -0.999482 0.0130713 -156.789 0.0115278 0.0127369 0.999852 -0.213631
-0.999516 0.0285764 0.0123132 -113.17 -0.0283415 -0.999421 0.0188472 -156.802 0.0128447 0.0184891 0.999747 -0.197141
-0.999506 0.0278786 0.0144795 -113.979 -0.027636 -0.999479 0.0166946 -156.79 0.0149374 0.0162862 0.999756 -0.208655
-0.999528 0.0271281 0.0144328 -115.405 -0.0268904 -0.999504 0.0164149 -156.788 0.014871 0.016019 0.999761 -0.237581
-0.999552 0.026522 0.0138569 -115.975 -0.0262421 -0.999455 0.0200106 -156.787 0.0143801 0.019638 0.999704 -0.227591
-0.999583 0.0247066 0.0149507 -116.536 -0.0245224 -0.999623 0.0123802 -156.773 0.0152509 0.0120084 0.999812 -0.226301
-0.999586 0.0238292 0.01612 -117.365 -0.0236212 -0.999637 0.0129751 -156.774 0.0164233 0.0125889 0.999786 -0.214216
-0.999566 0.0242722 0.0166774 -118.187 -0.0240064 -0.999584 0.0159591 -156.78 0.0170578 0.0155518 0.999734 -0.216631
-0.999587 0.0232287 0.0169138 -119.294 -0.0230215 -0.999659 0.0123468 -156.782 0.0171948 0.0119523 0.999781 -0.204152
-0.999563 0.0225553 0.0191044 -122.464 -0.0223613 -0.999697 0.0103109 -156.739 0.0193311 0.00987923 0.999764 -0.201011
-0.99965 0.0221689 0.0144088 -123.043 -0.0216734 -0.999198 0.0336829 -156.738 0.015144 0.0333589 0.999329 -0.216822
-0.999693 0.0213871 0.0124779 -123.586 -0.0212082 -0.999673 0.0142973 -156.717 0.0127796 0.0140283 0.99982 -0.199932
-0.999719 0.021404 0.0101665 -125.548 -0.0212183 -0.999612 0.0180348 -156.706 0.0105486 0.017814 0.999786 -0.23497
-0.999772 0.0184055 0.0108204 -126.673 -0.0182514 -0.999733 0.0141761 -156.69 0.0110784 0.0139754 0.999841 -0.220192
-0.999849 0.0115546 0.0129696 -128.003 -0.0113707 -0.999835 0.0141633 -156.615 0.0131311 0.0140137 0.999816 -0.295317
-0.999896 0.00474434 0.0136162 -129.407 -0.00462009 -0.999948 0.00914222 -156.614 0.0136589 0.00907836 0.999865 -0.238445
-0.999712 -0.0201109 0.0130758 -131.218 0.0202241 -0.999759 0.00858455 -156.468 0.0129 0.00884653 0.999878 -0.300578
-0.9997 -0.0215883 0.0115372 -132.338 0.0217131 -0.999706 0.0108021 -156.458 0.0113006 0.0110494 0.999875 -0.196101
-0.99973 -0.0208009 0.0103117 -132.912 0.0209258 -0.999707 0.0121571 -156.428 0.0100558 0.0123696 0.999873 -0.216512
-0.999671 -0.0220746 0.0130699 -133.77 0.0222373 -0.999675 0.0124344 -156.381 0.0127912 0.0127209 0.999837 -0.229729
-0.999706 -0.0203475 0.0131607 -134.644 0.0205606 -0.999656 0.0162704 -156.344 0.0128251 0.0165363 0.999781 -0.218547
-0.999748 -0.0187849 0.0122599 -135.51 0.0189259 -0.999755 0.0114821 -156.27 0.0120412 0.0117113 0.999859 -0.229563
-0.999755 -0.0189977 0.0113528 -136.091 0.0191576 -0.999717 0.0141469 -156.257 0.0110808 0.0143609 0.999835 -0.183075
-0.999768 -0.0189713 0.0101998 -136.673 0.019156 -0.999649 0.0183238 -156.217 0.00984861 0.0185149 0.99978 -0.218687
-0.99977 -0.0187323 0.0104204 -137.244 0.0189095 -0.999674 0.0171716 -156.176 0.0100953 0.0173647 0.999798 -0.253298
-0.99977 -0.0193176 0.00929761 -137.831 0.0194813 -0.999651 0.0178552 -156.141 0.00894945 0.0180323 0.999797 -0.24071
-0.999861 -0.0157956 0.00523113 -138.973 0.0158962 -0.999678 0.0197812 -156.083 0.00491698 0.0198617 0.999791 -0.190533
-0.999789 -0.0162788 0.0125357 -140.379 0.0165137 -0.999686 0.0188674 -156.041 0.0122247 0.0190705 0.999743 -0.225763
-0.999796 -0.0170368 0.010821 -141.808 0.017215 -0.999714 0.016588 -155.927 0.0105353 0.0167709 0.999804 -0.178092
-0.999763 -0.0167873 0.0138861 -142.349 0.0169084 -0.99982 0.00864639 -155.896 0.0137385 0.00887913 0.999866 -0.219503
-0.999784 -0.01775 0.0108544 -142.891 0.0178748 -0.999774 0.011516 -155.869 0.0106475 0.0117075 0.999875 -0.228014
-0.999291 -0.0345846 0.014903 -144.546 0.0346596 -0.999388 0.00480395 -155.744 0.0147277 0.00531707 0.999877 -0.172649
-0.998835 -0.0462336 0.0138281 -145.083 0.0464049 -0.998847 0.012333 -155.699 0.013242 0.0129603 0.999828 -0.20736
-0.998399 -0.0547528 0.0141534 -147.978 0.054989 -0.998344 0.0168738 -155.404 0.0132061 0.0176251 0.999757 -0.217119
-0.998165 -0.0590997 0.0132229 -149.004 0.059276 -0.998152 0.0133615 -155.292 0.0124088 0.0141208 0.999823 -0.23744
-0.992101 -0.12433 0.0166768 -150.254 0.124549 -0.992131 0.0128023 -155.09 0.0149539 0.0147782 0.999779 -0.236664
-0.991194 -0.131454 0.0159329 -150.74 0.131663 -0.991211 0.012889 -155.02 0.0140986 0.0148733 0.99979 -0.201574
-0.990543 -0.136177 0.0167651 -151.238 0.1364 -0.990569 0.0129871 -154.905 0.0148384 0.015151 0.999775 -0.219083
-0.977301 -0.211488 0.0124727 -157.857 0.211654 -0.977246 0.0139034 -153.494 0.00924846 0.0162277 0.999826 -0.197909
-0.968138 -0.249957 0.0151605 -158.771 0.250112 -0.968171 0.00935612 -153.217 0.0123393 0.0128498 0.999841 -0.215025
-0.955532 -0.294418 0.0166597 -159.926 0.294683 -0.95545 0.0166475 -152.799 0.0110162 0.0208166 0.999723 -0.179944
-0.96314 -0.268475 0.0167855 -161.689 0.268662 -0.963182 0.0100741 -152.204 0.0134629 0.0142124 0.999808 -0.208174
-0.96513 -0.261302 0.0156926 -162.117 0.261377 -0.965232 0.00295463 -152.048 0.0143749 0.00695328 0.999873 -0.224781
-0.96586 -0.258655 0.0145314 -162.796 0.258781 -0.965907 0.007489 -151.832 0.0120989 0.0109938 0.999866 -0.210893
-0.956366 -0.291843 0.0138324 -163.655 0.292023 -0.956316 0.0135052 -151.54 0.00928677 0.0169553 0.999813 -0.207308
-0.954945 -0.296589 0.0107253 -164.766 0.296687 -0.954931 0.00910148 -151.155 0.00754257 0.0118735 0.999901 -0.205928
-0.937799 -0.346876 0.0144673 -166.284 0.347014 -0.937822 0.00845555 -150.553 0.0106347 0.01295 0.99986 -0.208853
-0.921446 -0.388476 0.00487331 -167.711 0.388506 -0.921361 0.0125171 -149.928 -0.000372516 0.0134272 0.99991 -0.203475
-0.884054 -0.467326 -0.00741222 -169.699 0.467242 -0.884065 0.010702 -148.823 -0.0115542 0.00599783 0.999915 -0.223202
-0.881521 -0.471915 -0.0147419 -171.478 0.471558 -0.881551 0.0223818 -147.804 -0.023558 0.0127783 0.999641 -0.192526
-0.881649 -0.47161 -0.0167019 -172.256 0.47122 -0.881723 0.0227183 -147.363 -0.0254406 0.0121593 0.999602 -0.210936
-0.881416 -0.471973 -0.018651 -173.193 0.471415 -0.881473 0.0278128 -146.81 -0.0295673 0.0157223 0.999439 -0.195649
-0.880976 -0.47292 -0.0151089 -175.346 0.472518 -0.880994 0.023987 -145.575 -0.0246548 0.0139928 0.999598 -0.194179
-0.88087 -0.47316 -0.0136959 -176.063 0.472686 -0.880793 0.0277795 -145.154 -0.0252074 0.0179962 0.99952 -0.203189
-0.753594 -0.65729 -0.00814826 -177.045 0.656789 -0.753412 0.0315842 -144.36 -0.026899 0.01845 0.999468 -0.202998
-0.699786 -0.714274 -0.0106052 -177.637 0.713886 -0.699788 0.0257757 -143.718 -0.0258323 0.0104665 0.999611 -0.2074
-0.5854 -0.810691 -0.00928661 -178.152 0.810307 -0.585422 0.0261556 -143.007 -0.0266407 0.00778648 0.999615 -0.217298
-0.385828 -0.922547 -0.00666108 -178.89 0.922337 -0.385883 0.0197097 -141.211 -0.0207536 0.00146082 0.999784 -0.192779
-0.376623 -0.926363 -0.0023235 -179.823 0.926271 -0.376619 0.013437 -138.749 -0.0133226 0.00290849 0.999907 -0.170451
-0.376534 -0.926366 0.00824203 -180.478 0.9264 -0.376541 0.000739162 -136.87 0.00241873 0.00791373 0.999966 -0.127828
-0.413197 -0.910459 0.018243 -181.859 0.910559 -0.413346 -0.00518604 -133.335 0.0122623 0.0144685 0.99982 -0.139692
-0.411438 -0.910924 0.0306035 -184.163 0.911124 -0.411945 -0.0124038 -127.911 0.0239059 0.0227802 0.999455 -0.113447
-0.394309 -0.918896 0.0122841 -184.648 0.918647 -0.39449 -0.0215651 -126.708 0.024662 0.0027815 0.999692 -0.0970367
-0.392457 -0.919641 0.0154354 -185.044 0.919643 -0.392627 -0.0100602 -125.702 0.0153121 0.0102469 0.99983 -0.109728
-0.390232 -0.920553 0.017341 -185.903 0.920643 -0.39037 -0.00530963 -123.524 0.0116572 0.0138929 0.999836 -0.0969103
-0.389378 -0.920952 0.0152596 -186.143 0.921025 -0.38948 -0.00431116 -122.95 0.00991367 0.0123758 0.999874 -0.112206
-0.3883 -0.92141 0.0150624 -186.315 0.921449 -0.388433 -0.00714794 -122.545 0.0124369 0.0111037 0.999861 -0.112203
-0.385584 -0.922587 0.012558 -186.616 0.922621 -0.385671 -0.00533111 -121.76 0.00976166 0.00953065 0.999907 -0.107797
-0.38647 -0.92217 0.0156138 -186.783 0.922209 -0.386616 -0.00767463 -121.356 0.0131139 0.0114332 0.999849 -0.112694
-0.384661 -0.922948 0.0142348 -186.933 0.922996 -0.384768 -0.00563592 -120.953 0.0106788 0.0109708 0.999883 -0.109991
-0.387671 -0.921773 0.00671041 -187.087 0.92173 -0.38772 -0.00928588 -120.578 0.0111612 0.00258533 0.999934 -0.0978883
-0.385451 -0.922695 0.00791552 -187.239 0.922714 -0.385479 -0.00233962 -120.194 0.00521001 0.00640195 0.999966 -0.0999854
-0.387049 -0.921994 0.0109437 -187.399 0.922055 -0.387056 0.00160395 -119.796 0.002757 0.0107115 0.999939 -0.0872826
-0.388059 -0.921571 0.0108563 -187.641 0.921631 -0.387996 0.00747417 -119.234 -0.00267576 0.0129059 0.999913 -0.0782791
-0.384705 -0.923 0.00850711 -188.185 0.922922 -0.384493 0.0194781 -117.891 -0.0147074 0.0153447 0.999774 -0.07197
-0.382267 -0.924012 0.00859849 -188.402 0.923919 -0.382037 0.0205233 -117.341 -0.0156789 0.0157897 0.999752 -0.0710663
-0.336185 -0.941745 0.00986083 -189.184 0.941545 -0.335835 0.02661 -115.29 -0.0217482 0.0182303 0.999597 -0.0998518
-0.204803 -0.978703 0.0139772 -189.293 0.978567 -0.204419 0.024904 -114.763 -0.0215165 0.0187781 0.999592 -0.100045
-0.134919 -0.990744 0.0149134 -189.289 0.990604 -0.13453 0.0245888 -114.674 -0.0223549 0.0180908 0.999586 -0.115344
-0.0885036 -0.99599 0.0130819 -189.282 0.995818 -0.0881741 0.0239211 -114.662 -0.0226717 0.0151443 0.999628 -0.117443
-0.0879457 -0.99604 0.0130231 -189.284 0.995876 -0.0876237 0.0235136 -114.662 -0.0222793 0.0150373 0.999639 -0.126143
-0.0869663 -0.99613 0.0127474 -189.284 0.995959 -0.0866495 0.0235917 -114.666 -0.0223958 0.0147476 0.99964 -0.121443
-0.0866122 -0.996162 0.012669 -189.279 0.995991 -0.0862979 0.0235569 -114.664 -0.0223731 0.0146585 0.999642 -0.124243
-0.0863714 -0.996182 0.0126795 -189.28 0.996013 -0.0860574 0.0235171 -114.664 -0.0223361 0.0146601 0.999643 -0.118743
-0.0861145 -0.996204 0.0127133 -189.28 0.996036 -0.0858004 0.0234724 -114.661 -0.0222925 0.0146842 0.999644 -0.122543
-0.0858798 -0.996225 0.0126912 -189.277 0.996057 -0.0855671 0.023412 -114.662 -0.0222377 0.0146518 0.999645 -0.118843
-0.0856144 -0.996247 0.012719 -189.281 0.996081 -0.0853015 0.0233959 -114.669 -0.0222232 0.0146722 0.999645 -0.120443
-0.0887493 -0.995975 0.0125771 -189.279 0.995806 -0.0884383 0.0234442 -114.668 -0.0222375 0.014605 0.999646 -0.120443
-0.0907297 -0.995797 0.0124862 -189.281 0.995627 -0.0904199 0.023474 -114.666 -0.0222463 0.0145614 0.999646 -0.118643
-0.0911436 -0.99576 0.0124108 -189.284 0.995589 -0.0908352 0.0234808 -114.667 -0.0222539 0.0144962 0.999647 -0.115143
-0.0910798 -0.995767 0.0123889 -189.283 0.995594 -0.0907716 0.0235162 -114.668 -0.0222921 0.0144762 0.999647 -0.116343
-0.0919225 -0.99569 0.0123349 -189.284 0.995517 -0.0916153 0.0235117 -114.67 -0.0222803 0.0144409 0.999647 -0.121244
-0.0928069 -0.995609 0.0122536 -189.285 0.995436 -0.0925019 0.0234742 -114.669 -0.0222377 0.0143763 0.999649 -0.115544
-0.0928156 -0.995608 0.0122452 -189.285 0.995435 -0.0925109 0.0234633 -114.666 -0.0222275 0.0143671 0.99965 -0.114243
-0.0934328 -0.99555 0.0122578 -189.285 0.995379 -0.0931284 0.0234159 -114.664 -0.0221701 0.0143889 0.999651 -0.117943
-0.0935185 -0.995541 0.0123348 -189.289 0.995371 -0.0932127 0.0233984 -114.669 -0.0221443 0.0144658 0.99965 -0.115844
-0.0941166 -0.995484 0.0123639 -189.288 0.995315 -0.0938102 0.023387 -114.668 -0.0221215 0.0145071 0.99965 -0.112044
-0.0945399 -0.995444 0.0123718 -189.287 0.995275 -0.094233 0.0233953 -114.669 -0.0221229 0.0145251 0.99965 -0.115344
-0.0949731 -0.995402 0.012437 -189.283 0.995236 -0.0946656 0.0233314 -114.671 -0.0220467 0.0145936 0.99965 -0.112644
-0.0952992 -0.995371 0.0124037 -189.284 0.995205 -0.0949929 0.0233087 -114.669 -0.0220225 0.0145655 0.999651 -0.109844
-0.095538 -0.995349 0.0123669 -189.283 0.995182 -0.0952321 0.0233255 -114.669 -0.0220393 0.0145357 0.999651 -0.108043
-0.0954543 -0.995358 0.0123059 -189.285 0.995188 -0.0951488 0.0233917 -114.669 -0.0221122 0.0144795 0.999651 -0.110044
-0.095089 -0.995392 0.0123428 -189.284 0.995223 -0.0947825 0.0234152 -114.665 -0.0221374 0.0145104 0.99965 -0.109343
