0.373812 -0.927349 -0.0170041 -190.073 0.9275 0.373692 0.00984525 -114.146 -0.0027757 -0.0194515 0.999807 -0.0307938
0.373603 -0.927438 -0.0167042 -190.073 0.927579 0.373455 0.0113654 -114.115 -0.00430245 -0.0197406 0.999796 -0.0117285
0.374032 -0.927283 -0.0156836 -190.088 0.927402 0.373882 0.0117091 -114.127 -0.00499381 -0.0189246 0.999808 -0.00743836
0.373544 -0.927478 -0.0157809 -190.092 0.927599 0.373394 0.0117012 -114.123 -0.00496012 -0.0190093 0.999807 -0.0119317
0.374529 -0.927084 -0.0155885 -190.091 0.927204 0.37439 0.0111382 -114.119 -0.00448986 -0.0186253 0.999816 -0.0110447
0.374226 -0.927213 -0.01522 -190.094 0.92732 0.374066 0.0123752 -114.132 -0.00578117 -0.0187449 0.999808 -0.00748787
0.375125 -0.926823 -0.0167502 -190.09 0.926971 0.375013 0.00950466 -114.114 -0.0025276 -0.0190924 0.999815 -0.0438686
0.374525 -0.927085 -0.0156202 -190.099 0.927211 0.374411 0.00974798 -114.115 -0.00318882 -0.0181341 0.99983 -0.0366806
0.373853 -0.927353 -0.0158028 -190.088 0.927483 0.373742 0.00960445 -114.129 -0.00300054 -0.0182475 0.999829 -0.0265187
0.37487 -0.926938 -0.0160763 -190.097 0.927068 0.374734 0.010879 -114.122 -0.00405984 -0.018982 0.999812 -0.0149912
0.372902 -0.927741 -0.0155444 -190.116 0.927865 0.372786 0.0098853 -114.148 -0.00337625 -0.0181094 0.99983 -0.0230119
0.372489 -0.927907 -0.0155444 -190.067 0.928033 0.37239 0.00894704 -114.04 -0.00251343 -0.0177584 0.999839 -0.029708
0.370815 -0.928589 -0.0147708 -189.916 0.928694 0.370679 0.0111741 -113.706 -0.0049009 -0.0178611 0.999828 -0.0406833
0.368236 -0.929671 -0.0106608 -189.851 0.929721 0.368152 0.00909851 -113.507 -0.00453382 -0.013262 0.999902 -0.0420287
0.366477 -0.930253 -0.0179879 -189.692 0.930392 0.366228 0.0157195 -113.119 -0.00803544 -0.0224966 0.999715 0.00629584
0.3659 -0.930497 -0.017114 -189.625 0.930595 0.365606 0.0180591 -112.901 -0.010547 -0.022534 0.99969 0.00265819
0.364385 -0.931087 -0.0173509 -189.465 0.931214 0.364148 0.0153986 -112.527 -0.00801912 -0.0217684 0.999731 0.0166848
0.363817 -0.931291 -0.0182622 -189.4 0.931437 0.363569 0.0155781 -112.383 -0.00786812 -0.0226777 0.999712 -0.00504436
0.364506 -0.931002 -0.0192572 -189.366 0.931167 0.364238 0.0160807 -112.237 -0.00795692 -0.0237932 0.999685 0.0167653
0.363865 -0.931232 -0.0202086 -189.254 0.931425 0.363604 0.0154921 -112.01 -0.00707886 -0.0244598 0.999676 -0.00581219
0.36218 -0.931933 -0.0180594 -189.135 0.932088 0.361976 0.0136231 -111.66 -0.00615878 -0.0217669 0.999744 0.0156195
0.361354 -0.932288 -0.016199 -189.029 0.932391 0.36113 0.0152256 -111.453 -0.00834469 -0.0206057 0.999753 0.00441765
0.361977 -0.932018 -0.0177256 -188.953 0.932154 0.36174 0.0152531 -111.243 -0.00780408 -0.0220443 0.999727 0.0056783
0.361451 -0.932221 -0.0177933 -188.855 0.932344 0.361177 0.0169034 -111 -0.00933118 -0.0226993 0.999699 0.0051078
0.359718 -0.932913 -0.0166448 -188.715 0.933007 0.359447 0.0172176 -110.661 -0.0100796 -0.0217232 0.999713 0.0167673
0.360828 -0.932444 -0.0187485 -188.552 0.932593 0.360557 0.0163909 -110.179 -0.0085237 -0.0233991 0.99969 0.0210464
0.359296 -0.933093 -0.0156364 -188.473 0.933175 0.359055 0.0162554 -109.947 -0.0095535 -0.020432 0.999746 0.00871419
0.357773 -0.93369 -0.0148736 -188.332 0.933735 0.3575 0.0182173 -109.615 -0.011692 -0.0204057 0.999723 -0.0119789
0.359848 -0.93288 -0.015594 -188.241 0.932925 0.359538 0.0195728 -109.356 -0.0126525 -0.0215913 0.999687 -0.0160986
0.359237 -0.933183 -0.010852 -188.104 0.933079 0.358929 0.0230976 -108.976 -0.0176592 -0.0184233 0.999674 0.00896173
0.360061 -0.932912 -0.00565231 -187.94 0.932788 0.359895 0.019573 -108.574 -0.0162256 -0.0123199 0.999792 -0.0146709
0.359739 -0.93305 -0.00241843 -187.84 0.932922 0.359643 0.0177122 -108.345 -0.0156566 -0.00862798 0.99984 0.000254733
0.360369 -0.932809 -0.000910195 -187.758 0.932694 0.360309 0.0160894 -108.12 -0.0146804 -0.00664705 0.99987 0.00587594
0.3603 -0.932831 0.00314322 -187.649 0.932729 0.360307 0.0139876 -107.806 -0.0141806 -0.00210797 0.999897 -0.0117916
0.358159 -0.933442 0.0201895 -187.257 0.933476 0.358434 0.0121379 -106.866 -0.0185666 0.0144991 0.999722 -0.00195313
0.360154 -0.93276 0.0157449 -187.147 0.932798 0.360307 0.00822925 -106.577 -0.0133489 0.011723 0.999842 -0.00632197
0.360936 -0.932481 0.0142707 -187.068 0.932402 0.361128 0.014581 -106.298 -0.0187501 0.00804321 0.999792 0.00332449
0.362764 -0.931769 0.0144707 -186.846 0.931743 0.362934 0.0115925 -105.818 -0.0160534 0.00927763 0.999828 0.0234201
0.362072 -0.93208 0.011443 -186.753 0.932033 0.362194 0.0114361 -105.553 -0.014804 0.0065246 0.999869 -0.00869832
0.360104 -0.9328 0.0144433 -186.671 0.932765 0.360279 0.0122159 -105.279 -0.0165986 0.00907321 0.999821 0.00187382
0.359662 -0.932962 0.0150266 -186.568 0.932963 0.359828 0.0102406 -104.967 -0.0149611 0.0103361 0.999835 -0.0456513
0.360164 -0.932837 0.00982856 -186.428 0.93284 0.360233 0.00642255 -104.672 -0.00953177 0.00685531 0.999931 -0.021513
0.361114 -0.932467 0.0100889 -186.048 0.932478 0.361181 0.00576121 -103.755 -0.00901606 0.00732722 0.999933 0.00362076
0.359097 -0.933133 0.0176863 -185.843 0.933158 0.359308 0.0106649 -103.107 -0.0163066 0.0126744 0.999787 0.0168121
0.361701 -0.932128 0.0175712 -185.532 0.932125 0.36193 0.0122002 -102.346 -0.0177317 0.0119657 0.999771 0.0122835
0.360233 -0.932685 0.0181736 -185.413 0.932734 0.360438 0.00956497 -102.029 -0.0154715 0.0135055 0.999789 -0.00451922
0.36034 -0.932673 0.016611 -185.191 0.932656 0.360554 0.0124035 -101.411 -0.0175576 0.0110228 0.999785 0.0531592
0.360931 -0.932426 0.0176246 -185.018 0.932465 0.36113 0.00970809 -100.947 -0.0154168 0.0129303 0.999798 0.0336186
0.359913 -0.932834 0.016836 -184.913 0.932841 0.360116 0.0111203 -100.716 -0.0164363 0.011703 0.999796 0.0508644
0.359385 -0.933043 0.0165144 -184.774 0.933054 0.359578 0.0106885 -100.302 -0.015911 0.0115676 0.999806 0.0430611
0.360777 -0.932524 0.0154462 -184.635 0.932538 0.360942 0.00964002 -100.074 -0.0145647 0.0109263 0.999834 0.0750849
0.36173 -0.932143 0.0161432 -184.517 0.932137 0.361925 0.0114051 -99.751 -0.0164738 0.0109222 0.999805 0.0797686
0.363208 -0.931571 0.0159995 -184.24 0.931551 0.363409 0.0121438 -98.9735 -0.0171272 0.0104936 0.999798 0.0429312
0.36161 -0.932156 0.0179938 -184.077 0.932225 0.361791 0.00795552 -98.5613 -0.0139258 0.0138975 0.999806 0.000877427
0.360811 -0.932411 0.0206286 -183.655 0.9325 0.361051 0.00929541 -97.4782 -0.0161151 0.0158822 0.999744 0.0527278
0.361122 -0.932344 0.0180124 -183.482 0.932397 0.361319 0.00913712 -97.0345 -0.0150272 0.0134951 0.999796 0.0249851
0.362076 -0.93195 0.0192374 -183.176 0.932066 0.362242 0.00585412 -96.2472 -0.0124243 0.0158109 0.999798 0.0190039
0.360359 -0.932662 0.0168267 -182.759 0.932727 0.360512 0.00710968 -95.1579 -0.0126972 0.0131327 0.999833 0.0697133
0.360343 -0.932631 0.018775 -182.551 0.932667 0.360575 0.0108425 -94.7012 -0.0168818 0.0136038 0.999765 0.0488625
0.36087 -0.932495 0.015054 -182.322 0.932385 0.361093 0.0164146 -94.0879 -0.0207424 0.00811264 0.999752 0.072524
0.362846 -0.931728 0.0150324 -182.084 0.931804 0.36294 0.0039727 -93.494 -0.00915732 0.0125657 0.999879 0.0440881
0.361273 -0.932284 0.0181154 -181.866 0.932366 0.361444 0.00716601 -92.8712 -0.0132285 0.0143013 0.99981 0.0532603
0.36194 -0.932066 0.015907 -181.759 0.932157 0.362036 0.0035445 -92.585 -0.00906262 0.0135449 0.999867 0.0224991
0.362591 -0.931802 0.016544 -181.453 0.931859 0.362745 0.00740769 -91.8234 -0.0129037 0.0127307 0.999836 0.055579
0.361625 -0.932205 0.0148559 -181.21 0.932252 0.361749 0.0066603 -91.2072 -0.0115829 0.0114409 0.999867 0.0388929
0.361915 -0.932015 0.0191125 -181.093 0.932147 0.362055 0.00433594 -90.933 -0.0109609 0.0162464 0.999808 0.0303446
0.362566 -0.931805 0.0168973 -180.815 0.931826 0.362761 0.0102691 -90.1897 -0.0156985 0.0120221 0.999804 0.0788513
0.363951 -0.93132 0.0134992 -180.501 0.931356 0.364056 0.00625397 -89.4128 -0.0107389 0.0102965 0.999889 0.0874503
0.363548 -0.931474 0.0137693 -180.329 0.931513 0.363654 0.00619674 -88.9262 -0.0107794 0.0105735 0.999886 0.078308
0.362576 -0.931821 0.0157463 -180.026 0.931885 0.362704 0.00609286 -88.2086 -0.0113887 0.0124646 0.999857 0.0716547
0.363229 -0.931546 0.0169359 -179.589 0.931575 0.363418 0.00979449 -87.0654 -0.0152788 0.0122194 0.999809 0.0567658
0.362696 -0.931842 0.011053 -179.325 0.93188 0.362751 0.00341767 -86.4731 -0.00719422 0.0090605 0.999933 0.0542252
0.364038 -0.931331 0.00993012 -179.234 0.931343 0.364101 0.00546417 -86.1732 -0.00870452 0.00725918 0.999936 0.0336636
0.36757 -0.929919 0.0119532 -179.115 0.929953 0.367647 0.00487878 -85.8347 -0.00893143 0.00932263 0.999917 0.0474693
0.389158 -0.9211 0.0114018 -178.923 0.921136 0.389221 0.0038339 -85.3677 -0.00796922 0.00901062 0.999928 0.0657324
0.402274 -0.915475 0.00895002 -178.795 0.91548 0.402328 0.00529257 -85.0948 -0.00844606 0.00606451 0.999946 0.0770193
0.410223 -0.911925 0.0105066 -178.677 0.911923 0.410302 0.00697321 -84.8319 -0.0106699 0.00672063 0.99992 0.075299
0.420995 -0.906983 0.0120445 -178.47 0.906934 0.421122 0.0113118 -84.4018 -0.0153318 0.00616137 0.999863 0.0638937
0.426075 -0.904638 0.00953961 -178.36 0.904553 0.42617 0.0127944 -84.1218 -0.0156398 0.00317769 0.999873 0.0514769
0.426527 -0.904412 0.0106701 -178.214 0.904353 0.426633 0.0113761 -83.8249 -0.0148409 0.00479735 0.999878 0.0665871
0.428874 -0.903206 0.0169237 -177.935 0.90311 0.429123 0.0156885 -83.3697 -0.0214323 0.00855557 0.999734 0.0729245
0.432372 -0.901608 0.0125209 -177.775 0.901628 0.432467 0.0061525 -83.0095 -0.010962 0.00862899 0.999903 0.0824377
0.434902 -0.900356 0.0148269 -177.434 0.900448 0.434963 0.000948237 -82.2569 -0.00730288 0.0129384 0.99989 0.0672559
0.433524 -0.901049 0.0129648 -177.309 0.901084 0.433614 0.00505704 -81.9688 -0.0101783 0.00948999 0.999903 0.11954
0.41711 -0.908804 0.00975918 -176.533 0.908798 0.41718 0.00678803 -80.3879 -0.0102403 0.00603778 0.999929 0.0899291
0.416083 -0.909247 0.0120235 -176.426 0.909267 0.416171 0.00597874 -80.1893 -0.01044 0.00844496 0.99991 0.0832107
0.417236 -0.908703 0.0131877 -175.829 0.908643 0.417389 0.0124428 -78.84 -0.0168112 0.0067913 0.999836 0.116779
0.41517 -0.909636 0.0140266 -175.528 0.909686 0.415268 0.00482978 -78.1505 -0.0102181 0.0107546 0.99989 0.112485
0.41472 -0.90989 0.010343 -175.369 0.909935 0.41475 0.00091849 -77.8552 -0.0051255 0.00903058 0.999946 0.104608
0.417979 -0.908388 0.0111496 -175.194 0.908392 0.418064 0.00685993 -77.4786 -0.0108927 0.00726087 0.999914 0.0992567
0.416582 -0.908976 0.0148745 -175.053 0.909026 0.416699 0.00572249 -77.1384 -0.0113998 0.0111375 0.999873 0.101386
0.418333 -0.908235 0.0103509 -174.769 0.908226 0.418413 0.00739472 -76.5841 -0.0110471 0.00630752 0.999919 0.108149
0.417882 -0.908402 0.0134549 -174.587 0.908447 0.417973 0.00475997 -76.1714 -0.00994775 0.010234 0.999898 0.0741217
0.419761 -0.907582 0.00975489 -174.377 0.907595 0.419818 0.00480428 -75.7101 -0.00845556 0.00683685 0.999941 0.113453
0.420214 -0.907312 0.0143219 -173.944 0.907364 0.420317 0.00498376 -74.7344 -0.0105416 0.010901 0.999885 0.0862139
0.421532 -0.906685 0.0152619 -173.669 0.906746 0.421646 0.00512839 -74.1578 -0.011085 0.0116769 0.99987 0.0963831
0.421982 -0.906477 0.0151711 -173.532 0.906534 0.422098 0.00539682 -73.8686 -0.0112958 0.0114758 0.99987 0.110263
0.423784 -0.905613 0.016477 -173.207 0.90573 0.423855 0.000895291 -73.1505 -0.00779465 0.0145443 0.999864 0.0749795
0.422769 -0.906073 0.0172985 -172.884 0.906218 0.422808 -0.00150953 -72.4445 -0.00594618 0.0163144 0.999849 0.131688
0.424056 -0.905487 0.0164102 -172.669 0.905564 0.424181 0.00493998 -72.0443 -0.011434 0.0127657 0.999853 0.126161
0.424618 -0.905324 0.00934539 -172.318 0.905331 0.424477 -0.0139912 -71.3436 0.00869971 0.0144016 0.999858 0.0737211
0.423486 -0.905681 0.0200493 -172.144 0.905743 0.423723 0.00937227 -70.8763 -0.0169836 0.0141905 0.999755 0.139926
0.42489 -0.90498 0.0219055 -171.245 0.905166 0.425048 0.00292246 -68.9413 -0.0119556 0.0185864 0.999756 0.142155
0.42575 -0.904733 0.0139748 -171.022 0.904798 0.42583 0.00316413 -68.4812 -0.00881359 0.0112973 0.999897 0.148798
0.425023 -0.90503 0.0165998 -170.729 0.905141 0.425108 0.00178947 -67.8243 -0.00867621 0.0142646 0.999861 0.138535
0.424636 -0.905265 0.0134163 -170.612 0.90533 0.424702 0.00235361 -67.5631 -0.00782855 0.0111467 0.999907 0.169471
0.425906 -0.904616 0.016554 -170.217 0.904702 0.426023 0.0041831 -66.7912 -0.0108365 0.0131948 0.999854 0.138381
0.425374 -0.904922 0.0131657 -169.823 0.904973 0.425453 0.00373012 -65.923 -0.00897686 0.0103279 0.999906 0.181271
0.428942 -0.903236 0.0131764 -168.812 0.903266 0.429041 0.00588521 -63.8908 -0.010969 0.00937742 0.999896 0.188697
0.428342 -0.903485 0.015441 -168.656 0.903546 0.428459 0.0051279 -63.5295 -0.0112488 0.0117551 0.999868 0.190496
0.427813 -0.903686 0.0181311 -168.52 0.903775 0.42797 0.00574935 -63.2378 -0.0129552 0.0139268 0.999819 0.169063
0.428959 -0.903218 0.0138144 -168.439 0.903269 0.429052 0.00448627 -63.071 -0.00997917 0.0105537 0.999894 0.190042
0.426849 -0.904167 0.0167878 -168.219 0.904218 0.427009 0.0072725 -62.6195 -0.0137441 0.0120756 0.999833 0.176328
0.427784 -0.903724 0.0168384 -167.908 0.903744 0.42797 0.00945173 -61.9631 -0.0157481 0.0111743 0.999813 0.186685
0.427355 -0.903872 0.0195721 -167.817 0.903937 0.427575 0.0087724 -61.7311 -0.0162977 0.013943 0.99977 0.164962
0.429262 -0.903061 0.0146321 -167.509 0.903037 0.429426 0.0108616 -61.0703 -0.0160921 0.00855084 0.999834 0.173343
0.429634 -0.902868 0.0156307 -167.165 0.90288 0.429797 0.00907694 -60.3583 -0.0149133 0.0102129 0.999837 0.153125
0.429599 -0.902847 0.0176739 -166.943 0.902831 0.429827 0.0120295 -59.9239 -0.0184576 0.0107887 0.999771 0.158287
0.43133 -0.90199 0.0192048 -166.514 0.902055 0.43154 0.00834293 -58.9635 -0.0158129 0.0137252 0.999781 0.161715
0.43208 -0.901648 0.0183778 -166.363 0.901678 0.432296 0.00983262 -58.6631 -0.0168102 0.0123224 0.999783 0.151629
0.431055 -0.902162 0.0171814 -166.202 0.902164 0.43126 0.010696 -58.3342 -0.0170592 0.0108899 0.999795 0.149654
0.432952 -0.901263 0.0166646 -165.876 0.901316 0.433106 0.0069271 -57.6819 -0.0134607 0.012021 0.999837 0.144204
0.431663 -0.90185 0.0182792 -165.559 0.901937 0.431826 0.00600154 -56.9755 -0.0133059 0.013896 0.999815 0.147627
0.433457 -0.901065 0.0140118 -165.37 0.901129 0.433538 0.00326545 -56.5775 -0.00901704 0.011211 0.999897 0.159786
0.433262 -0.901138 0.0152982 -165.025 0.901202 0.433373 0.00472766 -55.8952 -0.0108901 0.0117384 0.999872 0.152848
0.433972 -0.900804 0.0148159 -164.571 0.900844 0.434096 0.00634325 -54.9234 -0.0121455 0.010594 0.99987 0.173918
0.433244 -0.901136 0.0159349 -164.38 0.901139 0.433419 0.0097825 -54.4966 -0.0157218 0.0101214 0.999825 0.165746
0.434721 -0.900448 0.0145222 -163.869 0.900392 0.434897 0.0125882 -53.5669 -0.0176507 0.00760332 0.999815 0.137108
0.436049 -0.89983 0.0129283 -163.631 0.899781 0.43619 0.01149 -53.058 -0.0159782 0.00662242 0.99985 0.130025
0.435802 -0.899911 0.0153916 -163.431 0.899881 0.435984 0.0114953 -52.6238 -0.0170553 0.00884093 0.999815 0.128419
0.435002 -0.900309 0.0147091 -163.097 0.90022 0.435195 0.0144529 -51.9636 -0.0194134 0.00695437 0.999787 0.128802
0.435755 -0.89992 0.0161771 -163.039 0.899888 0.435956 0.012017 -51.7941 -0.0178668 0.00932111 0.999797 0.135226
0.436473 -0.899546 0.0175745 -162.817 0.899539 0.436692 0.0114005 -51.3878 -0.0179299 0.0108329 0.99978 0.107675
0.436557 -0.89952 0.0167523 -162.711 0.899492 0.436769 0.0120919 -51.1051 -0.0181938 0.00978976 0.999787 0.124729
0.437055 -0.899241 0.0186515 -162.027 0.899323 0.437234 0.00670541 -49.7576 -0.0141849 0.0138431 0.999804 0.0915395
0.438544 -0.898593 0.0144569 -161.917 0.898584 0.438695 0.00963087 -49.5001 -0.0149964 0.00876716 0.999849 0.108518
0.438571 -0.898529 0.0173845 -161.019 0.898471 0.438812 0.0139105 -47.6577 -0.0201275 0.00951875 0.999752 0.100218
0.439474 -0.897954 0.0232448 -160.325 0.898037 0.43979 0.0106627 -46.183 -0.0197975 0.0161887 0.999673 0.111475
0.437273 -0.898935 0.0266198 -159.85 0.899128 0.43761 0.00819017 -45.2362 -0.0190115 0.0203532 0.999612 0.126985
0.439901 -0.897807 0.0207225 -159.406 0.897933 0.440095 0.00574358 -44.3656 -0.0142765 0.0160808 0.999769 0.0999445
0.440376 -0.89746 0.0251912 -159.053 0.897588 0.440721 0.0100473 -43.6574 -0.0201194 0.0181867 0.999632 0.10805
0.440175 -0.897602 0.0235792 -158.7 0.897724 0.440469 0.00890988 -42.9548 -0.0183834 0.0172457 0.999682 0.0906061
0.439718 -0.897804 0.0244218 -158.481 0.897968 0.439999 0.00739219 -42.5318 -0.0173823 0.0186795 0.999674 0.104336
0.439759 -0.897782 0.0244809 -158.305 0.897905 0.440083 0.00965616 -42.1224 -0.0194428 0.0177352 0.999654 0.0645451
0.440225 -0.897596 0.0228911 -158.139 0.897747 0.440464 0.00647267 -41.7844 -0.0158925 0.017701 0.999717 0.0965501
0.438861 -0.898434 0.0147601 -157.341 0.898467 0.438988 0.00676401 -40.1242 -0.0125565 0.010293 0.999868 0.0800895
0.441242 -0.897142 0.0209983 -156.872 0.897106 0.441569 0.014723 -39.1786 -0.0224808 0.0123413 0.999671 0.079037
0.440632 -0.897452 0.0205816 -156.284 0.897311 0.440996 0.018883 -37.9834 -0.026023 0.0101476 0.99961 0.0843971
0.443411 -0.89603 0.0227397 -155.777 0.896034 0.443767 0.0139345 -36.9267 -0.0225769 0.0141969 0.999644 0.0409326
0.44627 -0.894781 0.0144997 -155.482 0.894832 0.446375 0.00491743 -36.3982 -0.0108723 0.0107803 0.999883 0.0520551
0.444739 -0.895563 0.0131815 -155.181 0.895476 0.444897 0.0137269 -35.7324 -0.0181577 0.0056988 0.999819 0.0481739
0.44658 -0.894609 0.0155034 -154.836 0.894504 0.446795 0.0153907 -35.0441 -0.0206955 0.00699468 0.999761 0.0796633
0.44463 -0.895587 0.015076 -154.531 0.895625 0.44476 0.00664813 -34.4632 -0.0126592 0.0105465 0.999864 0.0662717
0.445493 -0.895151 0.0155058 -154.503 0.895169 0.445648 0.00840139 -34.3888 -0.0144306 0.0101376 0.999844 0.0411243
0.447319 -0.89395 0.0275517 -154.103 0.89375 0.447946 0.0235834 -33.6133 -0.033424 0.014075 0.999342 0.0453465
0.446905 -0.894239 0.0247633 -154.048 0.894116 0.447394 0.0198895 -33.5187 -0.0288649 0.0132526 0.999495 0.017703
0.448999 -0.893149 0.0261562 -153.777 0.893225 0.44942 0.0130606 -32.9877 -0.0234202 0.0174992 0.999573 0.0169013
0.450351 -0.892614 0.0205861 -153.698 0.892765 0.450509 0.00356661 -32.7726 -0.0124578 0.0167724 0.999782 0.030497
0.450445 -0.892589 0.0196093 -153.517 0.892693 0.450627 0.00585074 -32.4341 -0.0140588 0.0148697 0.999791 0.0390359
0.45191 -0.891859 0.0191185 -153.466 0.891941 0.452099 0.00688008 -32.3637 -0.0147795 0.0139434 0.999794 0.0367382
0.450828 -0.892526 0.0122971 -153.435 0.892432 0.45042 -0.0262025 -32.2935 0.0178475 0.0227871 0.999581 -0.0493154
0.450316 -0.892596 -0.0220808 -153.32 0.890047 0.45072 -0.0683165 -32.0911 0.0709313 0.0111111 0.997419 0.0840793
0.440377 -0.895601 0.0629841 -153.095 0.891169 0.44456 0.0904644 -31.5561 -0.10902 0.0162911 0.993906 0.0209057
0.445041 -0.895393 0.0144691 -152.924 0.89545 0.44514 0.00437052 -31.2089 -0.0103541 0.0110113 0.999886 0.0367285
0.448104 -0.893754 0.0201497 -152.686 0.893889 0.448268 0.00430057 -30.7657 -0.0128761 0.0160845 0.999788 0.0336953
0.449393 -0.893047 0.022637 -152.374 0.893065 0.449736 0.0131645 -30.1777 -0.0219372 0.0143003 0.999657 0.0482361
0.449255 -0.893244 0.0168708 -152.087 0.893233 0.449458 0.0110252 -29.5802 -0.0174309 0.0101164 0.999797 0.03022
0.448368 -0.893509 0.024663 -150.872 0.893619 0.448708 0.0103397 -27.1997 -0.0203051 0.0174034 0.999642 0.0164118
0.450549 -0.892457 0.0229335 -149.521 0.892549 0.450846 0.00974184 -24.5379 -0.0190337 0.0160801 0.999689 0.0255693
0.45191 -0.891777 0.022591 -148.919 0.891866 0.452198 0.00959486 -23.2538 -0.0187721 0.0158121 0.999699 0.00846809
0.451382 -0.892111 0.0198124 -148.434 0.892138 0.451635 0.0107825 -22.3221 -0.0185671 0.0128084 0.999745 0.0540079
0.451475 -0.892001 0.0224609 -148.184 0.892039 0.451797 0.0120355 -21.8134 -0.0208835 0.0146022 0.999675 -0.00789225
0.451484 -0.891813 0.0288181 -148.051 0.892026 0.45189 0.009238 -21.4891 -0.0212612 0.0215357 0.999542 0.0296626
0.451957 -0.891655 0.0261917 -147.867 0.8918 0.452321 0.00988262 -21.151 -0.020659 0.0188913 0.999608 0.0514683
0.458616 -0.888466 0.0173073 -147.576 0.888528 0.458776 0.00655373 -20.6501 -0.0137629 0.0123724 0.999829 0.0246806
0.49182 -0.870386 0.0232567 -146.904 0.870515 0.492088 0.00727728 -19.4187 -0.0177784 0.0166662 0.999703 0.0329681
0.493945 -0.869142 0.0247112 -146.669 0.869303 0.494231 0.00687447 -18.9536 -0.0181879 0.0180859 0.999671 0.000857883
0.494113 -0.86896 0.0275867 -146.311 0.869184 0.494447 0.00648 -18.3304 -0.019271 0.020776 0.999598 0.0387603
0.495759 -0.868198 0.0213456 -146.076 0.868367 0.495916 0.0024758 -17.9114 -0.0127351 0.0173084 0.999769 0.0572005
0.517154 -0.855575 0.0233242 -144.919 0.855638 0.517473 0.010299 -15.9915 -0.0208812 0.0146309 0.999675 0.0378595
0.518903 -0.854422 0.026508 -144.757 0.854605 0.519232 0.00701738 -15.725 -0.0197596 0.0190125 0.999624 0.0192145
0.522706 -0.852212 0.0226525 -144.516 0.852324 0.522966 0.00716869 -15.3073 -0.0179557 0.0155602 0.999718 0.011207
0.523848 -0.851439 0.0251814 -144.286 0.85155 0.524191 0.00928157 -14.9261 -0.0211026 0.0165811 0.99964 -0.00775663
0.52401 -0.851375 0.0239503 -143.982 0.851492 0.524307 0.00796954 -14.4695 -0.0193424 0.0162174 0.999681 0.0441501
0.52324 -0.85176 0.0269105 -143.613 0.851887 0.523632 0.00993225 -13.8223 -0.0225511 0.0177278 0.999588 -0.00722056
0.526116 -0.849737 0.0338951 -142.501 0.849168 0.527084 0.0331069 -12.0018 -0.0459977 0.0113646 0.998877 -0.0196392
0.527005 -0.849478 0.0255446 -142.332 0.84938 0.52748 0.01783 -11.7408 -0.0286204 0.0123006 0.999515 -0.00770618
0.529134 -0.848069 0.0282009 -142.234 0.848285 0.529496 0.00685214 -11.5548 -0.0207433 0.0202966 0.999579 -0.0306867
0.530978 -0.846967 0.0266324 -142.088 0.847096 0.531356 0.00945567 -11.3386 -0.0221599 0.0175394 0.999601 -0.0207938
0.526774 -0.849802 -0.0185834 -141.743 0.847971 0.5269 -0.057636 -10.7994 0.0587708 0.0146029 0.998165 0.00476023
0.525906 -0.848174 0.0634265 -141.405 0.843086 0.529697 0.0928786 -10.278 -0.112374 0.00462859 0.993655 0.108069
0.530988 -0.847118 0.0210576 -141.301 0.847151 0.531257 0.0100133 -10.0495 -0.0196694 0.0125221 0.999728 -0.0172943
0.533401 -0.845604 0.0209246 -140.989 0.845635 0.533668 0.00996847 -9.54841 -0.0195962 0.0123774 0.999731 -0.0260162
0.5332 -0.845733 0.0208181 -140.747 0.845773 0.533459 0.0094851 -9.1601 -0.0191274 0.0125499 0.999738 -0.0122142
0.53552 -0.844311 0.0188992 -140.071 0.844406 0.535684 0.0046282 -8.11653 -0.0140316 0.0134801 0.999811 -0.0335511
0.536201 -0.843886 0.0185736 -139.272 0.843953 0.536381 0.00619006 -6.83671 -0.0151862 0.0123561 0.999808 -0.0587309
0.535861 -0.843918 0.025609 -138.883 0.844096 0.536158 0.00606397 -6.26786 -0.018848 0.018367 0.999654 -0.0378116
0.553068 -0.832865 0.0212602 -138.45 0.832988 0.553271 0.00476171 -5.58697 -0.0157285 0.015076 0.999763 -0.071161
0.63318 -0.773676 0.0225574 -136.475 0.773716 0.633471 0.00886099 -2.94494 -0.021145 0.0118424 0.999706 -0.0294372
0.649586 -0.76 0.020938 -136.044 0.760103 0.64979 0.00419825 -2.42088 -0.0167959 0.0131879 0.999772 -0.0465598
0.658417 -0.752384 0.0201102 -135.778 0.752521 0.658567 0.00113732 -2.11382 -0.0140996 0.0143845 0.999797 -0.0384663
0.664283 -0.747128 0.0229605 -135.353 0.747291 0.664494 0.00214178 -1.64083 -0.0168573 0.0157354 0.999734 -0.083652
0.668591 -0.743393 0.01881 -134.685 0.7435 0.668733 0.00180371 -0.879345 -0.0139197 0.0127793 0.999821 -0.0484974
0.670173 -0.741937 0.0199759 -134.323 0.742055 0.670335 0.00206778 -0.471039 -0.0149247 0.0134375 0.999798 -0.046521
0.674178 -0.738406 0.015511 -133.813 0.738559 0.674128 -0.00900138 0.0860036 -0.00380973 0.0175243 0.999839 -0.037587
0.675849 -0.736545 0.0269936 -133.446 0.736887 0.676002 -0.00438835 0.456984 -0.0150155 0.0228571 0.999626 -0.0424555
0.70032 -0.71318 0.0304359 -132.631 0.713564 0.700585 -0.00263815 1.28878 -0.0194414 0.0235655 0.999533 -0.0443734
0.765424 -0.643041 0.0249868 -131.657 0.643282 0.765626 -0.00219517 2.15424 -0.017719 0.0177538 0.999685 -0.0705144
0.786999 -0.616573 0.0217067 -131.189 0.616775 0.787131 -0.00356476 2.54775 -0.0148881 0.0161936 0.999758 -0.0516996
0.892 -0.451557 0.0207762 -128.243 0.451757 0.892121 -0.00595712 4.36667 -0.0158449 0.0146996 0.999766 -0.0666796
0.939861 -0.340998 0.0195507 -125.141 0.341195 0.939961 -0.0076841 5.57233 -0.0157566 0.0138926 0.999779 -0.0913185
0.94328 -0.331723 0.013521 -124.65 0.331823 0.943323 -0.00587584 5.74717 -0.0108055 0.0100291 0.999891 -0.0375559
0.957176 -0.289318 0.0104837 -123.879 0.289394 0.957187 -0.00659482 6.02039 -0.00812683 0.00934631 0.999923 -0.0612611
0.975298 -0.220808 0.00608456 -122.895 0.220753 0.975291 0.00866759 6.30965 -0.00784809 -0.0071103 0.999944 -0.0455254
0.983992 -0.177608 0.0146466 -121.678 0.17733 0.983978 0.0184972 6.51552 -0.0176972 -0.0156038 0.999722 -0.0486241
0.987187 -0.159332 0.00869707 -120.672 0.159135 0.987055 0.0199856 6.71822 -0.0117688 -0.0183456 0.999762 -0.0388822
0.990783 -0.135204 0.0083409 -118.662 0.135246 0.990801 -0.00470546 6.99936 -0.00762798 0.00579017 0.999954 -0.0577743
0.992249 -0.123409 0.0145396 -117.628 0.12344 0.992351 -0.00128932 7.12332 -0.0142693 0.0030741 0.999893 -0.0976805
0.993193 -0.115691 0.0135385 -117.088 0.115742 0.993275 -0.00303851 7.18266 -0.0130959 0.0045848 0.999904 -0.0756529
0.99562 -0.0914461 0.0194491 -116.345 0.0916262 0.995757 -0.00858052 7.26996 -0.0185819 0.010325 0.999774 -0.0780091
0.997557 -0.0675877 0.0176399 -115.809 0.0677607 0.997657 -0.00939799 7.28657 -0.0169634 0.0105703 0.9998 -0.0650459
0.999765 -0.00600027 0.0208433 -114.488 0.00622519 0.999923 -0.010743 7.36068 -0.0207772 0.0108702 0.999725 -0.0785852
0.999785 0.00753642 0.0193253 -113.96 -0.00734609 0.999924 -0.00990067 7.3356 -0.0193985 0.00975657 0.999764 -0.0905144
0.999588 0.0140303 0.0250414 -113.189 -0.0138722 0.999883 -0.00647283 7.32183 -0.0251293 0.00612279 0.999665 -0.0911719
0.998652 0.0415177 0.0311571 -111.533 -0.041189 0.99909 -0.0111198 7.33123 -0.0315904 0.00982145 0.999453 -0.0664079
0.998452 0.0524731 0.0184713 -109.929 -0.0523413 0.998601 -0.00754931 7.22709 -0.0188416 0.00657081 0.999801 -0.0914389
0.997653 0.0669638 0.0142995 -109.41 -0.0668164 0.99771 -0.0105496 7.19229 -0.0149732 0.00956938 0.999842 -0.115664
0.99663 0.0785887 0.0234914 -108.893 -0.078398 0.996882 -0.00893322 7.1677 -0.0241202 0.00706144 0.999684 -0.148901
0.996284 0.0830449 0.0228305 -108.353 -0.0826811 0.99644 -0.0164444 7.1227 -0.0241149 0.0144956 0.999604 -0.0906595
0.986367 0.164059 0.0128204 -106.224 -0.163861 0.986366 -0.0151939 6.89965 -0.0151383 0.012886 0.999802 -0.116603
0.985832 0.167173 0.0137472 -105.48 -0.167018 0.985884 -0.0117419 6.7161 -0.015516 0.00927948 0.999837 -0.0535337
0.984589 0.174772 0.00622189 -103.693 -0.174752 0.984606 -0.003546 6.42863 -0.00674585 0.00240406 0.999974 0.0119739
0.947237 0.320435 0.00797541 -100.916 -0.320445 0.947267 -8.1624e-05 5.81801 -0.007581 -0.00247836 0.999968 -0.00229653
0.925801 0.377918 0.00835639 -99.988 -0.377917 0.925838 -0.00175383 5.45778 -0.00839946 -0.00153432 0.999964 -0.0521866
0.91477 0.403821 0.011132 -98.6156 -0.403773 0.914837 -0.00639399 4.8312 -0.012766 0.00135423 0.999918 -0.0990854
0.91408 0.405439 0.00874315 -98.1448 -0.405383 0.914116 -0.00752578 4.62779 -0.0110435 0.00333485 0.999933 -0.0735339
0.911806 0.410509 0.00960228 -96.5395 -0.410413 0.911839 -0.0105353 3.90159 -0.0130806 0.00566528 0.999898 -0.0482048
0.909659 0.415197 0.0114738 -93.2999 -0.414994 0.909673 -0.0165809 2.39951 -0.0173217 0.0103214 0.999797 -0.0323961
0.909762 0.415119 0.00312056 -92.8495 -0.415053 0.909711 -0.0125506 2.20512 -0.0080488 0.0101229 0.999916 -0.0642989
0.908606 0.417642 0.00306074 -91.96 -0.417574 0.908552 -0.0128462 1.78778 -0.00814596 0.0103941 0.999913 -0.0379139
0.90709 0.420785 0.0112849 -91.045 -0.420683 0.907148 -0.010369 1.34575 -0.0146002 0.00465822 0.999883 -0.0501069
0.908151 0.418322 0.0163849 -88.9138 -0.418186 0.908293 -0.0111395 0.39586 -0.0195422 0.00326441 0.999804 -0.11365
0.908027 0.418593 0.0163493 -88.4474 -0.418531 0.908174 -0.00717207 0.20368 -0.0178502 -0.000330264 0.999841 -0.100345
0.914294 0.404636 0.0183324 -85.2411 -0.404631 0.914471 -0.00411104 -1.28492 -0.0184279 -0.00365917 0.999823 -0.10783
0.922558 0.385645 0.0128338 -84.7506 -0.385676 0.922634 -0.000101273 -1.47321 -0.0118799 -0.00485625 0.999918 -0.0730877
0.923822 0.38252 0.0152171 -84.2683 -0.382539 0.923937 -0.0017656 -1.6811 -0.014735 -0.00419002 0.999883 -0.062725
0.92979 0.36778 0.0151051 -83.5741 -0.367844 0.929886 0.00156805 -1.96477 -0.0134693 -0.00701426 0.999885 -0.0673612
0.939002 0.343556 0.0156615 -83.1411 -0.343626 0.939104 0.00200405 -2.14905 -0.0140192 -0.0072635 0.999875 -0.0704825
0.94519 0.326249 0.0133054 -82.6383 -0.326336 0.945241 0.00492352 -2.31581 -0.0109705 -0.0089957 0.999899 -0.0301469
0.948968 0.31508 0.0135824 -82.1522 -0.315188 0.949005 0.0067329 -2.43733 -0.0107684 -0.0106703 0.999885 -0.0545824
0.951198 0.308352 0.0119251 -81.2062 -0.308455 0.951205 0.00806853 -2.75101 -0.00885525 -0.0113531 0.999896 -0.0882906
0.951957 0.30607 0.00994156 -79.3072 -0.306187 0.951868 0.0139877 -3.37818 -0.00518184 -0.0163597 0.999853 -0.0750752
0.951639 0.307039 0.0105352 -78.8299 -0.307169 0.951544 0.0145033 -3.5375 -0.00557164 -0.017038 0.999839 -0.0348847
0.951519 0.307325 0.0127891 -78.0919 -0.307478 0.951473 0.0125351 -3.76639 -0.00831609 -0.0158597 0.99984 -0.020789
0.951909 0.306047 0.0143267 -77.6248 -0.306201 0.951913 0.0101184 -3.93528 -0.0105411 -0.0140186 0.999846 -0.03062
0.955566 0.294547 0.0116056 -76.9387 -0.294659 0.955556 0.00946387 -4.17677 -0.00830227 -0.0124631 0.999888 0.00868507
0.965228 0.261004 0.0145503 -76.4764 -0.261124 0.965279 0.0070594 -4.3282 -0.0122026 -0.0106134 0.999869 -0.0170711
0.979463 0.201409 0.00927045 -75.4582 -0.201488 0.979453 0.00865164 -4.49342 -0.00733745 -0.0103419 0.99992 0.109532
0.980697 0.195115 0.0127626 -74.7142 -0.195221 0.980729 0.00771157 -4.66349 -0.011012 -0.0100543 0.999889 0.00444469
0.981903 0.188948 0.0128789 -73.7292 -0.189058 0.981934 0.00794638 -4.84842 -0.0111448 -0.0102374 0.999885 0.0304385
0.981968 0.188493 0.0145024 -72.7148 -0.188586 0.982042 0.00531964 -5.0192 -0.0132393 -0.00795866 0.999881 0.0534698
0.981981 0.188768 0.00890973 -72.0055 -0.188829 0.981988 0.00656947 -5.16181 -0.00750914 -0.00813351 0.999939 0.0643866
0.986389 0.164106 0.010297 -71.0296 -0.164168 0.986417 0.0055216 -5.34149 -0.00925103 -0.00713689 0.999932 0.0528787
0.987264 0.158302 0.0157962 -69.8116 -0.158415 0.987353 0.0062192 -5.50118 -0.0146119 -0.00864235 0.999856 0.0544892
0.987724 0.155374 0.0161185 -68.6112 -0.155543 0.98778 0.00981465 -5.66491 -0.0143966 -0.0122013 0.999822 0.0764381
0.966851 0.255163 -0.00951386 -66.9364 -0.254885 0.966682 0.0236637 -5.9178 0.015235 -0.0204544 0.999675 0.102381
0.908485 0.41786 -0.0069016 -66.0956 -0.417664 0.908386 0.0197964 -6.24875 0.0145415 -0.0151022 0.99978 0.0903263
0.842519 0.538645 0.00479142 -65.5528 -0.538665 0.842502 0.00541852 -6.56261 -0.00111812 -0.00714618 0.999974 0.0799506
0.714255 0.699882 0.00214377 -64.7635 -0.699871 0.714217 0.00865772 -7.19891 0.00452826 -0.00768418 0.99996 0.122894
0.611188 0.791484 0.0012478 -64.3335 -0.791472 0.611168 0.00680051 -7.77708 0.00461988 -0.00514398 0.999976 0.106833
0.513072 0.858341 0.00266823 -63.9827 -0.858345 0.513067 0.00233879 -8.34122 0.000638499 -0.00349023 0.999994 0.136008
0.46019 0.887819 0.00166753 -63.8106 -0.887819 0.460192 -0.00107975 -8.61644 -0.001726 -0.000983572 0.999998 0.133968
0.283195 0.959041 0.00633618 -63.4277 -0.959052 0.283217 -0.00287695 -9.61945 -0.00455362 -0.00526198 0.999976 0.142272
0.225235 0.974286 0.00593463 -63.38 -0.974303 0.225243 -0.000599114 -9.97474 -0.00192044 -0.00564718 0.999982 0.153719
0.134996 0.990844 0.00182256 -63.3136 -0.990846 0.134994 0.000999124 -10.4499 0.000743941 -0.00194076 0.999998 0.15327
0.0198635 0.999795 0.0040235 -63.2547 -0.9998 0.0198726 -0.00222581 -11.1521 -0.00230531 -0.00397848 0.999989 0.164973
-0.0395244 0.999207 0.00471415 -63.2535 -0.999213 -0.0395077 -0.00358204 -11.5114 -0.00339296 -0.00485201 0.999982 0.171405
-0.097215 0.995261 -0.00219503 -63.3237 -0.995258 -0.0972069 0.00352754 -12.0007 0.00329745 0.00252755 0.999991 0.17833
-0.107319 0.994225 0.000437568 -63.4174 -0.994223 -0.107319 0.00159643 -12.4967 0.00163417 -0.000263713 0.999999 0.161436
-0.120396 0.992678 -0.00973174 -63.5012 -0.992432 -0.120593 -0.0231675 -13.4551 -0.0241714 0.00686882 0.999684 0.229002
-0.123575 0.992329 -0.00365808 -63.565 -0.992334 -0.123579 -0.00100004 -14.1029 -0.00144443 0.00350646 0.999993 0.193574
-0.121748 0.992557 0.00282365 -63.6569 -0.9925 -0.121708 -0.011445 -14.4498 -0.0110162 -0.00419587 0.99993 0.210286
-0.126125 0.991983 -0.00795099 -63.8415 -0.991743 -0.126274 -0.022367 -16.0969 -0.0231917 0.0050643 0.999718 0.189743
-0.126612 0.991952 0.000480161 -63.9494 -0.991785 -0.126581 -0.0184138 -16.9607 -0.0182049 -0.00280762 0.99983 0.202595
-0.127232 0.991872 -0.00138343 -63.9831 -0.991711 -0.127237 -0.0179019 -17.345 -0.0179324 -0.000905732 0.999839 0.173654
-0.0655896 0.997842 -0.00314881 -64.2026 -0.997624 -0.0656413 -0.0209347 -19.1721 -0.0210962 0.00176823 0.999776 0.152874
-0.0346507 0.999399 1.24621e-05 -64.2085 -0.999339 -0.0346485 -0.0110286 -19.7285 -0.0110216 -0.000394603 0.999939 0.178524
-0.0314291 0.999505 -0.00147572 -64.262 -0.999449 -0.0314431 -0.0106409 -20.3923 -0.010682 0.00114047 0.999942 0.160814
-0.0262333 0.999624 -0.00798759 -64.2734 -0.999452 -0.0263885 -0.0199793 -21.2246 -0.0201826 0.00745909 0.999768 0.155918
-0.0219808 0.999754 -0.00300713 -64.3005 -0.999708 -0.0220097 -0.00993106 -22.1108 -0.0099948 0.00278796 0.999946 0.156333
-0.0221996 0.999748 -0.00347844 -64.2858 -0.999675 -0.0222413 -0.0124505 -22.546 -0.0125248 0.00320091 0.999916 0.154994
-0.020686 0.999771 -0.00547378 -64.2867 -0.999674 -0.0207653 -0.0148652 -23.4008 -0.0149755 0.00516449 0.999875 0.171428
-0.0191409 0.999808 -0.00427899 -64.2786 -0.999663 -0.0192128 -0.0174526 -24.0965 -0.0175315 0.00394349 0.999839 0.168236
-0.000440522 0.999999 0.00133844 -64.3049 -0.99988 -0.000419738 -0.0154894 -25.1175 -0.0154889 -0.0013451 0.999879 0.154654
0.000650838 0.999999 0.00159247 -64.2797 -0.999887 0.000674723 -0.0150441 -26.4652 -0.0150452 -0.0015825 0.999886 0.170369
-0.00032024 1 0.000650883 -64.2701 -0.999891 -0.00031059 -0.0147715 -27.412 -0.0147713 -0.000655543 0.999891 0.139677
0.000150278 0.99999 0.00443193 -64.2909 -0.999882 0.000218279 -0.015347 -27.9398 -0.0153478 -0.0044291 0.999872 0.148621
0.000861718 0.999998 0.00193902 -64.2656 -0.999708 0.000908326 -0.0241655 -28.3621 -0.0241672 -0.00191763 0.999706 0.190486
-0.00183634 0.999997 -0.00165659 -64.3201 -0.999826 -0.00186673 -0.0185336 -29.1576 -0.0185367 0.00162227 0.999827 0.128262
-0.0021607 0.999993 0.00300647 -64.3049 -0.99989 -0.00211625 -0.0147092 -29.6696 -0.0147028 -0.00303792 0.999887 0.139576
-0.0010759 0.999991 0.00402062 -64.3205 -0.999899 -0.00101873 -0.0141932 -30.1592 -0.014189 -0.00403548 0.999891 0.146632
-0.00224702 0.999997 0.000811522 -64.3349 -0.999852 -0.00223285 -0.0170517 -31.4396 -0.0170499 -0.000849718 0.999854 0.16904
-0.00176875 0.999997 -0.00165716 -64.3362 -0.999869 -0.00179515 -0.0160658 -32.2094 -0.0160687 0.00162853 0.99987 0.15907
0.00474609 0.999979 -0.00450294 -64.3214 -0.999811 0.00466034 -0.0188669 -32.684 -0.0188455 0.00459163 0.999812 0.15618
0.00540017 0.999974 -0.00476517 -64.301 -0.999926 0.00534778 -0.0109387 -33.7292 -0.0109129 0.00482389 0.999929 0.145524
0.00592611 0.999971 -0.00474163 -64.3034 -0.99987 0.00585443 -0.0149911 -34.18 -0.0149629 0.00482985 0.999876 0.164778
0.00674536 0.999976 -0.00141383 -64.2962 -0.999928 0.00673106 -0.00988626 -35.4168 -0.0098765 0.00148042 0.99995 0.144807
0.00477557 0.999985 -0.00253899 -64.2786 -0.99986 0.00473425 -0.0160357 -36.1776 -0.0160235 0.00261521 0.999868 0.17449
0.00413434 0.999985 -0.00346785 -64.27 -0.999895 0.00408572 -0.0139112 -36.8922 -0.0138968 0.003525 0.999897 0.163345
0.00472098 0.999987 -0.00173474 -64.2909 -0.999804 0.00468676 -0.0192243 -38.4207 -0.019216 0.00182516 0.999814 0.129795
0.00360841 0.999992 -0.00143683 -64.2708 -0.999833 0.00358205 -0.0179432 -38.9191 -0.0179379 0.00150134 0.999838 0.16453
0.00379926 0.999992 -0.00155735 -64.2722 -0.999834 0.00377091 -0.0178206 -39.6354 -0.0178146 0.0016248 0.99984 0.149487
0.00233919 0.999993 -0.00275162 -64.2622 -0.999865 0.00229409 -0.0162815 -40.6448 -0.0162751 0.00278933 0.999864 0.149731
0.00260725 0.999979 -0.00585095 -64.2518 -0.999842 0.00250387 -0.0176086 -41.3518 -0.0175936 0.00589593 0.999828 0.163602
0.00145059 0.999983 -0.00562062 -64.2575 -0.999806 0.00133996 -0.0196378 -43.0812 -0.0196299 0.00564802 0.999791 0.156107
-0.00069181 0.999993 -0.00372567 -64.2526 -0.999811 -0.000764145 -0.019449 -43.9879 -0.0194517 0.00371151 0.999804 0.155944
0.00169725 0.999996 -0.00203367 -64.2593 -0.999696 0.00164668 -0.0246159 -44.4513 -0.0246125 0.00207483 0.999695 0.145266
4.3825e-05 0.999993 -0.0037254 -64.2474 -0.999806 -2.95844e-05 -0.0197028 -44.8913 -0.0197027 0.00372554 0.999799 0.142023
-0.00282804 0.999995 -0.00108779 -64.2731 -0.999909 -0.00284212 -0.0131687 -45.618 -0.0131717 0.00105045 0.999913 0.164841
-0.00155488 0.999994 -0.00306402 -64.2697 -0.999867 -0.00160438 -0.0162192 -46.7701 -0.0162241 0.00303839 0.999864 0.123745
-0.00262491 0.999995 -0.00184117 -64.2699 -0.999898 -0.00265048 -0.0140264 -47.227 -0.0140313 0.00180417 0.9999 0.157326
-0.00577568 0.999979 -0.00282681 -64.3235 -0.999707 -0.00584048 -0.023478 -48.8315 -0.023494 0.00269038 0.99972 0.138043
-0.00535546 0.999979 -0.00365386 -64.3433 -0.999743 -0.00543454 -0.0219866 -49.298 -0.022006 0.00353518 0.999752 0.133599
-0.00618964 0.99995 -0.00782148 -64.3332 -0.999827 -0.0063256 -0.0174794 -49.9838 -0.017528 0.00771194 0.999817 0.151136
-0.00953501 0.999671 -0.0238048 -64.3215 -0.999807 -0.00994028 -0.0169645 -51.3225 -0.0171956 0.0236385 0.999573 0.099104
-0.0108742 0.99942 -0.032265 -64.3058 -0.999669 -0.011618 -0.022958 -51.9541 -0.0233196 0.0320046 0.999216 0.0861727
-0.0138046 0.999252 -0.0361216 -64.3435 -0.999784 -0.0143552 -0.0150303 -52.8484 -0.0155376 0.0359063 0.999234 0.101142
0.0448324 0.998926 -0.0117143 -64.3074 -0.998986 0.0447798 -0.00472019 -53.4894 -0.00419055 0.011914 0.99992 0.0646115
0.0869491 0.996173 -0.00885904 -64.2573 -0.996196 0.086893 -0.00653059 -53.8795 -0.00573581 0.00939317 0.999939 0.0909821
0.254209 0.967127 -0.00661 -63.9496 -0.967109 0.254131 -0.0108277 -55.6595 -0.00879192 0.00914509 0.999919 0.116297
0.259465 0.965683 -0.0115468 -63.7433 -0.965628 0.259222 -0.019127 -56.2431 -0.0154774 0.0161127 0.99975 0.111651
0.261431 0.965145 -0.0121833 -63.5355 -0.965119 0.261198 -0.0179156 -56.9624 -0.0141089 0.016442 0.999765 0.0993211
0.266434 0.963825 -0.00732197 -63.3444 -0.963716 0.266259 -0.0189323 -57.8379 -0.0162979 0.0121005 0.999794 0.101314
0.26916 0.963078 -0.00579202 -63.2059 -0.962928 0.268996 -0.0202688 -58.2847 -0.0179624 0.0110328 0.999778 0.0900841
0.259162 0.965831 0.00222356 -63.0342 -0.96572 0.259167 -0.0147622 -59.0914 -0.0148341 0.00167847 0.999889 0.0924493
0.259625 0.965708 0.00190991 -62.9045 -0.965564 0.25962 -0.0168652 -59.566 -0.0167827 0.00253449 0.999856 0.0990554
0.26089 0.965368 -0.000273376 -62.7933 -0.965243 0.260852 -0.0162133 -59.9638 -0.0155805 0.00449377 0.999869 0.0985895
0.260546 0.965439 -0.00653337 -62.4929 -0.965209 0.260317 -0.0246251 -61.035 -0.0220733 0.012722 0.999675 0.0819235
0.254386 0.967073 -0.0076284 -62.4101 -0.966976 0.254216 -0.0182185 -61.4835 -0.0156794 0.012011 0.999805 0.096512
0.200172 0.979752 -0.00420879 -62.0627 -0.979633 0.200075 -0.0169977 -62.7633 -0.0158114 0.00752553 0.999847 0.0901833
0.0621949 0.998062 -0.00216278 -61.9266 -0.997892 0.0621439 -0.0186745 -63.8908 -0.0185039 0.00331968 0.999823 0.102322
0.0434272 0.999046 -0.00465163 -61.8954 -0.998789 0.0433075 -0.0233258 -64.2374 -0.0231021 0.00565897 0.999717 0.0845373
0.0225697 0.999744 0.00140916 -61.8269 -0.999561 0.0225926 -0.0191856 -66.0621 -0.0192126 -0.000975525 0.999815 0.08634
-0.0106026 0.99994 -0.00269307 -61.8279 -0.999754 -0.010653 -0.01944 -68.0492 -0.0194675 0.0024863 0.999807 0.0953886
0.00501231 0.999961 -0.00728888 -61.7637 -0.999836 0.0048847 -0.0174212 -69.5412 -0.0173849 0.00737501 0.999822 0.115165
0.0211388 0.999757 -0.00619814 -61.7835 -0.999585 0.0210131 -0.0196843 -70.4422 -0.0195493 0.00661167 0.999787 0.043129
0.0389183 0.999226 0.00575507 -61.8357 -0.99918 0.0389794 -0.0109176 -70.9033 -0.0111335 -0.00532546 0.999924 0.0196936
0.041594 0.999114 -0.00637594 -61.7624 -0.998859 0.041432 -0.0237321 -71.5404 -0.0234469 0.00735578 0.999698 0.0895284
0.0445151 0.998991 -0.00587111 -61.6998 -0.99883 0.0443953 -0.0191692 -72.4908 -0.0188892 0.00671756 0.999799 0.11135
0.0445713 0.999006 0.000392588 -61.6996 -0.998998 0.0445726 -0.00402387 -73.7446 -0.00403737 -0.000212846 0.999992 0.109509
0.0419914 0.999077 -0.00907922 -61.6434 -0.998903 0.0417923 -0.0211078 -74.3016 -0.0207088 0.00995561 0.999736 0.0527188
0.0413865 0.999125 -0.0060338 -61.5797 -0.998948 0.0412584 -0.0199987 -75.4658 -0.0197323 0.00685513 0.999782 0.0872415
0.0432223 0.999053 -0.0049993 -61.5674 -0.998881 0.0431177 -0.0194169 -75.9678 -0.019183 0.00583295 0.999799 0.0925282
0.0434956 0.999049 -0.00302643 -61.5585 -0.998981 0.0434558 -0.0121654 -76.5069 -0.0120223 0.00355249 0.999921 0.0480901
0.0402811 0.999186 -0.0020385 -61.5261 -0.999034 0.0402389 -0.0176632 -77.0056 -0.0175668 0.00274802 0.999842 0.0657449
0.0401839 0.999182 -0.00464626 -61.4884 -0.999124 0.0401262 -0.011907 -77.758 -0.0117108 0.00512066 0.999918 0.0347185
0.0392912 0.9992 -0.0075207 -61.4146 -0.998997 0.0391192 -0.0217915 -79.0209 -0.0214798 0.00836937 0.999734 0.0957819
0.0371014 0.999312 4.83683e-05 -61.3962 -0.999176 0.0370972 -0.0164734 -80.0352 -0.0164638 0.000562856 0.999864 0.0983656
0.0285634 0.999569 0.00680032 -61.3786 -0.999333 0.0287102 -0.0225631 -81.0145 -0.0227486 -0.00615131 0.999722 0.132489
0.0215872 0.999763 0.00286335 -61.3483 -0.999564 0.0216405 -0.0200931 -81.5417 -0.0201503 -0.00242834 0.999794 0.113044
-0.00994265 0.99995 0.000894086 -61.3576 -0.999701 -0.00992019 -0.0223418 -82.0065 -0.0223318 -0.00111595 0.99975 0.092319
-0.0280295 0.999603 -0.00269312 -61.3549 -0.999413 -0.0280771 -0.0196424 -82.5084 -0.0197102 0.00214098 0.999803 0.0538721
-0.00196818 0.999992 -0.00356624 -61.3743 -0.999799 -0.00203884 -0.0199215 -83.2306 -0.0199286 0.00352631 0.999795 0.0457109
0.0083648 0.999939 -0.00716741 -61.3513 -0.999776 0.00822349 -0.0195225 -85.3759 -0.0194624 0.0073291 0.999784 0.0387056
0.00806365 0.999937 -0.00785332 -61.3524 -0.999771 0.0079061 -0.0198904 -86.5069 -0.019827 0.00801191 0.999771 0.0198627
0.00768532 0.999957 -0.00521269 -61.3264 -0.999687 0.00755883 -0.0238664 -87.3875 -0.023826 0.00539448 0.999702 0.0452004
0.00814147 0.999934 -0.00810665 -61.3276 -0.999804 0.00799343 -0.0181298 -87.8722 -0.0180638 0.00825266 0.999803 0.02411
0.00708451 0.999925 -0.0100123 -61.3136 -0.99976 0.00687496 -0.0208109 -88.9501 -0.0207405 0.0101573 0.999733 0.0632801
0.0034713 0.999988 -0.00332604 -61.3569 -0.999797 0.00340465 -0.019841 -89.4355 -0.0198294 0.00339424 0.999798 0.0147765
0.00610246 0.99994 -0.00913903 -61.3421 -0.999752 0.00590511 -0.0214681 -90.2011 -0.0214129 0.00926777 0.999728 0.00483435
0.00276058 0.999945 -0.0101558 -61.3282 -0.999731 0.00252598 -0.0230409 -90.9184 -0.023014 0.0102167 0.999683 -0.0109188
0.00241753 0.999955 -0.00920974 -61.3209 -0.999804 0.00223594 -0.0196773 -91.4488 -0.0196558 0.0092555 0.999764 -0.0204371
0.00401569 0.999948 -0.00936939 -61.3106 -0.99976 0.0038129 -0.0215625 -91.6283 -0.0215256 0.00945373 0.999724 -0.0121812
0.00406174 0.999958 -0.00827444 -61.3164 -0.999774 0.00388797 -0.0209107 -92.4515 -0.0208777 0.0083575 0.999747 -0.000378209
0.00176156 0.999961 -0.00865781 -61.3329 -0.999787 0.00158323 -0.0205617 -92.979 -0.0205472 0.00869219 0.999751 0.00972123
0.00290399 0.999947 -0.00987652 -61.3405 -0.999885 0.00275685 -0.0148791 -93.9575 -0.0148511 0.0099186 0.999841 0.0198632
0.00118211 0.999964 -0.00840728 -61.3732 -0.999828 0.00102621 -0.018524 -94.4642 -0.0185147 0.00842773 0.999793 0.00272907
-0.000686587 0.999851 -0.0172384 -61.3341 -0.999792 -0.00103755 -0.0203589 -95.0032 -0.0203738 0.0172208 0.999644 0.0243701
0.00271995 0.999908 -0.0132558 -61.3599 -0.999715 0.0024043 -0.0237701 -95.7475 -0.0237361 0.0133166 0.99963 -0.00214175
0.000395955 0.999962 -0.00870893 -61.3407 -0.99976 0.000205159 -0.0218981 -96.2974 -0.0218954 0.00871551 0.999722 -0.0176754
-0.000944163 0.99998 -0.00618668 -61.3431 -0.999726 -0.00108869 -0.0233996 -96.7018 -0.0234059 0.00616289 0.999707 -0.0318956
-0.00183441 0.999982 -0.00565005 -61.31 -0.999686 -0.00197504 -0.0249867 -97.77 -0.0249975 0.00560244 0.999672 -0.0438911
-0.00286807 0.999988 -0.00404473 -61.3239 -0.999744 -0.00295804 -0.0224166 -98.7159 -0.0224283 0.0039794 0.99974 -0.0330995
0.00264974 0.999996 5.23956e-05 -61.3263 -0.999729 0.00265024 -0.0231347 -99.608 -0.0231348 8.91963e-06 0.999732 -0.0510086
0.00639268 0.999969 -0.00452731 -61.3362 -0.999589 0.00626354 -0.0279861 -101.25 -0.0279568 0.00470435 0.999598 -0.0344942
0.00722656 0.999969 -0.00310109 -61.3048 -0.999729 0.00715606 -0.0221744 -101.735 -0.0221515 0.0032605 0.999749 -0.028328
0.00759441 0.999964 -0.00376193 -61.318 -0.999735 0.00751083 -0.0217548 -102.446 -0.0217258 0.00392615 0.999756 -0.0243768
0.00526207 0.999986 -0.000727625 -61.3321 -0.999734 0.00524439 -0.0224712 -103.145 -0.022467 0.000845676 0.999747 -0.0465673
0.00635257 0.999979 -0.00123525 -61.2954 -0.999794 0.0063276 -0.0192687 -104.579 -0.0192605 0.00135741 0.999814 -0.0326755
0.00669476 0.999969 -0.00410317 -61.2769 -0.999628 0.00658391 -0.0264589 -105.186 -0.0264311 0.00427878 0.999641 -0.0986823
0.00225836 0.999991 -0.00351563 -61.2829 -0.999926 0.00221616 -0.0119626 -107.483 -0.0119547 0.00354239 0.999922 -0.050156
0.00116926 0.999981 -0.00613724 -61.2773 -0.999932 0.00109798 -0.0116049 -107.969 -0.011598 0.00615039 0.999914 -0.0734081
0.00119379 0.999985 -0.00539428 -61.2707 -0.999935 0.00113231 -0.0113854 -110.117 -0.0113791 0.00540752 0.999921 -0.0288594
-0.00177309 0.999957 -0.00911134 -61.2723 -0.99985 -0.0019295 -0.0171867 -110.616 -0.0172035 0.00907951 0.999811 -0.0723985
0.000964175 0.999932 -0.0116199 -61.2892 -0.999877 0.000782155 -0.0156588 -112.023 -0.0156487 0.0116336 0.99981 -0.0512609
-0.00210899 0.99995 -0.00973793 -61.2932 -0.999906 -0.00224057 -0.0135206 -113.038 -0.0135418 0.00970851 0.999861 -0.0630035
-0.00346318 0.999958 -0.00853183 -61.3139 -0.999814 -0.00362415 -0.018924 -114.406 -0.0189541 0.00846471 0.999784 -0.0330277
-0.00347115 0.999988 -0.00333897 -61.2908 -0.999827 -0.0035316 -0.018272 -114.946 -0.0182836 0.00327497 0.999827 -0.0210951
-0.00504165 0.999921 -0.0115059 -61.2935 -0.99985 -0.00523127 -0.0165106 -116.628 -0.0165695 0.0114209 0.999797 -0.0533786
-0.00441873 0.99993 -0.0109863 -61.2866 -0.999821 -0.00461969 -0.018334 -117.248 -0.0183835 0.0109033 0.999772 -0.0661943
-0.00567042 0.999938 -0.00960242 -61.2867 -0.999867 -0.00581641 -0.0152445 -117.856 -0.0152994 0.0095147 0.999838 -0.0922554
-0.00556171 0.999938 -0.00960036 -61.3206 -0.999815 -0.00573745 -0.0183764 -119.359 -0.0184304 0.00949637 0.999785 -0.0946825
-0.00700071 0.999913 -0.0111699 -61.347 -0.999797 -0.00720997 -0.0188056 -119.968 -0.0188845 0.0110359 0.999761 -0.0929843
-0.00863278 0.999915 -0.00977034 -61.3459 -0.999778 -0.00881879 -0.0191583 -121.127 -0.0192429 0.00960278 0.999769 -0.0914751
-0.00857415 0.999903 -0.0109787 -61.3559 -0.999799 -0.00877095 -0.0180053 -121.735 -0.0180998 0.0108221 0.999778 -0.0766118
-0.00773339 0.999933 -0.00857225 -61.3539 -0.999835 -0.00787296 -0.0163701 -122.869 -0.0164365 0.00844424 0.999829 -0.0711543
-0.00902782 0.999953 -0.00347787 -61.3955 -0.99972 -0.00910169 -0.0218445 -124.396 -0.0218751 0.00327969 0.999755 -0.0756737
-0.0092013 0.999956 -0.00208388 -61.4207 -0.999772 -0.00923972 -0.0192433 -126.41 -0.0192617 0.00190635 0.999813 -0.0640695
-0.00911964 0.99993 -0.00759104 -61.4177 -0.999635 -0.00930941 -0.0253501 -127.513 -0.025419 0.00735709 0.99965 -0.0514514
-0.00902158 0.999922 -0.00867271 -61.4161 -0.999581 -0.00925638 -0.0274253 -128.358 -0.0275034 0.00842166 0.999586 -0.107203
-0.0108338 0.999844 -0.0139161 -61.4114 -0.999493 -0.0112444 -0.0297699 -129.005 -0.0299217 0.0135865 0.99946 -0.13967
-0.00987708 0.999927 -0.00699097 -61.4003 -0.999798 -0.00999765 -0.0174257 -129.859 -0.0174943 0.00681744 0.999824 -0.148595
-0.0119565 0.999873 -0.0105694 -61.4166 -0.999828 -0.0121045 -0.0140484 -130.979 -0.0141746 0.0103996 0.999845 -0.173962
-0.0132346 0.999869 -0.00933776 -61.4393 -0.999818 -0.0133613 -0.013633 -131.862 -0.013756 0.00915563 0.999864 -0.178838
-0.0114363 0.999914 -0.00637967 -61.4384 -0.999749 -0.011557 -0.0192164 -132.751 -0.0192885 0.0061583 0.999795 -0.165344
-0.0136809 0.999886 -0.00635043 -61.4802 -0.99971 -0.0138039 -0.0197503 -133.28 -0.0198357 0.00607838 0.999785 -0.167606
-0.0132849 0.999892 -0.0062599 -61.4887 -0.999702 -0.0134099 -0.0203744 -135.498 -0.0204562 0.00598736 0.999773 -0.16788
-0.012749 0.999889 -0.00768627 -61.4621 -0.999725 -0.0128974 -0.0195731 -136.035 -0.01967 0.00743463 0.999779 -0.145338
-0.0193969 0.999763 -0.00990286 -61.502 -0.999678 -0.0195552 -0.0161437 -137.898 -0.0163335 0.00958654 0.999821 -0.176942
-0.0177749 0.999828 -0.00536306 -61.5415 -0.999591 -0.0178903 -0.0223087 -138.715 -0.0224008 0.00496433 0.999737 -0.173911
-0.0214317 0.999738 -0.00806661 -61.5633 -0.999581 -0.0215839 -0.0192859 -139.252 -0.0194549 0.00764991 0.999781 -0.175936
-0.0197692 0.999744 -0.0110368 -61.6013 -0.999562 -0.0200063 -0.0217997 -139.807 -0.0220149 0.010601 0.999701 -0.190214
-0.0223655 0.999685 -0.0113675 -61.5747 -0.999526 -0.0225995 -0.0208918 -140.284 -0.0211421 0.0108948 0.999717 -0.236905
-0.035183 0.999337 -0.00938769 -61.5548 -0.999201 -0.0353535 -0.0186611 -141.374 -0.0189806 0.00872363 0.999782 -0.227604
-0.0732705 0.997246 -0.0115246 -61.5712 -0.99707 -0.0735023 -0.0211764 -141.909 -0.0219651 0.00993923 0.999709 -0.25766
-0.0845571 0.996359 -0.0108838 -61.6462 -0.996217 -0.0847547 -0.0191955 -142.059 -0.0200481 0.00921949 0.999756 -0.225933
-0.116356 0.993162 -0.00948737 -61.6274 -0.992836 -0.116569 -0.0262411 -142.384 -0.0271676 0.00636608 0.999611 -0.205426
-0.200877 0.979561 -0.0104459 -61.7945 -0.979384 -0.20105 -0.0196149 -143.355 -0.0213141 0.00629033 0.999753 -0.223543
-0.284246 0.958645 -0.0142702 -62.388 -0.958549 -0.284461 -0.0163281 -145.239 -0.0197122 0.0090375 0.999765 -0.28589
-0.288469 0.957414 -0.0120135 -62.7087 -0.957349 -0.288619 -0.0135152 -146.353 -0.016407 0.00760239 0.999836 -0.233515
-0.286783 0.9579 -0.0135407 -62.7942 -0.957824 -0.28697 -0.0148938 -146.857 -0.0181525 0.00869831 0.999797 -0.276521
-0.288049 0.957431 -0.0188304 -63.058 -0.957414 -0.288336 -0.0148681 -147.581 -0.0196647 0.0137458 0.999712 -0.300537
-0.364233 0.930786 -0.0311784 -63.45 -0.93102 -0.364749 -0.0126837 -148.799 -0.0231781 0.0244079 0.999433 -0.385621
-0.474983 0.879735 -0.0213755 -63.9648 -0.879821 -0.475232 -0.00834273 -149.849 -0.0174977 0.014844 0.999737 -0.281872
-0.548781 0.835684 -0.0217058 -64.392 -0.8356 -0.549124 -0.0153324 -150.657 -0.0247322 0.0097232 0.999647 -0.286908
-0.578473 0.81548 -0.0190207 -64.6353 -0.815369 -0.578745 -0.0150513 -150.878 -0.0232821 0.00680216 0.999706 -0.334376
-0.583727 0.81177 -0.0171099 -64.6149 -0.811646 -0.583955 -0.0150756 -150.908 -0.0222293 0.00508716 0.99974 -0.284774
-0.621973 0.782927 -0.0132201 -65.2436 -0.782806 -0.622111 -0.0138318 -151.618 -0.0190537 0.00174577 0.999817 -0.339104
-0.639379 0.768814 -0.0109083 -65.932 -0.768715 -0.639472 -0.0123406 -152.567 -0.0164632 0.000495023 0.999864 -0.334577
-0.655737 0.75488 -0.012813 -66.3052 -0.754758 -0.655862 -0.0136297 -153.044 -0.0186924 0.000733141 0.999825 -0.340033
-0.680452 0.732689 -0.0123171 -66.5626 -0.7326 -0.680563 -0.0114815 -153.317 -0.0167949 0.00121088 0.999858 -0.348216
-0.717378 0.6965 -0.0160426 -67.0131 -0.696294 -0.717556 -0.0169407 -153.754 -0.0233106 -0.000982497 0.999728 -0.362459
-0.749497 0.661886 -0.0127047 -67.3762 -0.661606 -0.749573 -0.0204432 -154.087 -0.0230541 -0.0069166 0.99971 -0.292133
-0.773272 0.633856 -0.0166646 -67.6824 -0.633015 -0.773231 -0.0374925 -154.407 -0.0366504 -0.018443 0.999158 -0.341969
-0.833237 0.552842 -0.00901768 -68.2532 -0.552646 -0.833229 -0.0176508 -154.852 -0.0172719 -0.0097237 0.999804 -0.414032
-0.851112 0.524967 0.00435675 -68.5161 -0.524982 -0.851053 -0.0100898 -154.955 -0.00158898 -0.0108748 0.99994 -0.291797
-0.890455 0.455027 -0.00629722 -68.9223 -0.454999 -0.890476 -0.00534244 -155.191 -0.00803848 -0.00189197 0.999966 -0.273156
-0.931688 0.362705 -0.0200621 -69.393 -0.362897 -0.931804 0.00682924 -155.385 -0.0162169 0.0136432 0.999775 -0.321893
-0.938832 0.343551 -0.0238038 -69.51 -0.343823 -0.938997 0.00834115 -155.421 -0.0194861 0.0160152 0.999682 -0.315456
-0.944743 0.326973 -0.0234348 -69.6019 -0.327237 -0.944905 0.00839628 -155.417 -0.0193983 0.0156011 0.99969 -0.355641
-0.962143 0.271886 -0.0189469 -70.0162 -0.272168 -0.962144 0.0142874 -155.467 -0.014345 0.0189033 0.999718 -0.349837
-0.96568 0.259181 -0.0169578 -70.3278 -0.259457 -0.965608 0.0167981 -155.566 -0.0120209 0.0206214 0.999715 -0.378447
-0.968484 0.24849 -0.017056 -70.832 -0.248766 -0.968423 0.0165349 -155.683 -0.0124087 0.0202567 0.999718 -0.379934
-0.971575 0.236393 -0.01263 -71.1206 -0.23661 -0.971399 0.019971 -155.786 -0.00754781 0.0223917 0.999721 -0.373167
-0.982648 0.184843 -0.0153437 -71.518 -0.185202 -0.982335 0.0267823 -155.897 -0.0101222 0.0291592 0.999524 -0.333364
-0.998857 0.0466026 -0.0106449 -72.4641 -0.0468928 -0.998483 0.0288629 -155.95 -0.00928362 0.0293291 0.999527 -0.367494
-0.999694 0.0211594 -0.0128315 -73.1979 -0.0215136 -0.999373 0.0281201 -155.978 -0.0122284 0.0283876 0.999522 -0.383136
-0.999867 0.00804853 -0.0141965 -74.278 -0.00845324 -0.999553 0.0286815 -155.984 -0.0139594 0.0287977 0.999488 -0.333197
-0.999859 0.00425391 -0.0162663 -74.7041 -0.00469627 -0.999617 0.0272539 -156.007 -0.0161441 0.0273265 0.999496 -0.342689
-0.99987 0.00109279 -0.0161156 -75.1135 -0.00151515 -0.999655 0.0262198 -155.989 -0.0160814 0.0262408 0.999526 -0.327561
-0.999914 -0.00119492 -0.0130608 -75.5302 0.000875982 -0.999702 0.0243978 -156.001 -0.0130861 0.0243842 0.999617 -0.339008
-0.999926 -0.000617988 -0.0121137 -76.4534 0.000342265 -0.999741 0.0227502 -155.999 -0.0121246 0.0227444 0.999668 -0.368082
-0.999944 -0.00108132 -0.0105218 -77.8664 0.000834999 -0.999726 0.023387 -156.001 -0.0105443 0.0233769 0.999671 -0.279569
-0.999647 0.0249535 -0.00910118 -78.2945 -0.0252128 -0.999244 0.0295955 -156.011 -0.00835579 0.0298145 0.99952 -0.41171
-0.999447 0.0329404 -0.00457485 -78.7883 -0.0330473 -0.999124 0.0256902 -156.027 -0.00372459 0.0258272 0.999659 -0.294196
-0.999227 0.0382183 -0.00926234 -82.7236 -0.038401 -0.999054 0.0204175 -156.17 -0.00847326 0.0207573 0.999749 -0.273746
-0.999175 0.0391927 -0.010595 -83.208 -0.0394523 -0.998896 0.025517 -156.186 -0.00958326 0.0259139 0.999618 -0.273842
-0.999225 0.0391417 -0.00424947 -84.2777 -0.0392578 -0.998717 0.0319847 -156.244 -0.00299209 0.0321267 0.999479 -0.304541
-0.999242 0.0370967 -0.0117804 -85.0023 -0.037368 -0.99902 0.0237132 -156.236 -0.0108892 0.0241354 0.999649 -0.296802
-0.999347 0.0349833 -0.00902918 -85.7417 -0.0351985 -0.99907 0.0248863 -156.283 -0.00815018 0.0251878 0.999649 -0.283458
-0.99925 0.0345763 -0.0174134 -86.1307 -0.0349379 -0.999171 0.0209076 -156.317 -0.016676 0.0215003 0.99963 -0.258563
-0.999344 0.0337446 -0.0131278 -86.6737 -0.0339338 -0.999319 0.0144695 -156.302 -0.0126306 0.0149054 0.999809 -0.1911
-0.999169 0.0356611 -0.0197545 -88.2892 -0.0360938 -0.999106 0.0219956 -156.362 -0.0189524 0.0226903 0.999563 -0.29985
-0.999474 0.0313023 -0.00851755 -88.989 -0.0314439 -0.99936 0.0170285 -156.397 -0.00797907 0.0172873 0.999819 -0.250275
-0.999346 0.0309029 -0.0187824 -90.0638 -0.0313392 -0.999235 0.0233961 -156.455 -0.018045 0.0239694 0.99955 -0.257442
-0.999367 0.0317523 -0.0160376 -90.4842 -0.0321444 -0.999175 0.0248138 -156.49 -0.0152365 0.0253136 0.999563 -0.230539
-0.999527 0.0294433 -0.00885347 -91.0464 -0.0296553 -0.999251 0.0248496 -156.496 -0.00811519 0.0251004 0.999652 -0.239239
-0.999903 0.00636445 -0.0123628 -92.7357 -0.00669904 -0.999607 0.0272145 -156.544 -0.0121847 0.0272947 0.999553 -0.296483
-0.999866 0.00163687 -0.0162961 -94.0548 -0.00201593 -0.999727 0.0232713 -156.536 -0.0162535 0.023301 0.999596 -0.27104
-0.999856 0.00149286 -0.0168789 -94.4457 -0.00185832 -0.999764 0.0216567 -156.534 -0.0168426 0.0216849 0.999623 -0.294761
-0.999896 -0.00475058 -0.0136528 -96.0798 0.00447538 -0.999788 0.0201175 -156.547 -0.0137454 0.0200543 0.999704 -0.244172
-0.998566 0.000825455 0.0535303 -96.2121 0.000206476 -0.999814 0.0192691 -156.535 0.0535362 0.0192525 0.99838 -0.326895
-0.997527 -0.00496 0.0701085 -96.5218 0.00655583 -0.999724 0.0225506 -156.56 0.0699773 0.0229545 0.997285 -0.147685
-0.999599 -0.0140069 -0.0246189 -96.6709 0.0136051 -0.999773 0.0164115 -156.526 -0.0248432 0.0160699 0.999562 -0.279035
-0.998182 -0.0127185 -0.0589067 -96.738 0.0118383 -0.999813 0.0152675 -156.552 -0.0590899 0.0145424 0.998147 -0.285879
-0.997674 -0.0109499 -0.0672799 -96.7857 0.0097869 -0.999797 0.0175918 -156.554 -0.0674589 0.0168924 0.997579 -0.269426
-0.994144 -0.00993962 -0.107606 -96.9252 0.00767392 -0.99974 0.0214491 -156.512 -0.107791 0.0204978 0.993962 -0.306023
-0.999692 -0.0110753 -0.0222275 -97.155 0.0106133 -0.999727 0.0207965 -156.52 -0.0224518 0.0205542 0.999537 -0.377104
-0.999876 -0.00310559 -0.0154102 -97.3925 0.00284609 -0.999854 0.016833 -156.48 -0.0154602 0.0167871 0.99974 -0.257137
-0.999935 0.0012281 -0.0113663 -97.645 -0.0014542 -0.999801 0.019905 -156.504 -0.0113396 0.0199203 0.999737 -0.280865
-0.999924 0.00210612 -0.0121075 -97.8981 -0.00239146 -0.999719 0.0236013 -156.52 -0.0120544 0.0236285 0.999648 -0.310083
-0.999946 0.00782248 -0.00687585 -98.3419 -0.0079737 -0.999721 0.0222468 -156.529 -0.00669991 0.0223004 0.999729 -0.288974
-0.999872 0.00750679 -0.014094 -102.411 -0.00782975 -0.999705 0.0230006 -156.553 -0.0139172 0.023108 0.999636 -0.242248
-0.999935 0.00570324 -0.00984191 -103.502 -0.00593675 -0.999698 0.0238617 -156.549 -0.00970285 0.0239186 0.999667 -0.264604
-0.999929 0.0062094 -0.0101907 -104.026 -0.00643894 -0.999723 0.0226489 -156.561 -0.0100472 0.022713 0.999692 -0.240675
-0.999912 0.00493557 -0.0123077 -104.581 -0.00518952 -0.999772 0.0206878 -156.552 -0.0122028 0.0207498 0.99971 -0.244184
-0.999884 0.00524149 -0.0142728 -105.147 -0.00555828 -0.999737 0.0222469 -156.548 -0.0141525 0.0223237 0.999651 -0.247938
-0.999869 0.00595242 -0.0150276 -107.035 -0.00627748 -0.999745 0.0216768 -156.592 -0.0148947 0.0217683 0.999652 -0.256248
-0.999854 0.00593341 -0.01605 -107.834 -0.00621683 -0.999825 0.0176662 -156.576 -0.0159424 0.0177634 0.999715 -0.26753
-0.999811 0.00484606 -0.0188155 -108.367 -0.00520813 -0.999801 0.0192421 -156.56 -0.0187185 0.0193365 0.999638 -0.219735
-0.999863 0.00370557 -0.0161266 -109.137 -0.00405211 -0.99976 0.0215094 -156.599 -0.016043 0.0215718 0.999639 -0.252246
-0.99988 0.00423814 -0.0148815 -109.713 -0.00460681 -0.999681 0.0248276 -156.601 -0.0147715 0.0248932 0.999581 -0.233388
-0.999896 0.00351543 -0.0140056 -110.514 -0.00384935 -0.999707 0.0238865 -156.595 -0.0139175 0.0239379 0.999617 -0.244462
-0.999771 0.00505507 -0.020793 -111.094 -0.00549474 -0.999761 0.0211424 -156.589 -0.0206812 0.0212519 0.99956 -0.273245
-0.999898 0.00316241 -0.0139272 -111.621 -0.00345051 -0.99978 0.0207105 -156.572 -0.0138586 0.0207564 0.999689 -0.268025
-0.999892 0.00400942 -0.0141033 -112.715 -0.00427897 -0.999808 0.0191345 -156.613 -0.0140239 0.0191928 0.999717 -0.268545
-0.999837 0.000675036 -0.0180508 -113.19 -0.000976588 -0.99986 0.0167022 -156.582 -0.018037 0.0167171 0.999698 -0.272676
-0.9999 -0.000359233 -0.0141541 -114.049 8.79027e-05 -0.999816 0.0191657 -156.604 -0.0141584 0.0191625 0.999716 -0.292786
-0.999881 0.000599623 -0.0154395 -115.445 -0.000890996 -0.999821 0.0188719 -156.618 -0.0154255 0.0188834 0.999703 -0.255174
-0.999845 -0.00243802 -0.0174446 -115.966 0.00205776 -0.999761 0.0217828 -156.586 -0.0174935 0.0217435 0.999611 -0.263621
-0.999936 -0.00243877 -0.0110335 -116.566 0.00217297 -0.999709 0.024039 -156.567 -0.0110889 0.0240135 0.99965 -0.299351
-0.999896 -0.00380635 -0.0139017 -117.394 0.00348496 -0.999728 0.0230707 -156.597 -0.0139857 0.0230199 0.999637 -0.279023
-0.999884 -0.00326237 -0.0148421 -118.231 0.00291617 -0.999725 0.023288 -156.559 -0.014914 0.0232421 0.999619 -0.285085
-0.999919 -0.00439745 -0.0119053 -119.347 0.00411712 -0.999716 0.0234691 -156.551 -0.0120051 0.0234182 0.999654 -0.288165
-0.999727 -0.00725932 0.0221944 -122.497 0.0079277 -0.999513 0.0301765 -156.51 0.0219645 0.0303442 0.999298 -0.179895
-0.999975 -0.00641729 -0.00291976 -123.084 0.00632622 -0.999524 0.0301983 -156.543 -0.00311216 0.0301791 0.99954 -0.208164
-0.999846 -0.00948886 -0.0147699 -123.583 0.00923374 -0.999809 0.017246 -156.494 -0.0149307 0.017107 0.999742 -0.257491
-0.999846 -0.0109975 -0.0136604 -125.627 0.0107396 -0.999765 0.0188111 -156.433 -0.0138641 0.0186615 0.99973 -0.313703
-0.999828 -0.0142605 -0.011881 -126.747 0.0140082 -0.99968 0.0210504 -156.451 -0.0121774 0.0208804 0.999708 -0.277074
-0.999685 -0.0225895 -0.010946 -128.099 0.0223315 -0.999483 0.0231467 -156.425 -0.0114632 0.0228949 0.999672 -0.264539
-0.99957 -0.0286077 -0.0064839 -129.409 0.028479 -0.999411 0.0191376 -156.372 -0.00702757 0.0189447 0.999796 -0.23272
-0.998532 -0.0534141 -0.00899866 -131.312 0.0532276 -0.998386 0.019818 -156.284 -0.0100427 0.01931 0.999763 -0.249198
-0.998389 -0.0559249 -0.00955225 -132.338 0.0557204 -0.998236 0.0204789 -156.24 -0.0106807 0.0199137 0.999745 -0.238136
-0.998444 -0.0550076 -0.0090945 -132.916 0.0548399 -0.998337 0.017759 -156.188 -0.0100563 0.0172326 0.999801 -0.204854
-0.998421 -0.0553918 -0.00932576 -133.763 0.0551653 -0.998212 0.0230074 -156.154 -0.0105835 0.0224566 0.999692 -0.274484
-0.998469 -0.0540896 -0.0115322 -134.652 0.0538382 -0.998327 0.0210958 -156.103 -0.012654 0.0204426 0.999711 -0.260876
-0.998501 -0.0541094 -0.00823408 -135.528 0.05394 -0.998352 0.0195731 -156.052 -0.00927961 0.0190996 0.999775 -0.240868
-0.99848 -0.0541697 -0.0101814 -136.09 0.0539782 -0.998376 0.0182234 -156.027 -0.011152 0.0176461 0.999782 -0.223507
-0.99837 -0.0553907 -0.0137312 -136.669 0.0551302 -0.998304 0.0186772 -156.028 -0.0147425 0.0178897 0.999731 -0.268639
-0.998324 -0.0553412 -0.016934 -137.24 0.0550837 -0.998364 0.0153086 -155.943 -0.0177535 0.0143502 0.999739 -0.233601
-0.998383 -0.0553475 -0.0129319 -137.817 0.0551166 -0.998325 0.0175749 -155.949 -0.0138829 0.0168338 0.999762 -0.246014
-0.998423 -0.0532801 -0.0176696 -138.951 0.05306 -0.99851 0.0127003 -155.876 -0.01832 0.0117427 0.999763 -0.247074
-0.998431 -0.0537211 -0.0158198 -140.373 0.0534147 -0.998388 0.0191931 -155.79 -0.0168253 0.018318 0.999691 -0.257643
-0.998321 -0.0565974 -0.0123087 -141.653 0.0563791 -0.998257 0.0174159 -155.701 -0.0132729 0.0166927 0.999773 -0.256865
-0.998295 -0.0578777 -0.00760062 -142.362 0.0577472 -0.998197 0.016395 -155.675 -0.00853582 0.0159281 0.999837 -0.22062
-0.998272 -0.058013 -0.0093856 -142.88 0.0578557 -0.998193 0.016246 -155.632 -0.0103111 0.0156749 0.999824 -0.206273
-0.997117 -0.0758329 -0.00278368 -144.517 0.0757559 -0.996894 0.0215133 -155.532 -0.00440646 0.0212404 0.999765 -0.223676
-0.995698 -0.0924313 -0.00647102 -145.133 0.0923012 -0.995566 0.0181391 -155.469 -0.00811895 0.0174638 0.999815 -0.168768
-0.994964 -0.0994736 -0.0123354 -148.036 0.0991631 -0.99479 0.023647 -155.193 -0.0146234 0.0223047 0.999644 -0.178638
-0.994615 -0.103291 -0.00851183 -149.04 0.103125 -0.994504 0.0180656 -155.131 -0.0103311 0.0170906 0.999801 -0.14369
-0.985082 -0.171779 -0.0102451 -150.263 0.17147 -0.984852 0.02579 -154.922 -0.01452 0.0236485 0.999615 -0.152006
-0.983987 -0.178018 -0.00891045 -150.772 0.177739 -0.983738 0.0258675 -154.836 -0.0133704 0.0238696 0.999626 -0.146815
-0.983479 -0.180837 -0.00816041 -151.201 0.180654 -0.983357 0.0193257 -154.742 -0.0115194 0.0175322 0.99978 -0.151276
-0.966248 -0.257454 -0.00903657 -157.841 0.257271 -0.966179 0.0176022 -153.349 -0.0132627 0.0146832 0.999804 -0.171939
-0.956071 -0.293093 -0.00491203 -158.807 0.29294 -0.955914 0.0203306 -153.075 -0.0106542 0.0179986 0.999781 -0.119151
-0.94089 -0.338502 -0.0119136 -159.863 0.338212 -0.940831 0.0212242 -152.704 -0.0183931 0.0159403 0.999704 -0.0722592
-0.94939 -0.314067 -0.0044678 -161.595 0.313902 -0.949202 0.021931 -152.061 -0.0111287 0.0194186 0.99975 -0.145507
-0.952812 -0.303558 -0.000971945 -162.038 0.303468 -0.952599 0.021511 -151.919 -0.0074557 0.020201 0.999768 -0.132106
-0.953911 -0.300072 -0.00317796 -162.737 0.299949 -0.953737 0.0203799 -151.771 -0.00914636 0.0184873 0.999787 -0.0903068
-0.943305 -0.331789 -0.00958086 -163.601 0.331531 -0.943197 0.0216156 -151.433 -0.0162084 0.0172138 0.99972 -0.0959023
-0.941384 -0.337281 -0.00614433 -164.643 0.337136 -0.941296 0.0173689 -151.045 -0.0116419 0.0142794 0.99983 -0.112664
-0.923143 -0.38441 -0.00593745 -166.187 0.384251 -0.923045 0.0184359 -150.498 -0.0125675 0.0147375 0.999812 -0.0999617
-0.906396 -0.422314 -0.00987767 -167.646 0.42225 -0.906444 0.00793854 -149.892 -0.0123061 0.00302461 0.99992 -0.130655
-0.865271 -0.501244 -0.00778372 -169.63 0.501284 -0.865272 -0.00435752 -148.78 -0.00455085 -0.00767229 0.99996 -0.110049
-0.863361 -0.504131 -0.0214317 -171.349 0.504411 -0.863402 -0.0103093 -147.763 -0.0133069 -0.019711 0.999717 -0.0819225
-0.864031 -0.502899 -0.023301 -172.134 0.503241 -0.864062 -0.0120252 -147.341 -0.0140861 -0.0221162 0.999656 -0.0942062
-0.863885 -0.503065 -0.0250641 -173.082 0.503454 -0.863932 -0.0124636 -146.808 -0.0153837 -0.0233858 0.999608 -0.0665704
-0.863617 -0.50364 -0.022638 -175.227 0.503956 -0.863657 -0.0111631 -145.539 -0.0139293 -0.0210492 0.999681 -0.0793399
-0.863758 -0.503419 -0.0221513 -175.967 0.503702 -0.863825 -0.00951088 -145.136 -0.0143469 -0.0193728 0.999709 -0.0780952
-0.735297 -0.677119 -0.0291216 -177.02 0.677474 -0.73554 -0.00329407 -144.429 -0.0191896 -0.0221513 0.99957 -0.0918482
-0.673063 -0.739209 -0.0235726 -177.574 0.73949 -0.673145 -0.00548207 -143.787 -0.0118154 -0.0211215 0.999707 -0.112867
-0.561869 -0.826932 -0.0220508 -178.188 0.827195 -0.561881 -0.00621847 -143.086 -0.00724767 -0.0217343 0.999737 -0.0804795
-0.357643 -0.933676 -0.0184529 -178.909 0.933824 -0.35773 0.00151671 -141.41 -0.00801729 -0.0166894 0.999829 -0.119863
-0.350143 -0.936578 -0.0148805 -179.791 0.936677 -0.350194 0.000853356 -138.944 -0.0060103 -0.0136394 0.999889 -0.1204
-0.349709 -0.936852 -0.00342288 -180.457 0.936743 -0.349721 0.0143981 -137.096 -0.014686 0.00182881 0.999891 -0.0707264
-0.38647 -0.922295 0.00345149 -181.838 0.922033 -0.386265 0.0255709 -133.585 -0.0222508 0.0130648 0.999667 -0.0991346
-0.390496 -0.92049 0.0145217 -184.147 0.920305 -0.389918 0.0316723 -128.151 -0.0234918 0.0257323 0.999393 -0.017486
-0.37256 -0.927822 0.0185717 -184.647 0.927984 -0.372332 0.0146698 -126.963 -0.0066962 0.0226996 0.99972 -0.0181961
-0.373186 -0.927712 0.00906709 -185.054 0.927668 -0.372996 0.017508 -125.953 -0.0128604 0.014945 0.999806 -0.0306891
-0.372692 -0.927934 0.00625907 -185.916 0.927832 -0.372523 0.0188385 -123.798 -0.0151492 0.0128283 0.999803 -0.0415639
-0.371885 -0.928263 0.00535787 -186.149 0.928154 -0.371734 0.0185447 -123.22 -0.0152226 0.0118694 0.999814 -0.049656
-0.372504 -0.928013 0.00571191 -186.308 0.927953 -0.372386 0.0152204 -122.84 -0.0119977 0.0109701 0.999868 -0.022793
-0.369867 -0.929062 0.00641094 -186.62 0.928991 -0.369723 0.0167389 -122.078 -0.0131812 0.0121469 0.999839 -0.0123251
-0.370757 -0.928696 0.00794608 -186.794 0.928645 -0.370594 0.0167013 -121.639 -0.0125656 0.0135712 0.999829 -0.0102898
-0.37023 -0.928925 0.00518835 -186.96 0.928833 -0.370097 0.0172329 -121.254 -0.0140879 0.0111993 0.999838 0.0245286
-0.371507 -0.928405 0.00689159 -187.086 0.928392 -0.371413 0.0118676 -120.867 -0.0084583 0.010807 0.999906 -0.0148044
-0.371344 -0.928496 7.66198e-05 -187.247 0.928437 -0.371319 0.0112099 -120.461 -0.0103799 0.00423385 0.999937 0.011994
-0.372375 -0.928081 -0.00157467 -187.402 0.928022 -0.372369 0.0108206 -120.046 -0.0106287 0.00256797 0.99994 -0.0158176
-0.372028 -0.928186 -0.00809747 -187.645 0.928098 -0.372107 0.0130754 -119.496 -0.0151495 -0.00265083 0.999882 -0.00320948
-0.370585 -0.92854 -0.021894 -188.153 0.928597 -0.370892 0.0120707 -118.186 -0.0193285 -0.0158575 0.999687 -0.00138201
-0.370089 -0.92864 -0.0257205 -188.373 0.928706 -0.370524 0.0147426 -117.631 -0.0232206 -0.0184307 0.99956 0.0466387
-0.322234 -0.946254 -0.0277297 -189.237 0.946436 -0.322656 0.0122832 -115.532 -0.0205702 -0.0222863 0.99954 -0.0305837
-0.188604 -0.981713 -0.025834 -189.369 0.981807 -0.189081 0.0174338 -114.966 -0.0219997 -0.0220759 0.999514 0.0030205
-0.124243 -0.991939 -0.0248961 -189.374 0.992045 -0.12469 0.0172764 -114.897 -0.0202414 -0.0225516 0.999541 0.00125258
-0.0792464 -0.996557 -0.0243567 -189.391 0.996676 -0.0796719 0.0170245 -114.903 -0.0189065 -0.0229266 0.999558 -0.0271247
-0.0793052 -0.996549 -0.0245262 -189.367 0.996659 -0.0797485 0.0176533 -114.918 -0.0195483 -0.0230442 0.999543 -0.0123985
-0.0796002 -0.996535 -0.0241041 -189.362 0.996619 -0.0800538 0.0184747 -114.932 -0.0203404 -0.022552 0.999539 -0.0184272
-0.0794046 -0.996543 -0.024449 -189.365 0.996648 -0.0798496 0.0177985 -114.94 -0.0196892 -0.0229537 0.999543 -0.00891918
-0.0791175 -0.996573 -0.0241193 -189.362 0.996658 -0.0795718 0.0184938 -114.919 -0.0203497 -0.0225755 0.999538 -0.00924027
-0.0798276 -0.996526 -0.0237308 -189.37 0.996603 -0.0802724 0.0184208 -114.934 -0.0202618 -0.0221797 0.999549 -0.00585911
-0.0790309 -0.996566 -0.0247004 -189.366 0.996677 -0.0794818 0.0178356 -114.919 -0.0197376 -0.0232088 0.999536 -0.0104981
-0.0785926 -0.996637 -0.023185 -189.366 0.996724 -0.0790017 0.017291 -114.907 -0.0190645 -0.0217501 0.999582 -0.0129214
-0.0785137 -0.996625 -0.0239801 -189.371 0.996728 -0.0789403 0.0173886 -114.902 -0.0192229 -0.0225364 0.999561 -0.0112135
-0.0782286 -0.996653 -0.0237396 -189.37 0.996738 -0.0786646 0.0180231 -114.92 -0.0198302 -0.0222523 0.999556 -0.00109185
-0.0786364 -0.99662 -0.0237771 -189.363 0.996735 -0.079039 0.0164947 -114.915 -0.0183183 -0.0224023 0.999581 -0.0118303
-0.0786306 -0.996592 -0.0249238 -189.356 0.996745 -0.0790394 0.0158644 -114.916 -0.0177803 -0.0235952 0.999563 -0.011279
-0.0786478 -0.996598 -0.0246306 -189.367 0.996727 -0.0790738 0.0168261 -114.931 -0.0187165 -0.0232266 0.999555 -0.0172996
-0.0781871 -0.996646 -0.0241708 -189.366 0.996773 -0.0785936 0.0163494 -114.903 -0.0181943 -0.0228145 0.999574 -0.00516191
-0.0790226 -0.99659 -0.0237444 -189.364 0.996699 -0.0794316 0.0168086 -114.898 -0.0186374 -0.0223378 0.999577 -0.0120972
-0.0783466 -0.996639 -0.0239253 -189.378 0.99674 -0.0787732 0.0174406 -114.91 -0.0192666 -0.0224809 0.999562 -0.0089015
-0.0789383 -0.996558 -0.0253137 -189.366 0.996715 -0.0793609 0.0161498 -114.918 -0.0181031 -0.0239557 0.999549 -0.0168345
-0.0790384 -0.996559 -0.0249681 -189.354 0.996702 -0.0794617 0.0164418 -114.904 -0.0183693 -0.0235862 0.999553 -0.020048
-0.0792093 -0.996555 -0.0245817 -189.363 0.99668 -0.079637 0.0169391 -114.912 -0.0188384 -0.0231584 0.999554 -0.0145748
-0.0787685 -0.996585 -0.0247686 -189.352 0.996723 -0.0791891 0.0164834 -114.908 -0.0183885 -0.0233891 0.999557 -0.00458594
-0.0784191 -0.996623 -0.0243396 -189.359 0.996741 -0.0788448 0.0170534 -114.903 -0.0189148 -0.0229229 0.999558 -0.013825
-0.0785424 -0.996587 -0.0253873 -189.364 0.996742 -0.0789724 0.0164045 -114.889 -0.0183534 -0.0240162 0.999543 -0.0184893
-0.0779729 -0.996655 -0.02448 -189.358 0.996767 -0.078412 0.017518 -114.885 -0.0193789 -0.0230349 0.999547 -0.0112153
-0.078229 -0.996648 -0.0239144 -189.362 0.996776 -0.0786228 0.0159949 -114.896 -0.0178215 -0.022586 0.999586 -0.00850722
