1 0 0 3.79315e+06 0 1 0 5.02223e+06 0 0 1 5.29029e+06
1 0 0 3.79315e+06 0 1 0 5.02223e+06 0 0 1 5.29029e+06
1 0 0 3.79315e+06 0 1 0 5.02223e+06 0 0 1 5.29029e+06
1 0 0 3.79315e+06 0 1 0 5.02223e+06 0 0 1 5.29029e+06
1 0 0 3.79315e+06 0 1 0 5.02223e+06 0 0 1 5.29029e+06
1 0 0 3.79315e+06 0 1 0 5.02223e+06 0 0 1 5.29029e+06
1 0 0 3.79315e+06 0 1 0 5.02223e+06 0 0 1 5.29029e+06
1 0 0 3.79315e+06 0 1 0 5.02223e+06 0 0 1 5.29029e+06
1 0 0 3.79315e+06 0 1 0 5.02223e+06 0 0 1 5.29029e+06
1 0 0 3.79315e+06 0 1 0 5.02223e+06 0 0 1 5.29029e+06
1 0 0 3.79315e+06 0 1 0 5.02223e+06 0 0 1 5.29029e+06
1 0 0 3.79315e+06 0 1 0 5.02223e+06 0 0 1 5.29029e+06
1 0 0 3.79315e+06 0 1 0 5.02223e+06 0 0 1 5.29029e+06
1 0 0 3.79315e+06 0 1 0 5.02223e+06 0 0 1 5.29029e+06
1 0 0 3.79315e+06 0 1 0 5.02223e+06 0 0 1 5.29029e+06
1 0 0 3.79315e+06 0 1 0 5.02223e+06 0 0 1 5.29029e+06
1 0 0 3.79315e+06 0 1 0 5.02223e+06 0 0 1 5.29029e+06
1 0 0 3.79315e+06 0 1 0 5.02223e+06 0 0 1 5.29029e+06
1 0 0 3.79315e+06 0 1 0 5.02223e+06 0 0 1 5.29029e+06
1 0 0 3.79315e+06 0 1 0 5.02223e+06 0 0 1 5.29029e+06
1 0 0 3.79315e+06 0 1 0 5.02223e+06 0 0 1 5.29029e+06
1 0 0 3.79315e+06 0 1 0 5.02223e+06 0 0 1 5.29029e+06
1 0 0 3.79315e+06 0 1 0 5.02223e+06 0 0 1 5.29029e+06
1 0 0 3.79315e+06 0 1 0 5.02223e+06 0 0 1 5.29029e+06
1 0 0 3.79315e+06 0 1 0 5.02222e+06 0 0 1 5.29029e+06
1 0 0 3.79315e+06 0 1 0 5.02223e+06 0 0 1 5.29029e+06
1 0 0 3.79315e+06 0 1 0 5.02223e+06 0 0 1 5.29029e+06
1 0 0 3.79315e+06 0 1 0 5.02223e+06 0 0 1 5.29029e+06
1 0 0 3.79315e+06 0 1 0 5.02223e+06 0 0 1 5.29029e+06
1 0 0 3.79315e+06 0 1 0 5.02223e+06 0 0 1 5.29029e+06
1 0 0 3.79315e+06 0 1 0 5.02222e+06 0 0 1 5.29029e+06
1 0 0 3.79315e+06 0 1 0 5.02222e+06 0 0 1 5.29029e+06
1 0 0 3.79315e+06 0 1 0 5.02223e+06 0 0 1 5.29029e+06
1 0 0 3.79315e+06 0 1 0 5.02222e+06 0 0 1 5.29029e+06
1 0 0 3.79315e+06 0 1 0 5.02222e+06 0 0 1 5.29029e+06
1 0 0 3.79315e+06 0 1 0 5.02222e+06 0 0 1 5.29029e+06
1 0 0 3.79315e+06 0 1 0 5.02222e+06 0 0 1 5.29029e+06
1 0 0 3.79315e+06 0 1 0 5.02222e+06 0 0 1 5.29029e+06
1 0 0 3.79315e+06 0 1 0 5.02222e+06 0 0 1 5.29029e+06
1 0 0 3.79315e+06 0 1 0 5.02222e+06 0 0 1 5.29029e+06
1 0 0 3.79315e+06 0 1 0 5.02222e+06 0 0 1 5.29029e+06
1 0 0 3.79315e+06 0 1 0 5.02222e+06 0 0 1 5.29029e+06
1 0 0 3.79315e+06 0 1 0 5.02222e+06 0 0 1 5.29029e+06
1 0 0 3.79315e+06 0 1 0 5.02222e+06 0 0 1 5.29029e+06
1 0 0 3.79315e+06 0 1 0 5.02222e+06 0 0 1 5.29029e+06
1 0 0 3.79315e+06 0 1 0 5.02222e+06 0 0 1 5.29029e+06
1 0 0 3.79315e+06 0 1 0 5.02222e+06 0 0 1 5.29028e+06
1 0 0 3.79315e+06 0 1 0 5.02222e+06 0 0 1 5.29028e+06
1 0 0 3.79315e+06 0 1 0 5.02222e+06 0 0 1 5.29028e+06
1 0 0 3.79315e+06 0 1 0 5.02222e+06 0 0 1 5.29028e+06
1 0 0 3.79315e+06 0 1 0 5.02222e+06 0 0 1 5.29028e+06
1 0 0 3.79315e+06 0 1 0 5.02222e+06 0 0 1 5.29028e+06
1 0 0 3.79315e+06 0 1 0 5.02222e+06 0 0 1 5.29028e+06
1 0 0 3.79315e+06 0 1 0 5.02222e+06 0 0 1 5.29028e+06
1 0 0 3.79315e+06 0 1 0 5.02222e+06 0 0 1 5.29028e+06
1 0 0 3.79315e+06 0 1 0 5.02222e+06 0 0 1 5.29028e+06
1 0 0 3.79315e+06 0 1 0 5.02222e+06 0 0 1 5.29028e+06
1 0 0 3.79315e+06 0 1 0 5.02222e+06 0 0 1 5.29028e+06
1 0 0 3.79315e+06 0 1 0 5.02222e+06 0 0 1 5.29028e+06
1 0 0 3.79315e+06 0 1 0 5.02222e+06 0 0 1 5.29028e+06
1 0 0 3.79315e+06 0 1 0 5.02222e+06 0 0 1 5.29028e+06
1 0 0 3.79315e+06 0 1 0 5.02222e+06 0 0 1 5.29028e+06
1 0 0 3.79315e+06 0 1 0 5.02222e+06 0 0 1 5.29028e+06
1 0 0 3.79316e+06 0 1 0 5.02222e+06 0 0 1 5.29028e+06
1 0 0 3.79315e+06 0 1 0 5.02222e+06 0 0 1 5.29028e+06
1 0 0 3.79316e+06 0 1 0 5.02222e+06 0 0 1 5.29028e+06
1 0 0 3.79316e+06 0 1 0 5.02222e+06 0 0 1 5.29028e+06
1 0 0 3.79316e+06 0 1 0 5.02222e+06 0 0 1 5.29028e+06
1 0 0 3.79316e+06 0 1 0 5.02222e+06 0 0 1 5.29028e+06
1 0 0 3.79316e+06 0 1 0 5.02222e+06 0 0 1 5.29027e+06
1 0 0 3.79316e+06 0 1 0 5.02222e+06 0 0 1 5.29027e+06
1 0 0 3.79316e+06 0 1 0 5.02222e+06 0 0 1 5.29027e+06
1 0 0 3.79316e+06 0 1 0 5.02221e+06 0 0 1 5.29027e+06
1 0 0 3.79316e+06 0 1 0 5.02222e+06 0 0 1 5.29027e+06
1 0 0 3.79316e+06 0 1 0 5.02221e+06 0 0 1 5.29027e+06
1 0 0 3.79316e+06 0 1 0 5.02221e+06 0 0 1 5.29027e+06
1 0 0 3.79316e+06 0 1 0 5.02221e+06 0 0 1 5.29027e+06
1 0 0 3.79316e+06 0 1 0 5.02221e+06 0 0 1 5.29027e+06
1 0 0 3.79316e+06 0 1 0 5.02221e+06 0 0 1 5.29027e+06
1 0 0 3.79316e+06 0 1 0 5.02221e+06 0 0 1 5.29027e+06
1 0 0 3.79316e+06 0 1 0 5.02221e+06 0 0 1 5.29027e+06
1 0 0 3.79316e+06 0 1 0 5.02221e+06 0 0 1 5.29027e+06
1 0 0 3.79316e+06 0 1 0 5.02221e+06 0 0 1 5.29027e+06
1 0 0 3.79316e+06 0 1 0 5.02221e+06 0 0 1 5.29027e+06
1 0 0 3.79316e+06 0 1 0 5.02221e+06 0 0 1 5.29027e+06
1 0 0 3.79316e+06 0 1 0 5.02221e+06 0 0 1 5.29026e+06
1 0 0 3.79316e+06 0 1 0 5.02221e+06 0 0 1 5.29026e+06
1 0 0 3.79316e+06 0 1 0 5.02221e+06 0 0 1 5.29026e+06
1 0 0 3.79316e+06 0 1 0 5.02221e+06 0 0 1 5.29026e+06
1 0 0 3.79316e+06 0 1 0 5.02221e+06 0 0 1 5.29026e+06
1 0 0 3.79316e+06 0 1 0 5.02221e+06 0 0 1 5.29026e+06
1 0 0 3.79316e+06 0 1 0 5.02221e+06 0 0 1 5.29026e+06
1 0 0 3.79316e+06 0 1 0 5.02221e+06 0 0 1 5.29026e+06
1 0 0 3.79316e+06 0 1 0 5.02221e+06 0 0 1 5.29026e+06
1 0 0 3.79316e+06 0 1 0 5.02221e+06 0 0 1 5.29026e+06
1 0 0 3.79317e+06 0 1 0 5.02221e+06 0 0 1 5.29026e+06
1 0 0 3.79317e+06 0 1 0 5.0222e+06 0 0 1 5.29026e+06
1 0 0 3.79316e+06 0 1 0 5.0222e+06 0 0 1 5.29026e+06
1 0 0 3.79317e+06 0 1 0 5.0222e+06 0 0 1 5.29026e+06
1 0 0 3.79317e+06 0 1 0 5.0222e+06 0 0 1 5.29025e+06
1 0 0 3.79317e+06 0 1 0 5.0222e+06 0 0 1 5.29025e+06
1 0 0 3.79317e+06 0 1 0 5.0222e+06 0 0 1 5.29025e+06
1 0 0 3.79317e+06 0 1 0 5.0222e+06 0 0 1 5.29025e+06
1 0 0 3.79317e+06 0 1 0 5.0222e+06 0 0 1 5.29025e+06
1 0 0 3.79317e+06 0 1 0 5.0222e+06 0 0 1 5.29025e+06
1 0 0 3.79317e+06 0 1 0 5.0222e+06 0 0 1 5.29025e+06
1 0 0 3.79317e+06 0 1 0 5.0222e+06 0 0 1 5.29025e+06
1 0 0 3.79317e+06 0 1 0 5.0222e+06 0 0 1 5.29025e+06
1 0 0 3.79317e+06 0 1 0 5.0222e+06 0 0 1 5.29025e+06
1 0 0 3.79317e+06 0 1 0 5.0222e+06 0 0 1 5.29025e+06
1 0 0 3.79317e+06 0 1 0 5.0222e+06 0 0 1 5.29025e+06
1 0 0 3.79317e+06 0 1 0 5.0222e+06 0 0 1 5.29024e+06
1 0 0 3.79317e+06 0 1 0 5.0222e+06 0 0 1 5.29024e+06
1 0 0 3.79317e+06 0 1 0 5.0222e+06 0 0 1 5.29024e+06
1 0 0 3.79317e+06 0 1 0 5.0222e+06 0 0 1 5.29024e+06
1 0 0 3.79317e+06 0 1 0 5.0222e+06 0 0 1 5.29024e+06
1 0 0 3.79317e+06 0 1 0 5.0222e+06 0 0 1 5.29024e+06
1 0 0 3.79317e+06 0 1 0 5.0222e+06 0 0 1 5.29024e+06
1 0 0 3.79317e+06 0 1 0 5.0222e+06 0 0 1 5.29024e+06
1 0 0 3.79317e+06 0 1 0 5.02219e+06 0 0 1 5.29024e+06
1 0 0 3.79318e+06 0 1 0 5.02219e+06 0 0 1 5.29024e+06
1 0 0 3.79318e+06 0 1 0 5.02219e+06 0 0 1 5.29024e+06
1 0 0 3.79318e+06 0 1 0 5.02219e+06 0 0 1 5.29024e+06
1 0 0 3.79318e+06 0 1 0 5.02219e+06 0 0 1 5.29024e+06
1 0 0 3.79318e+06 0 1 0 5.02219e+06 0 0 1 5.29024e+06
1 0 0 3.79318e+06 0 1 0 5.02219e+06 0 0 1 5.29023e+06
1 0 0 3.79318e+06 0 1 0 5.02219e+06 0 0 1 5.29023e+06
1 0 0 3.79318e+06 0 1 0 5.02219e+06 0 0 1 5.29023e+06
1 0 0 3.79318e+06 0 1 0 5.02219e+06 0 0 1 5.29023e+06
1 0 0 3.79318e+06 0 1 0 5.02219e+06 0 0 1 5.29023e+06
1 0 0 3.79318e+06 0 1 0 5.02219e+06 0 0 1 5.29023e+06
1 0 0 3.79318e+06 0 1 0 5.02219e+06 0 0 1 5.29023e+06
1 0 0 3.79318e+06 0 1 0 5.02219e+06 0 0 1 5.29023e+06
1 0 0 3.79318e+06 0 1 0 5.02219e+06 0 0 1 5.29023e+06
1 0 0 3.79318e+06 0 1 0 5.02219e+06 0 0 1 5.29023e+06
1 0 0 3.79318e+06 0 1 0 5.02219e+06 0 0 1 5.29023e+06
1 0 0 3.79318e+06 0 1 0 5.02219e+06 0 0 1 5.29023e+06
1 0 0 3.79318e+06 0 1 0 5.02219e+06 0 0 1 5.29022e+06
1 0 0 3.79318e+06 0 1 0 5.02218e+06 0 0 1 5.29022e+06
1 0 0 3.79318e+06 0 1 0 5.02218e+06 0 0 1 5.29022e+06
1 0 0 3.79318e+06 0 1 0 5.02218e+06 0 0 1 5.29022e+06
1 0 0 3.79318e+06 0 1 0 5.02218e+06 0 0 1 5.29022e+06
1 0 0 3.79318e+06 0 1 0 5.02218e+06 0 0 1 5.29022e+06
1 0 0 3.79318e+06 0 1 0 5.02218e+06 0 0 1 5.29022e+06
1 0 0 3.79318e+06 0 1 0 5.02218e+06 0 0 1 5.29022e+06
1 0 0 3.79318e+06 0 1 0 5.02218e+06 0 0 1 5.29022e+06
1 0 0 3.79319e+06 0 1 0 5.02218e+06 0 0 1 5.29022e+06
1 0 0 3.79319e+06 0 1 0 5.02218e+06 0 0 1 5.29022e+06
1 0 0 3.79319e+06 0 1 0 5.02218e+06 0 0 1 5.29022e+06
1 0 0 3.79319e+06 0 1 0 5.02218e+06 0 0 1 5.29022e+06
1 0 0 3.79319e+06 0 1 0 5.02218e+06 0 0 1 5.29022e+06
1 0 0 3.79319e+06 0 1 0 5.02218e+06 0 0 1 5.29021e+06
1 0 0 3.79319e+06 0 1 0 5.02218e+06 0 0 1 5.29021e+06
1 0 0 3.79319e+06 0 1 0 5.02218e+06 0 0 1 5.29021e+06
1 0 0 3.79319e+06 0 1 0 5.02218e+06 0 0 1 5.29021e+06
1 0 0 3.79319e+06 0 1 0 5.02218e+06 0 0 1 5.29021e+06
1 0 0 3.79319e+06 0 1 0 5.02218e+06 0 0 1 5.29021e+06
1 0 0 3.79319e+06 0 1 0 5.02218e+06 0 0 1 5.29021e+06
1 0 0 3.79319e+06 0 1 0 5.02218e+06 0 0 1 5.29021e+06
1 0 0 3.79319e+06 0 1 0 5.02218e+06 0 0 1 5.29021e+06
1 0 0 3.79319e+06 0 1 0 5.02217e+06 0 0 1 5.29021e+06
1 0 0 3.79319e+06 0 1 0 5.02217e+06 0 0 1 5.29021e+06
1 0 0 3.79319e+06 0 1 0 5.02217e+06 0 0 1 5.29021e+06
1 0 0 3.79319e+06 0 1 0 5.02217e+06 0 0 1 5.2902e+06
1 0 0 3.79319e+06 0 1 0 5.02217e+06 0 0 1 5.2902e+06
1 0 0 3.79319e+06 0 1 0 5.02217e+06 0 0 1 5.2902e+06
1 0 0 3.79319e+06 0 1 0 5.02217e+06 0 0 1 5.2902e+06
1 0 0 3.79319e+06 0 1 0 5.02217e+06 0 0 1 5.2902e+06
1 0 0 3.79319e+06 0 1 0 5.02217e+06 0 0 1 5.2902e+06
1 0 0 3.7932e+06 0 1 0 5.02217e+06 0 0 1 5.2902e+06
1 0 0 3.7932e+06 0 1 0 5.02217e+06 0 0 1 5.2902e+06
1 0 0 3.7932e+06 0 1 0 5.02217e+06 0 0 1 5.2902e+06
1 0 0 3.7932e+06 0 1 0 5.02217e+06 0 0 1 5.2902e+06
1 0 0 3.7932e+06 0 1 0 5.02217e+06 0 0 1 5.2902e+06
1 0 0 3.7932e+06 0 1 0 5.02217e+06 0 0 1 5.2902e+06
1 0 0 3.7932e+06 0 1 0 5.02217e+06 0 0 1 5.2902e+06
1 0 0 3.7932e+06 0 1 0 5.02217e+06 0 0 1 5.29019e+06
1 0 0 3.7932e+06 0 1 0 5.02217e+06 0 0 1 5.29019e+06
1 0 0 3.7932e+06 0 1 0 5.02217e+06 0 0 1 5.29019e+06
1 0 0 3.7932e+06 0 1 0 5.02217e+06 0 0 1 5.29019e+06
1 0 0 3.7932e+06 0 1 0 5.02216e+06 0 0 1 5.29019e+06
1 0 0 3.7932e+06 0 1 0 5.02216e+06 0 0 1 5.29019e+06
1 0 0 3.7932e+06 0 1 0 5.02216e+06 0 0 1 5.29019e+06
1 0 0 3.7932e+06 0 1 0 5.02216e+06 0 0 1 5.29019e+06
1 0 0 3.7932e+06 0 1 0 5.02216e+06 0 0 1 5.29019e+06
1 0 0 3.7932e+06 0 1 0 5.02216e+06 0 0 1 5.29019e+06
1 0 0 3.7932e+06 0 1 0 5.02216e+06 0 0 1 5.29019e+06
1 0 0 3.7932e+06 0 1 0 5.02216e+06 0 0 1 5.29019e+06
1 0 0 3.7932e+06 0 1 0 5.02216e+06 0 0 1 5.29019e+06
1 0 0 3.7932e+06 0 1 0 5.02216e+06 0 0 1 5.29018e+06
1 0 0 3.7932e+06 0 1 0 5.02216e+06 0 0 1 5.29018e+06
1 0 0 3.7932e+06 0 1 0 5.02216e+06 0 0 1 5.29018e+06
1 0 0 3.7932e+06 0 1 0 5.02216e+06 0 0 1 5.29018e+06
1 0 0 3.7932e+06 0 1 0 5.02216e+06 0 0 1 5.29018e+06
1 0 0 3.7932e+06 0 1 0 5.02216e+06 0 0 1 5.29018e+06
1 0 0 3.79321e+06 0 1 0 5.02216e+06 0 0 1 5.29018e+06
1 0 0 3.79321e+06 0 1 0 5.02216e+06 0 0 1 5.29018e+06
1 0 0 3.79321e+06 0 1 0 5.02216e+06 0 0 1 5.29018e+06
1 0 0 3.79321e+06 0 1 0 5.02216e+06 0 0 1 5.29018e+06
1 0 0 3.79321e+06 0 1 0 5.02216e+06 0 0 1 5.29018e+06
1 0 0 3.79321e+06 0 1 0 5.02216e+06 0 0 1 5.29018e+06
1 0 0 3.79321e+06 0 1 0 5.02216e+06 0 0 1 5.29018e+06
1 0 0 3.79321e+06 0 1 0 5.02216e+06 0 0 1 5.29018e+06
1 0 0 3.79321e+06 0 1 0 5.02215e+06 0 0 1 5.29017e+06
1 0 0 3.79321e+06 0 1 0 5.02215e+06 0 0 1 5.29017e+06
1 0 0 3.79321e+06 0 1 0 5.02215e+06 0 0 1 5.29017e+06
1 0 0 3.79321e+06 0 1 0 5.02215e+06 0 0 1 5.29017e+06
1 0 0 3.79321e+06 0 1 0 5.02215e+06 0 0 1 5.29017e+06
1 0 0 3.79321e+06 0 1 0 5.02215e+06 0 0 1 5.29017e+06
1 0 0 3.79321e+06 0 1 0 5.02215e+06 0 0 1 5.29017e+06
1 0 0 3.79321e+06 0 1 0 5.02215e+06 0 0 1 5.29017e+06
1 0 0 3.79321e+06 0 1 0 5.02215e+06 0 0 1 5.29017e+06
1 0 0 3.79321e+06 0 1 0 5.02215e+06 0 0 1 5.29017e+06
1 0 0 3.79321e+06 0 1 0 5.02215e+06 0 0 1 5.29017e+06
1 0 0 3.79322e+06 0 1 0 5.02215e+06 0 0 1 5.29017e+06
1 0 0 3.79322e+06 0 1 0 5.02215e+06 0 0 1 5.29017e+06
1 0 0 3.79322e+06 0 1 0 5.02215e+06 0 0 1 5.29017e+06
1 0 0 3.79322e+06 0 1 0 5.02215e+06 0 0 1 5.29017e+06
1 0 0 3.79322e+06 0 1 0 5.02215e+06 0 0 1 5.29016e+06
1 0 0 3.79322e+06 0 1 0 5.02214e+06 0 0 1 5.29016e+06
1 0 0 3.79322e+06 0 1 0 5.02214e+06 0 0 1 5.29016e+06
1 0 0 3.79322e+06 0 1 0 5.02214e+06 0 0 1 5.29016e+06
1 0 0 3.79322e+06 0 1 0 5.02214e+06 0 0 1 5.29016e+06
1 0 0 3.79322e+06 0 1 0 5.02214e+06 0 0 1 5.29016e+06
1 0 0 3.79322e+06 0 1 0 5.02214e+06 0 0 1 5.29016e+06
1 0 0 3.79322e+06 0 1 0 5.02214e+06 0 0 1 5.29016e+06
1 0 0 3.79322e+06 0 1 0 5.02214e+06 0 0 1 5.29016e+06
1 0 0 3.79322e+06 0 1 0 5.02214e+06 0 0 1 5.29016e+06
1 0 0 3.79323e+06 0 1 0 5.02214e+06 0 0 1 5.29016e+06
1 0 0 3.79323e+06 0 1 0 5.02214e+06 0 0 1 5.29016e+06
1 0 0 3.79323e+06 0 1 0 5.02214e+06 0 0 1 5.29016e+06
1 0 0 3.79323e+06 0 1 0 5.02214e+06 0 0 1 5.29016e+06
1 0 0 3.79323e+06 0 1 0 5.02214e+06 0 0 1 5.29016e+06
1 0 0 3.79323e+06 0 1 0 5.02214e+06 0 0 1 5.29016e+06
1 0 0 3.79323e+06 0 1 0 5.02214e+06 0 0 1 5.29016e+06
1 0 0 3.79323e+06 0 1 0 5.02214e+06 0 0 1 5.29016e+06
1 0 0 3.79323e+06 0 1 0 5.02213e+06 0 0 1 5.29016e+06
1 0 0 3.79323e+06 0 1 0 5.02213e+06 0 0 1 5.29016e+06
1 0 0 3.79323e+06 0 1 0 5.02213e+06 0 0 1 5.29016e+06
1 0 0 3.79324e+06 0 1 0 5.02213e+06 0 0 1 5.29016e+06
1 0 0 3.79323e+06 0 1 0 5.02213e+06 0 0 1 5.29016e+06
1 0 0 3.79324e+06 0 1 0 5.02213e+06 0 0 1 5.29016e+06
1 0 0 3.79324e+06 0 1 0 5.02213e+06 0 0 1 5.29016e+06
1 0 0 3.79324e+06 0 1 0 5.02213e+06 0 0 1 5.29016e+06
1 0 0 3.79324e+06 0 1 0 5.02213e+06 0 0 1 5.29016e+06
1 0 0 3.79324e+06 0 1 0 5.02213e+06 0 0 1 5.29016e+06
1 0 0 3.79324e+06 0 1 0 5.02213e+06 0 0 1 5.29016e+06
1 0 0 3.79324e+06 0 1 0 5.02213e+06 0 0 1 5.29016e+06
1 0 0 3.79324e+06 0 1 0 5.02213e+06 0 0 1 5.29016e+06
1 0 0 3.79324e+06 0 1 0 5.02213e+06 0 0 1 5.29016e+06
1 0 0 3.79324e+06 0 1 0 5.02213e+06 0 0 1 5.29016e+06
1 0 0 3.79324e+06 0 1 0 5.02213e+06 0 0 1 5.29017e+06
1 0 0 3.79325e+06 0 1 0 5.02213e+06 0 0 1 5.29017e+06
1 0 0 3.79325e+06 0 1 0 5.02212e+06 0 0 1 5.29017e+06
1 0 0 3.79324e+06 0 1 0 5.02212e+06 0 0 1 5.29017e+06
1 0 0 3.79325e+06 0 1 0 5.02212e+06 0 0 1 5.29017e+06
1 0 0 3.79325e+06 0 1 0 5.02212e+06 0 0 1 5.29017e+06
1 0 0 3.79325e+06 0 1 0 5.02212e+06 0 0 1 5.29017e+06
1 0 0 3.79325e+06 0 1 0 5.02212e+06 0 0 1 5.29017e+06
1 0 0 3.79325e+06 0 1 0 5.02212e+06 0 0 1 5.29017e+06
1 0 0 3.79325e+06 0 1 0 5.02212e+06 0 0 1 5.29017e+06
1 0 0 3.79325e+06 0 1 0 5.02212e+06 0 0 1 5.29017e+06
1 0 0 3.79325e+06 0 1 0 5.02212e+06 0 0 1 5.29017e+06
1 0 0 3.79325e+06 0 1 0 5.02212e+06 0 0 1 5.29017e+06
1 0 0 3.79325e+06 0 1 0 5.02212e+06 0 0 1 5.29017e+06
1 0 0 3.79325e+06 0 1 0 5.02212e+06 0 0 1 5.29017e+06
1 0 0 3.79325e+06 0 1 0 5.02212e+06 0 0 1 5.29017e+06
1 0 0 3.79325e+06 0 1 0 5.02212e+06 0 0 1 5.29017e+06
1 0 0 3.79325e+06 0 1 0 5.02212e+06 0 0 1 5.29017e+06
1 0 0 3.79326e+06 0 1 0 5.02212e+06 0 0 1 5.29018e+06
1 0 0 3.79326e+06 0 1 0 5.02212e+06 0 0 1 5.29018e+06
1 0 0 3.79326e+06 0 1 0 5.02212e+06 0 0 1 5.29018e+06
1 0 0 3.79326e+06 0 1 0 5.02212e+06 0 0 1 5.29018e+06
1 0 0 3.79326e+06 0 1 0 5.02212e+06 0 0 1 5.29018e+06
1 0 0 3.79326e+06 0 1 0 5.02212e+06 0 0 1 5.29018e+06
1 0 0 3.79326e+06 0 1 0 5.02212e+06 0 0 1 5.29018e+06
1 0 0 3.79326e+06 0 1 0 5.02212e+06 0 0 1 5.29018e+06
1 0 0 3.79326e+06 0 1 0 5.02212e+06 0 0 1 5.29018e+06
1 0 0 3.79326e+06 0 1 0 5.02212e+06 0 0 1 5.29018e+06
1 0 0 3.79326e+06 0 1 0 5.02212e+06 0 0 1 5.29018e+06
1 0 0 3.79326e+06 0 1 0 5.02211e+06 0 0 1 5.29018e+06
1 0 0 3.79326e+06 0 1 0 5.02211e+06 0 0 1 5.29018e+06
1 0 0 3.79327e+06 0 1 0 5.02211e+06 0 0 1 5.29018e+06
1 0 0 3.79327e+06 0 1 0 5.02211e+06 0 0 1 5.29018e+06
1 0 0 3.79327e+06 0 1 0 5.02211e+06 0 0 1 5.29018e+06
1 0 0 3.79327e+06 0 1 0 5.02211e+06 0 0 1 5.29018e+06
1 0 0 3.79327e+06 0 1 0 5.02211e+06 0 0 1 5.29019e+06
1 0 0 3.79327e+06 0 1 0 5.02211e+06 0 0 1 5.29019e+06
1 0 0 3.79327e+06 0 1 0 5.02211e+06 0 0 1 5.29019e+06
1 0 0 3.79327e+06 0 1 0 5.02211e+06 0 0 1 5.29019e+06
1 0 0 3.79327e+06 0 1 0 5.02211e+06 0 0 1 5.29019e+06
1 0 0 3.79327e+06 0 1 0 5.02211e+06 0 0 1 5.29019e+06
1 0 0 3.79327e+06 0 1 0 5.02211e+06 0 0 1 5.29019e+06
1 0 0 3.79327e+06 0 1 0 5.02211e+06 0 0 1 5.29019e+06
1 0 0 3.79327e+06 0 1 0 5.02211e+06 0 0 1 5.29019e+06
1 0 0 3.79327e+06 0 1 0 5.02211e+06 0 0 1 5.29019e+06
1 0 0 3.79328e+06 0 1 0 5.02211e+06 0 0 1 5.29019e+06
1 0 0 3.79328e+06 0 1 0 5.02211e+06 0 0 1 5.29019e+06
1 0 0 3.79328e+06 0 1 0 5.02211e+06 0 0 1 5.29019e+06
1 0 0 3.79328e+06 0 1 0 5.02211e+06 0 0 1 5.29019e+06
1 0 0 3.79328e+06 0 1 0 5.02211e+06 0 0 1 5.29019e+06
1 0 0 3.79328e+06 0 1 0 5.02211e+06 0 0 1 5.2902e+06
1 0 0 3.79328e+06 0 1 0 5.02211e+06 0 0 1 5.2902e+06
1 0 0 3.79328e+06 0 1 0 5.0221e+06 0 0 1 5.2902e+06
1 0 0 3.79328e+06 0 1 0 5.0221e+06 0 0 1 5.2902e+06
1 0 0 3.79328e+06 0 1 0 5.02211e+06 0 0 1 5.2902e+06
1 0 0 3.79328e+06 0 1 0 5.0221e+06 0 0 1 5.2902e+06
1 0 0 3.79328e+06 0 1 0 5.0221e+06 0 0 1 5.2902e+06
1 0 0 3.79328e+06 0 1 0 5.0221e+06 0 0 1 5.2902e+06
1 0 0 3.79328e+06 0 1 0 5.0221e+06 0 0 1 5.2902e+06
1 0 0 3.79328e+06 0 1 0 5.0221e+06 0 0 1 5.2902e+06
1 0 0 3.79329e+06 0 1 0 5.0221e+06 0 0 1 5.2902e+06
1 0 0 3.79329e+06 0 1 0 5.0221e+06 0 0 1 5.2902e+06
1 0 0 3.79329e+06 0 1 0 5.0221e+06 0 0 1 5.2902e+06
1 0 0 3.79329e+06 0 1 0 5.0221e+06 0 0 1 5.2902e+06
1 0 0 3.79329e+06 0 1 0 5.0221e+06 0 0 1 5.2902e+06
1 0 0 3.79329e+06 0 1 0 5.0221e+06 0 0 1 5.2902e+06
1 0 0 3.79329e+06 0 1 0 5.0221e+06 0 0 1 5.2902e+06
1 0 0 3.79329e+06 0 1 0 5.0221e+06 0 0 1 5.29021e+06
1 0 0 3.79329e+06 0 1 0 5.0221e+06 0 0 1 5.29021e+06
1 0 0 3.79329e+06 0 1 0 5.0221e+06 0 0 1 5.29021e+06
1 0 0 3.79329e+06 0 1 0 5.0221e+06 0 0 1 5.29021e+06
1 0 0 3.79329e+06 0 1 0 5.0221e+06 0 0 1 5.29021e+06
1 0 0 3.79329e+06 0 1 0 5.0221e+06 0 0 1 5.29021e+06
1 0 0 3.79329e+06 0 1 0 5.0221e+06 0 0 1 5.29021e+06
1 0 0 3.7933e+06 0 1 0 5.0221e+06 0 0 1 5.29021e+06
1 0 0 3.7933e+06 0 1 0 5.0221e+06 0 0 1 5.29021e+06
1 0 0 3.7933e+06 0 1 0 5.0221e+06 0 0 1 5.29021e+06
1 0 0 3.7933e+06 0 1 0 5.0221e+06 0 0 1 5.29021e+06
1 0 0 3.7933e+06 0 1 0 5.02209e+06 0 0 1 5.29021e+06
1 0 0 3.7933e+06 0 1 0 5.0221e+06 0 0 1 5.29021e+06
1 0 0 3.7933e+06 0 1 0 5.02209e+06 0 0 1 5.29021e+06
1 0 0 3.7933e+06 0 1 0 5.0221e+06 0 0 1 5.29021e+06
1 0 0 3.7933e+06 0 1 0 5.02209e+06 0 0 1 5.29021e+06
1 0 0 3.7933e+06 0 1 0 5.02209e+06 0 0 1 5.29022e+06
1 0 0 3.7933e+06 0 1 0 5.02209e+06 0 0 1 5.29022e+06
1 0 0 3.7933e+06 0 1 0 5.02209e+06 0 0 1 5.29022e+06
1 0 0 3.7933e+06 0 1 0 5.02209e+06 0 0 1 5.29022e+06
1 0 0 3.7933e+06 0 1 0 5.02209e+06 0 0 1 5.29022e+06
1 0 0 3.79331e+06 0 1 0 5.02209e+06 0 0 1 5.29022e+06
1 0 0 3.79331e+06 0 1 0 5.02209e+06 0 0 1 5.29022e+06
1 0 0 3.79331e+06 0 1 0 5.02209e+06 0 0 1 5.29022e+06
1 0 0 3.79331e+06 0 1 0 5.02209e+06 0 0 1 5.29022e+06
1 0 0 3.79331e+06 0 1 0 5.02209e+06 0 0 1 5.29022e+06
1 0 0 3.79331e+06 0 1 0 5.02209e+06 0 0 1 5.29022e+06
1 0 0 3.79331e+06 0 1 0 5.02209e+06 0 0 1 5.29022e+06
1 0 0 3.79331e+06 0 1 0 5.02209e+06 0 0 1 5.29022e+06
1 0 0 3.79331e+06 0 1 0 5.02209e+06 0 0 1 5.29022e+06
1 0 0 3.79331e+06 0 1 0 5.02209e+06 0 0 1 5.29022e+06
1 0 0 3.79331e+06 0 1 0 5.02209e+06 0 0 1 5.29022e+06
1 0 0 3.79331e+06 0 1 0 5.02209e+06 0 0 1 5.29023e+06
1 0 0 3.79331e+06 0 1 0 5.02209e+06 0 0 1 5.29022e+06
1 0 0 3.79331e+06 0 1 0 5.02209e+06 0 0 1 5.29023e+06
1 0 0 3.79331e+06 0 1 0 5.02209e+06 0 0 1 5.29023e+06
1 0 0 3.79332e+06 0 1 0 5.02208e+06 0 0 1 5.29023e+06
1 0 0 3.79332e+06 0 1 0 5.02208e+06 0 0 1 5.29023e+06
1 0 0 3.79332e+06 0 1 0 5.02208e+06 0 0 1 5.29023e+06
1 0 0 3.79332e+06 0 1 0 5.02209e+06 0 0 1 5.29023e+06
1 0 0 3.79332e+06 0 1 0 5.02208e+06 0 0 1 5.29023e+06
1 0 0 3.79332e+06 0 1 0 5.02208e+06 0 0 1 5.29023e+06
1 0 0 3.79332e+06 0 1 0 5.02208e+06 0 0 1 5.29023e+06
1 0 0 3.79332e+06 0 1 0 5.02208e+06 0 0 1 5.29023e+06
1 0 0 3.79332e+06 0 1 0 5.02208e+06 0 0 1 5.29023e+06
1 0 0 3.79332e+06 0 1 0 5.02208e+06 0 0 1 5.29023e+06
1 0 0 3.79332e+06 0 1 0 5.02208e+06 0 0 1 5.29023e+06
1 0 0 3.79332e+06 0 1 0 5.02208e+06 0 0 1 5.29023e+06
1 0 0 3.79332e+06 0 1 0 5.02208e+06 0 0 1 5.29024e+06
1 0 0 3.79333e+06 0 1 0 5.02208e+06 0 0 1 5.29024e+06
1 0 0 3.79333e+06 0 1 0 5.02208e+06 0 0 1 5.29024e+06
1 0 0 3.79333e+06 0 1 0 5.02208e+06 0 0 1 5.29024e+06
1 0 0 3.79333e+06 0 1 0 5.02208e+06 0 0 1 5.29024e+06
1 0 0 3.79333e+06 0 1 0 5.02208e+06 0 0 1 5.29024e+06
1 0 0 3.79333e+06 0 1 0 5.02208e+06 0 0 1 5.29024e+06
1 0 0 3.79333e+06 0 1 0 5.02208e+06 0 0 1 5.29024e+06
1 0 0 3.79333e+06 0 1 0 5.02208e+06 0 0 1 5.29024e+06
1 0 0 3.79333e+06 0 1 0 5.02208e+06 0 0 1 5.29024e+06
1 0 0 3.79333e+06 0 1 0 5.02208e+06 0 0 1 5.29024e+06
1 0 0 3.79333e+06 0 1 0 5.02208e+06 0 0 1 5.29024e+06
1 0 0 3.79333e+06 0 1 0 5.02208e+06 0 0 1 5.29024e+06
1 0 0 3.79333e+06 0 1 0 5.02207e+06 0 0 1 5.29024e+06
1 0 0 3.79334e+06 0 1 0 5.02207e+06 0 0 1 5.29024e+06
1 0 0 3.79334e+06 0 1 0 5.02207e+06 0 0 1 5.29024e+06
1 0 0 3.79334e+06 0 1 0 5.02207e+06 0 0 1 5.29024e+06
1 0 0 3.79334e+06 0 1 0 5.02207e+06 0 0 1 5.29024e+06
1 0 0 3.79334e+06 0 1 0 5.02207e+06 0 0 1 5.29025e+06
1 0 0 3.79334e+06 0 1 0 5.02207e+06 0 0 1 5.29025e+06
1 0 0 3.79334e+06 0 1 0 5.02207e+06 0 0 1 5.29025e+06
1 0 0 3.79334e+06 0 1 0 5.02207e+06 0 0 1 5.29025e+06
1 0 0 3.79334e+06 0 1 0 5.02207e+06 0 0 1 5.29025e+06
1 0 0 3.79334e+06 0 1 0 5.02207e+06 0 0 1 5.29025e+06
1 0 0 3.79334e+06 0 1 0 5.02207e+06 0 0 1 5.29025e+06
1 0 0 3.79335e+06 0 1 0 5.02207e+06 0 0 1 5.29025e+06
1 0 0 3.79334e+06 0 1 0 5.02207e+06 0 0 1 5.29025e+06
1 0 0 3.79335e+06 0 1 0 5.02207e+06 0 0 1 5.29025e+06
1 0 0 3.79335e+06 0 1 0 5.02207e+06 0 0 1 5.29026e+06
1 0 0 3.79335e+06 0 1 0 5.02207e+06 0 0 1 5.29026e+06
1 0 0 3.79335e+06 0 1 0 5.02207e+06 0 0 1 5.29026e+06
1 0 0 3.79335e+06 0 1 0 5.02207e+06 0 0 1 5.29026e+06
1 0 0 3.79335e+06 0 1 0 5.02206e+06 0 0 1 5.29026e+06
1 0 0 3.79335e+06 0 1 0 5.02206e+06 0 0 1 5.29026e+06
1 0 0 3.79335e+06 0 1 0 5.02206e+06 0 0 1 5.29026e+06
1 0 0 3.79336e+06 0 1 0 5.02206e+06 0 0 1 5.29026e+06
1 0 0 3.79335e+06 0 1 0 5.02206e+06 0 0 1 5.29026e+06
1 0 0 3.79336e+06 0 1 0 5.02206e+06 0 0 1 5.29026e+06
1 0 0 3.79336e+06 0 1 0 5.02206e+06 0 0 1 5.29026e+06
1 0 0 3.79336e+06 0 1 0 5.02206e+06 0 0 1 5.29026e+06
1 0 0 3.79336e+06 0 1 0 5.02206e+06 0 0 1 5.29026e+06
1 0 0 3.79336e+06 0 1 0 5.02206e+06 0 0 1 5.29026e+06
1 0 0 3.79336e+06 0 1 0 5.02206e+06 0 0 1 5.29027e+06
1 0 0 3.79336e+06 0 1 0 5.02206e+06 0 0 1 5.29027e+06
1 0 0 3.79336e+06 0 1 0 5.02206e+06 0 0 1 5.29027e+06
1 0 0 3.79336e+06 0 1 0 5.02206e+06 0 0 1 5.29027e+06
1 0 0 3.79336e+06 0 1 0 5.02206e+06 0 0 1 5.29027e+06
1 0 0 3.79337e+06 0 1 0 5.02206e+06 0 0 1 5.29027e+06
1 0 0 3.79337e+06 0 1 0 5.02206e+06 0 0 1 5.29027e+06
1 0 0 3.79337e+06 0 1 0 5.02206e+06 0 0 1 5.29027e+06
1 0 0 3.79337e+06 0 1 0 5.02206e+06 0 0 1 5.29027e+06
1 0 0 3.79337e+06 0 1 0 5.02205e+06 0 0 1 5.29028e+06
1 0 0 3.79337e+06 0 1 0 5.02205e+06 0 0 1 5.29028e+06
1 0 0 3.79337e+06 0 1 0 5.02205e+06 0 0 1 5.29028e+06
1 0 0 3.79337e+06 0 1 0 5.02205e+06 0 0 1 5.29028e+06
1 0 0 3.79338e+06 0 1 0 5.02205e+06 0 0 1 5.29028e+06
1 0 0 3.79338e+06 0 1 0 5.02205e+06 0 0 1 5.29028e+06
1 0 0 3.79338e+06 0 1 0 5.02205e+06 0 0 1 5.29028e+06
1 0 0 3.79338e+06 0 1 0 5.02205e+06 0 0 1 5.29028e+06
1 0 0 3.79338e+06 0 1 0 5.02205e+06 0 0 1 5.29028e+06
1 0 0 3.79338e+06 0 1 0 5.02205e+06 0 0 1 5.29028e+06
1 0 0 3.79338e+06 0 1 0 5.02205e+06 0 0 1 5.29028e+06
1 0 0 3.79338e+06 0 1 0 5.02205e+06 0 0 1 5.29029e+06
1 0 0 3.79338e+06 0 1 0 5.02205e+06 0 0 1 5.29029e+06
1 0 0 3.79339e+06 0 1 0 5.02205e+06 0 0 1 5.29029e+06
1 0 0 3.79339e+06 0 1 0 5.02204e+06 0 0 1 5.29029e+06
1 0 0 3.79339e+06 0 1 0 5.02204e+06 0 0 1 5.29029e+06
1 0 0 3.79339e+06 0 1 0 5.02204e+06 0 0 1 5.29029e+06
1 0 0 3.79339e+06 0 1 0 5.02204e+06 0 0 1 5.29029e+06
1 0 0 3.79339e+06 0 1 0 5.02204e+06 0 0 1 5.29029e+06
1 0 0 3.79339e+06 0 1 0 5.02204e+06 0 0 1 5.2903e+06
1 0 0 3.79339e+06 0 1 0 5.02204e+06 0 0 1 5.2903e+06
1 0 0 3.7934e+06 0 1 0 5.02204e+06 0 0 1 5.2903e+06
1 0 0 3.7934e+06 0 1 0 5.02204e+06 0 0 1 5.2903e+06
1 0 0 3.7934e+06 0 1 0 5.02204e+06 0 0 1 5.2903e+06
1 0 0 3.7934e+06 0 1 0 5.02204e+06 0 0 1 5.2903e+06
1 0 0 3.7934e+06 0 1 0 5.02204e+06 0 0 1 5.2903e+06
1 0 0 3.7934e+06 0 1 0 5.02204e+06 0 0 1 5.2903e+06
1 0 0 3.7934e+06 0 1 0 5.02204e+06 0 0 1 5.2903e+06
1 0 0 3.7934e+06 0 1 0 5.02204e+06 0 0 1 5.2903e+06
1 0 0 3.79341e+06 0 1 0 5.02203e+06 0 0 1 5.29031e+06
1 0 0 3.79341e+06 0 1 0 5.02203e+06 0 0 1 5.29031e+06
1 0 0 3.79341e+06 0 1 0 5.02203e+06 0 0 1 5.29031e+06
1 0 0 3.79341e+06 0 1 0 5.02203e+06 0 0 1 5.29031e+06
1 0 0 3.79341e+06 0 1 0 5.02203e+06 0 0 1 5.29031e+06
1 0 0 3.79341e+06 0 1 0 5.02203e+06 0 0 1 5.29031e+06
1 0 0 3.79341e+06 0 1 0 5.02203e+06 0 0 1 5.29031e+06
1 0 0 3.79341e+06 0 1 0 5.02203e+06 0 0 1 5.29031e+06
1 0 0 3.79342e+06 0 1 0 5.02203e+06 0 0 1 5.29031e+06
1 0 0 3.79342e+06 0 1 0 5.02203e+06 0 0 1 5.29032e+06
1 0 0 3.79342e+06 0 1 0 5.02203e+06 0 0 1 5.29032e+06
1 0 0 3.79342e+06 0 1 0 5.02203e+06 0 0 1 5.29032e+06
1 0 0 3.79342e+06 0 1 0 5.02202e+06 0 0 1 5.29032e+06
1 0 0 3.79342e+06 0 1 0 5.02202e+06 0 0 1 5.29032e+06
1 0 0 3.79342e+06 0 1 0 5.02202e+06 0 0 1 5.29032e+06
1 0 0 3.79343e+06 0 1 0 5.02202e+06 0 0 1 5.29032e+06
1 0 0 3.79343e+06 0 1 0 5.02202e+06 0 0 1 5.29032e+06
1 0 0 3.79343e+06 0 1 0 5.02202e+06 0 0 1 5.29033e+06
1 0 0 3.79343e+06 0 1 0 5.02202e+06 0 0 1 5.29033e+06
1 0 0 3.79343e+06 0 1 0 5.02202e+06 0 0 1 5.29033e+06
1 0 0 3.79343e+06 0 1 0 5.02202e+06 0 0 1 5.29033e+06
1 0 0 3.79343e+06 0 1 0 5.02202e+06 0 0 1 5.29033e+06
1 0 0 3.79344e+06 0 1 0 5.02202e+06 0 0 1 5.29033e+06
1 0 0 3.79344e+06 0 1 0 5.02202e+06 0 0 1 5.29033e+06
1 0 0 3.79344e+06 0 1 0 5.02202e+06 0 0 1 5.29033e+06
1 0 0 3.79344e+06 0 1 0 5.02202e+06 0 0 1 5.29034e+06
1 0 0 3.79344e+06 0 1 0 5.02201e+06 0 0 1 5.29034e+06
1 0 0 3.79344e+06 0 1 0 5.02201e+06 0 0 1 5.29034e+06
1 0 0 3.79344e+06 0 1 0 5.02201e+06 0 0 1 5.29034e+06
1 0 0 3.79344e+06 0 1 0 5.02201e+06 0 0 1 5.29034e+06
1 0 0 3.79345e+06 0 1 0 5.02201e+06 0 0 1 5.29034e+06
1 0 0 3.79345e+06 0 1 0 5.02201e+06 0 0 1 5.29034e+06
1 0 0 3.79345e+06 0 1 0 5.02201e+06 0 0 1 5.29034e+06
1 0 0 3.79345e+06 0 1 0 5.02201e+06 0 0 1 5.29034e+06
1 0 0 3.79345e+06 0 1 0 5.02201e+06 0 0 1 5.29035e+06
1 0 0 3.79345e+06 0 1 0 5.02201e+06 0 0 1 5.29035e+06
1 0 0 3.79346e+06 0 1 0 5.02201e+06 0 0 1 5.29035e+06
1 0 0 3.79346e+06 0 1 0 5.02201e+06 0 0 1 5.29035e+06
1 0 0 3.79346e+06 0 1 0 5.022e+06 0 0 1 5.29035e+06
1 0 0 3.79346e+06 0 1 0 5.022e+06 0 0 1 5.29035e+06
1 0 0 3.79346e+06 0 1 0 5.022e+06 0 0 1 5.29035e+06
1 0 0 3.79346e+06 0 1 0 5.022e+06 0 0 1 5.29035e+06
1 0 0 3.79346e+06 0 1 0 5.022e+06 0 0 1 5.29036e+06
1 0 0 3.79346e+06 0 1 0 5.022e+06 0 0 1 5.29036e+06
1 0 0 3.79347e+06 0 1 0 5.022e+06 0 0 1 5.29036e+06
1 0 0 3.79347e+06 0 1 0 5.022e+06 0 0 1 5.29036e+06
1 0 0 3.79347e+06 0 1 0 5.022e+06 0 0 1 5.29036e+06
1 0 0 3.79347e+06 0 1 0 5.022e+06 0 0 1 5.29036e+06
1 0 0 3.79347e+06 0 1 0 5.022e+06 0 0 1 5.29036e+06
1 0 0 3.79347e+06 0 1 0 5.022e+06 0 0 1 5.29036e+06
1 0 0 3.79347e+06 0 1 0 5.02199e+06 0 0 1 5.29036e+06
1 0 0 3.79348e+06 0 1 0 5.02199e+06 0 0 1 5.29037e+06
1 0 0 3.79348e+06 0 1 0 5.02199e+06 0 0 1 5.29037e+06
1 0 0 3.79348e+06 0 1 0 5.02199e+06 0 0 1 5.29037e+06
1 0 0 3.79348e+06 0 1 0 5.02199e+06 0 0 1 5.29037e+06
1 0 0 3.79348e+06 0 1 0 5.02199e+06 0 0 1 5.29037e+06
1 0 0 3.79348e+06 0 1 0 5.02199e+06 0 0 1 5.29037e+06
1 0 0 3.79348e+06 0 1 0 5.02199e+06 0 0 1 5.29037e+06
1 0 0 3.79349e+06 0 1 0 5.02199e+06 0 0 1 5.29038e+06
1 0 0 3.79349e+06 0 1 0 5.02199e+06 0 0 1 5.29038e+06
1 0 0 3.79349e+06 0 1 0 5.02199e+06 0 0 1 5.29038e+06
1 0 0 3.79349e+06 0 1 0 5.02199e+06 0 0 1 5.29038e+06
1 0 0 3.79349e+06 0 1 0 5.02199e+06 0 0 1 5.29038e+06
1 0 0 3.79349e+06 0 1 0 5.02198e+06 0 0 1 5.29038e+06
1 0 0 3.79349e+06 0 1 0 5.02198e+06 0 0 1 5.29038e+06
1 0 0 3.7935e+06 0 1 0 5.02198e+06 0 0 1 5.29038e+06
1 0 0 3.7935e+06 0 1 0 5.02198e+06 0 0 1 5.29039e+06
1 0 0 3.7935e+06 0 1 0 5.02198e+06 0 0 1 5.29038e+06
1 0 0 3.7935e+06 0 1 0 5.02198e+06 0 0 1 5.29039e+06
1 0 0 3.7935e+06 0 1 0 5.02198e+06 0 0 1 5.29039e+06
1 0 0 3.7935e+06 0 1 0 5.02198e+06 0 0 1 5.29039e+06
1 0 0 3.7935e+06 0 1 0 5.02198e+06 0 0 1 5.29039e+06
1 0 0 3.7935e+06 0 1 0 5.02198e+06 0 0 1 5.29039e+06
1 0 0 3.79351e+06 0 1 0 5.02198e+06 0 0 1 5.29039e+06
1 0 0 3.79351e+06 0 1 0 5.02198e+06 0 0 1 5.29039e+06
1 0 0 3.79351e+06 0 1 0 5.02198e+06 0 0 1 5.2904e+06
1 0 0 3.79351e+06 0 1 0 5.02197e+06 0 0 1 5.2904e+06
1 0 0 3.79351e+06 0 1 0 5.02197e+06 0 0 1 5.2904e+06
1 0 0 3.79351e+06 0 1 0 5.02197e+06 0 0 1 5.2904e+06
1 0 0 3.79351e+06 0 1 0 5.02197e+06 0 0 1 5.2904e+06
1 0 0 3.79352e+06 0 1 0 5.02197e+06 0 0 1 5.2904e+06
1 0 0 3.79352e+06 0 1 0 5.02197e+06 0 0 1 5.2904e+06
1 0 0 3.79352e+06 0 1 0 5.02197e+06 0 0 1 5.2904e+06
1 0 0 3.79352e+06 0 1 0 5.02197e+06 0 0 1 5.29041e+06
1 0 0 3.79352e+06 0 1 0 5.02197e+06 0 0 1 5.29041e+06
1 0 0 3.79352e+06 0 1 0 5.02197e+06 0 0 1 5.29041e+06
1 0 0 3.79352e+06 0 1 0 5.02197e+06 0 0 1 5.29041e+06
1 0 0 3.79353e+06 0 1 0 5.02197e+06 0 0 1 5.29041e+06
1 0 0 3.79353e+06 0 1 0 5.02197e+06 0 0 1 5.29041e+06
1 0 0 3.79353e+06 0 1 0 5.02196e+06 0 0 1 5.29041e+06
1 0 0 3.79353e+06 0 1 0 5.02196e+06 0 0 1 5.29041e+06
1 0 0 3.79353e+06 0 1 0 5.02196e+06 0 0 1 5.29041e+06
1 0 0 3.79353e+06 0 1 0 5.02196e+06 0 0 1 5.29042e+06
1 0 0 3.79353e+06 0 1 0 5.02196e+06 0 0 1 5.29042e+06
1 0 0 3.79354e+06 0 1 0 5.02196e+06 0 0 1 5.29042e+06
1 0 0 3.79354e+06 0 1 0 5.02196e+06 0 0 1 5.29042e+06
1 0 0 3.79354e+06 0 1 0 5.02196e+06 0 0 1 5.29042e+06
1 0 0 3.79354e+06 0 1 0 5.02196e+06 0 0 1 5.29042e+06
1 0 0 3.79354e+06 0 1 0 5.02196e+06 0 0 1 5.29042e+06
1 0 0 3.79354e+06 0 1 0 5.02196e+06 0 0 1 5.29042e+06
1 0 0 3.79354e+06 0 1 0 5.02196e+06 0 0 1 5.29043e+06
1 0 0 3.79354e+06 0 1 0 5.02196e+06 0 0 1 5.29043e+06
1 0 0 3.79355e+06 0 1 0 5.02195e+06 0 0 1 5.29043e+06
1 0 0 3.79355e+06 0 1 0 5.02195e+06 0 0 1 5.29043e+06
1 0 0 3.79355e+06 0 1 0 5.02195e+06 0 0 1 5.29043e+06
1 0 0 3.79355e+06 0 1 0 5.02195e+06 0 0 1 5.29043e+06
1 0 0 3.79355e+06 0 1 0 5.02195e+06 0 0 1 5.29043e+06
1 0 0 3.79355e+06 0 1 0 5.02195e+06 0 0 1 5.29043e+06
1 0 0 3.79356e+06 0 1 0 5.02195e+06 0 0 1 5.29044e+06
1 0 0 3.79356e+06 0 1 0 5.02195e+06 0 0 1 5.29044e+06
1 0 0 3.79356e+06 0 1 0 5.02195e+06 0 0 1 5.29044e+06
1 0 0 3.79356e+06 0 1 0 5.02195e+06 0 0 1 5.29044e+06
1 0 0 3.79356e+06 0 1 0 5.02195e+06 0 0 1 5.29044e+06
1 0 0 3.79356e+06 0 1 0 5.02195e+06 0 0 1 5.29044e+06
1 0 0 3.79356e+06 0 1 0 5.02194e+06 0 0 1 5.29044e+06
1 0 0 3.79356e+06 0 1 0 5.02194e+06 0 0 1 5.29044e+06
1 0 0 3.79357e+06 0 1 0 5.02194e+06 0 0 1 5.29044e+06
1 0 0 3.79357e+06 0 1 0 5.02194e+06 0 0 1 5.29045e+06
1 0 0 3.79357e+06 0 1 0 5.02194e+06 0 0 1 5.29045e+06
1 0 0 3.79357e+06 0 1 0 5.02194e+06 0 0 1 5.29045e+06
1 0 0 3.79357e+06 0 1 0 5.02194e+06 0 0 1 5.29045e+06
1 0 0 3.79357e+06 0 1 0 5.02194e+06 0 0 1 5.29045e+06
1 0 0 3.79357e+06 0 1 0 5.02194e+06 0 0 1 5.29045e+06
1 0 0 3.79357e+06 0 1 0 5.02194e+06 0 0 1 5.29046e+06
1 0 0 3.79358e+06 0 1 0 5.02194e+06 0 0 1 5.29046e+06
1 0 0 3.79358e+06 0 1 0 5.02194e+06 0 0 1 5.29046e+06
1 0 0 3.79358e+06 0 1 0 5.02194e+06 0 0 1 5.29046e+06
1 0 0 3.79358e+06 0 1 0 5.02194e+06 0 0 1 5.29046e+06
1 0 0 3.79358e+06 0 1 0 5.02194e+06 0 0 1 5.29046e+06
1 0 0 3.79358e+06 0 1 0 5.02194e+06 0 0 1 5.29047e+06
1 0 0 3.79358e+06 0 1 0 5.02194e+06 0 0 1 5.29047e+06
1 0 0 3.79358e+06 0 1 0 5.02194e+06 0 0 1 5.29047e+06
1 0 0 3.79358e+06 0 1 0 5.02194e+06 0 0 1 5.29047e+06
1 0 0 3.79359e+06 0 1 0 5.02194e+06 0 0 1 5.29047e+06
1 0 0 3.79359e+06 0 1 0 5.02194e+06 0 0 1 5.29047e+06
1 0 0 3.79359e+06 0 1 0 5.02194e+06 0 0 1 5.29048e+06
1 0 0 3.79359e+06 0 1 0 5.02194e+06 0 0 1 5.29048e+06
1 0 0 3.79359e+06 0 1 0 5.02194e+06 0 0 1 5.29048e+06
1 0 0 3.79359e+06 0 1 0 5.02194e+06 0 0 1 5.29048e+06
1 0 0 3.79359e+06 0 1 0 5.02193e+06 0 0 1 5.29048e+06
1 0 0 3.79359e+06 0 1 0 5.02194e+06 0 0 1 5.29049e+06
1 0 0 3.79359e+06 0 1 0 5.02194e+06 0 0 1 5.29049e+06
1 0 0 3.79359e+06 0 1 0 5.02194e+06 0 0 1 5.29049e+06
1 0 0 3.79359e+06 0 1 0 5.02194e+06 0 0 1 5.29049e+06
1 0 0 3.79359e+06 0 1 0 5.02194e+06 0 0 1 5.29049e+06
1 0 0 3.79359e+06 0 1 0 5.02194e+06 0 0 1 5.2905e+06
1 0 0 3.79359e+06 0 1 0 5.02194e+06 0 0 1 5.2905e+06
1 0 0 3.79359e+06 0 1 0 5.02194e+06 0 0 1 5.2905e+06
1 0 0 3.79359e+06 0 1 0 5.02194e+06 0 0 1 5.2905e+06
1 0 0 3.79359e+06 0 1 0 5.02194e+06 0 0 1 5.2905e+06
1 0 0 3.79359e+06 0 1 0 5.02194e+06 0 0 1 5.2905e+06
1 0 0 3.79359e+06 0 1 0 5.02194e+06 0 0 1 5.29051e+06
1 0 0 3.79359e+06 0 1 0 5.02194e+06 0 0 1 5.29051e+06
1 0 0 3.79359e+06 0 1 0 5.02194e+06 0 0 1 5.29051e+06
1 0 0 3.79359e+06 0 1 0 5.02194e+06 0 0 1 5.29051e+06
1 0 0 3.79359e+06 0 1 0 5.02194e+06 0 0 1 5.29052e+06
1 0 0 3.79359e+06 0 1 0 5.02194e+06 0 0 1 5.29052e+06
1 0 0 3.79359e+06 0 1 0 5.02194e+06 0 0 1 5.29052e+06
1 0 0 3.79359e+06 0 1 0 5.02194e+06 0 0 1 5.29052e+06
1 0 0 3.79359e+06 0 1 0 5.02194e+06 0 0 1 5.29052e+06
1 0 0 3.79359e+06 0 1 0 5.02194e+06 0 0 1 5.29052e+06
1 0 0 3.79359e+06 0 1 0 5.02194e+06 0 0 1 5.29053e+06
1 0 0 3.79359e+06 0 1 0 5.02194e+06 0 0 1 5.29053e+06
1 0 0 3.79359e+06 0 1 0 5.02194e+06 0 0 1 5.29053e+06
1 0 0 3.79359e+06 0 1 0 5.02194e+06 0 0 1 5.29053e+06
1 0 0 3.79359e+06 0 1 0 5.02195e+06 0 0 1 5.29053e+06
1 0 0 3.79359e+06 0 1 0 5.02195e+06 0 0 1 5.29054e+06
1 0 0 3.79359e+06 0 1 0 5.02195e+06 0 0 1 5.29054e+06
1 0 0 3.79359e+06 0 1 0 5.02195e+06 0 0 1 5.29054e+06
1 0 0 3.79359e+06 0 1 0 5.02195e+06 0 0 1 5.29054e+06
1 0 0 3.79359e+06 0 1 0 5.02195e+06 0 0 1 5.29054e+06
1 0 0 3.79359e+06 0 1 0 5.02195e+06 0 0 1 5.29054e+06
1 0 0 3.79359e+06 0 1 0 5.02195e+06 0 0 1 5.29055e+06
1 0 0 3.79358e+06 0 1 0 5.02195e+06 0 0 1 5.29055e+06
1 0 0 3.79358e+06 0 1 0 5.02195e+06 0 0 1 5.29055e+06
1 0 0 3.79358e+06 0 1 0 5.02195e+06 0 0 1 5.29055e+06
1 0 0 3.79358e+06 0 1 0 5.02195e+06 0 0 1 5.29055e+06
1 0 0 3.79358e+06 0 1 0 5.02196e+06 0 0 1 5.29055e+06
1 0 0 3.79358e+06 0 1 0 5.02196e+06 0 0 1 5.29056e+06
1 0 0 3.79358e+06 0 1 0 5.02196e+06 0 0 1 5.29056e+06
1 0 0 3.79358e+06 0 1 0 5.02196e+06 0 0 1 5.29056e+06
1 0 0 3.79358e+06 0 1 0 5.02196e+06 0 0 1 5.29056e+06
1 0 0 3.79358e+06 0 1 0 5.02196e+06 0 0 1 5.29056e+06
1 0 0 3.79358e+06 0 1 0 5.02196e+06 0 0 1 5.29056e+06
1 0 0 3.79358e+06 0 1 0 5.02196e+06 0 0 1 5.29056e+06
1 0 0 3.79357e+06 0 1 0 5.02196e+06 0 0 1 5.29057e+06
1 0 0 3.79357e+06 0 1 0 5.02196e+06 0 0 1 5.29057e+06
1 0 0 3.79357e+06 0 1 0 5.02197e+06 0 0 1 5.29057e+06
1 0 0 3.79357e+06 0 1 0 5.02197e+06 0 0 1 5.29057e+06
1 0 0 3.79357e+06 0 1 0 5.02197e+06 0 0 1 5.29057e+06
1 0 0 3.79357e+06 0 1 0 5.02197e+06 0 0 1 5.29057e+06
1 0 0 3.79357e+06 0 1 0 5.02197e+06 0 0 1 5.29058e+06
1 0 0 3.79357e+06 0 1 0 5.02197e+06 0 0 1 5.29058e+06
1 0 0 3.79357e+06 0 1 0 5.02197e+06 0 0 1 5.29058e+06
1 0 0 3.79357e+06 0 1 0 5.02197e+06 0 0 1 5.29058e+06
1 0 0 3.79357e+06 0 1 0 5.02197e+06 0 0 1 5.29058e+06
1 0 0 3.79356e+06 0 1 0 5.02197e+06 0 0 1 5.29058e+06
1 0 0 3.79356e+06 0 1 0 5.02198e+06 0 0 1 5.29058e+06
1 0 0 3.79356e+06 0 1 0 5.02198e+06 0 0 1 5.29059e+06
1 0 0 3.79356e+06 0 1 0 5.02198e+06 0 0 1 5.29059e+06
1 0 0 3.79356e+06 0 1 0 5.02198e+06 0 0 1 5.29059e+06
1 0 0 3.79356e+06 0 1 0 5.02198e+06 0 0 1 5.29059e+06
1 0 0 3.79356e+06 0 1 0 5.02198e+06 0 0 1 5.29059e+06
1 0 0 3.79356e+06 0 1 0 5.02198e+06 0 0 1 5.29059e+06
1 0 0 3.79356e+06 0 1 0 5.02198e+06 0 0 1 5.2906e+06
1 0 0 3.79356e+06 0 1 0 5.02198e+06 0 0 1 5.2906e+06
1 0 0 3.79356e+06 0 1 0 5.02198e+06 0 0 1 5.2906e+06
1 0 0 3.79356e+06 0 1 0 5.02199e+06 0 0 1 5.2906e+06
1 0 0 3.79356e+06 0 1 0 5.02199e+06 0 0 1 5.2906e+06
1 0 0 3.79355e+06 0 1 0 5.02199e+06 0 0 1 5.2906e+06
1 0 0 3.79355e+06 0 1 0 5.02199e+06 0 0 1 5.2906e+06
1 0 0 3.79355e+06 0 1 0 5.02199e+06 0 0 1 5.29061e+06
1 0 0 3.79355e+06 0 1 0 5.02199e+06 0 0 1 5.29061e+06
1 0 0 3.79355e+06 0 1 0 5.02199e+06 0 0 1 5.29061e+06
1 0 0 3.79355e+06 0 1 0 5.02199e+06 0 0 1 5.29061e+06
1 0 0 3.79355e+06 0 1 0 5.02199e+06 0 0 1 5.29061e+06
1 0 0 3.79355e+06 0 1 0 5.02199e+06 0 0 1 5.29061e+06
1 0 0 3.79355e+06 0 1 0 5.02199e+06 0 0 1 5.29062e+06
1 0 0 3.79355e+06 0 1 0 5.022e+06 0 0 1 5.29062e+06
1 0 0 3.79355e+06 0 1 0 5.022e+06 0 0 1 5.29062e+06
1 0 0 3.79355e+06 0 1 0 5.022e+06 0 0 1 5.29062e+06
1 0 0 3.79355e+06 0 1 0 5.022e+06 0 0 1 5.29062e+06
1 0 0 3.79354e+06 0 1 0 5.022e+06 0 0 1 5.29062e+06
1 0 0 3.79354e+06 0 1 0 5.022e+06 0 0 1 5.29063e+06
1 0 0 3.79354e+06 0 1 0 5.022e+06 0 0 1 5.29063e+06
1 0 0 3.79354e+06 0 1 0 5.022e+06 0 0 1 5.29063e+06
1 0 0 3.79354e+06 0 1 0 5.022e+06 0 0 1 5.29063e+06
1 0 0 3.79354e+06 0 1 0 5.022e+06 0 0 1 5.29063e+06
1 0 0 3.79354e+06 0 1 0 5.022e+06 0 0 1 5.29063e+06
1 0 0 3.79354e+06 0 1 0 5.02201e+06 0 0 1 5.29063e+06
1 0 0 3.79354e+06 0 1 0 5.02201e+06 0 0 1 5.29064e+06
1 0 0 3.79354e+06 0 1 0 5.02201e+06 0 0 1 5.29064e+06
1 0 0 3.79354e+06 0 1 0 5.02201e+06 0 0 1 5.29064e+06
1 0 0 3.79354e+06 0 1 0 5.02201e+06 0 0 1 5.29064e+06
1 0 0 3.79353e+06 0 1 0 5.02201e+06 0 0 1 5.29064e+06
1 0 0 3.79353e+06 0 1 0 5.02201e+06 0 0 1 5.29064e+06
1 0 0 3.79353e+06 0 1 0 5.02201e+06 0 0 1 5.29065e+06
1 0 0 3.79353e+06 0 1 0 5.02201e+06 0 0 1 5.29065e+06
1 0 0 3.79353e+06 0 1 0 5.02201e+06 0 0 1 5.29065e+06
1 0 0 3.79353e+06 0 1 0 5.02202e+06 0 0 1 5.29065e+06
1 0 0 3.79353e+06 0 1 0 5.02202e+06 0 0 1 5.29065e+06
1 0 0 3.79353e+06 0 1 0 5.02202e+06 0 0 1 5.29065e+06
1 0 0 3.79353e+06 0 1 0 5.02202e+06 0 0 1 5.29065e+06
1 0 0 3.79353e+06 0 1 0 5.02202e+06 0 0 1 5.29066e+06
1 0 0 3.79353e+06 0 1 0 5.02202e+06 0 0 1 5.29066e+06
1 0 0 3.79352e+06 0 1 0 5.02202e+06 0 0 1 5.29066e+06
1 0 0 3.79352e+06 0 1 0 5.02202e+06 0 0 1 5.29066e+06
1 0 0 3.79352e+06 0 1 0 5.02202e+06 0 0 1 5.29066e+06
1 0 0 3.79352e+06 0 1 0 5.02202e+06 0 0 1 5.29066e+06
1 0 0 3.79352e+06 0 1 0 5.02202e+06 0 0 1 5.29067e+06
1 0 0 3.79352e+06 0 1 0 5.02203e+06 0 0 1 5.29067e+06
1 0 0 3.79352e+06 0 1 0 5.02203e+06 0 0 1 5.29067e+06
1 0 0 3.79352e+06 0 1 0 5.02203e+06 0 0 1 5.29067e+06
1 0 0 3.79352e+06 0 1 0 5.02203e+06 0 0 1 5.29067e+06
1 0 0 3.79352e+06 0 1 0 5.02203e+06 0 0 1 5.29067e+06
1 0 0 3.79352e+06 0 1 0 5.02203e+06 0 0 1 5.29067e+06
1 0 0 3.79352e+06 0 1 0 5.02203e+06 0 0 1 5.29068e+06
1 0 0 3.79352e+06 0 1 0 5.02203e+06 0 0 1 5.29068e+06
1 0 0 3.79352e+06 0 1 0 5.02203e+06 0 0 1 5.29068e+06
1 0 0 3.79351e+06 0 1 0 5.02203e+06 0 0 1 5.29068e+06
1 0 0 3.79351e+06 0 1 0 5.02204e+06 0 0 1 5.29068e+06
1 0 0 3.79351e+06 0 1 0 5.02204e+06 0 0 1 5.29068e+06
1 0 0 3.79351e+06 0 1 0 5.02204e+06 0 0 1 5.29069e+06
1 0 0 3.79351e+06 0 1 0 5.02204e+06 0 0 1 5.29069e+06
1 0 0 3.79351e+06 0 1 0 5.02204e+06 0 0 1 5.29069e+06
1 0 0 3.79351e+06 0 1 0 5.02204e+06 0 0 1 5.29069e+06
1 0 0 3.79351e+06 0 1 0 5.02204e+06 0 0 1 5.29069e+06
1 0 0 3.79351e+06 0 1 0 5.02204e+06 0 0 1 5.29069e+06
1 0 0 3.79351e+06 0 1 0 5.02204e+06 0 0 1 5.2907e+06
1 0 0 3.79351e+06 0 1 0 5.02204e+06 0 0 1 5.2907e+06
1 0 0 3.7935e+06 0 1 0 5.02205e+06 0 0 1 5.2907e+06
1 0 0 3.7935e+06 0 1 0 5.02205e+06 0 0 1 5.2907e+06
1 0 0 3.7935e+06 0 1 0 5.02205e+06 0 0 1 5.2907e+06
1 0 0 3.7935e+06 0 1 0 5.02205e+06 0 0 1 5.2907e+06
1 0 0 3.7935e+06 0 1 0 5.02205e+06 0 0 1 5.2907e+06
1 0 0 3.7935e+06 0 1 0 5.02205e+06 0 0 1 5.29071e+06
1 0 0 3.7935e+06 0 1 0 5.02205e+06 0 0 1 5.29071e+06
1 0 0 3.7935e+06 0 1 0 5.02205e+06 0 0 1 5.29071e+06
1 0 0 3.7935e+06 0 1 0 5.02205e+06 0 0 1 5.29071e+06
1 0 0 3.7935e+06 0 1 0 5.02205e+06 0 0 1 5.29071e+06
1 0 0 3.7935e+06 0 1 0 5.02205e+06 0 0 1 5.29071e+06
1 0 0 3.7935e+06 0 1 0 5.02206e+06 0 0 1 5.29072e+06
1 0 0 3.7935e+06 0 1 0 5.02206e+06 0 0 1 5.29072e+06
1 0 0 3.7935e+06 0 1 0 5.02206e+06 0 0 1 5.29072e+06
1 0 0 3.79349e+06 0 1 0 5.02206e+06 0 0 1 5.29072e+06
1 0 0 3.79349e+06 0 1 0 5.02206e+06 0 0 1 5.29072e+06
1 0 0 3.79349e+06 0 1 0 5.02206e+06 0 0 1 5.29072e+06
1 0 0 3.79349e+06 0 1 0 5.02206e+06 0 0 1 5.29072e+06
1 0 0 3.79349e+06 0 1 0 5.02206e+06 0 0 1 5.29072e+06
1 0 0 3.79349e+06 0 1 0 5.02206e+06 0 0 1 5.29073e+06
1 0 0 3.79349e+06 0 1 0 5.02206e+06 0 0 1 5.29073e+06
1 0 0 3.79349e+06 0 1 0 5.02206e+06 0 0 1 5.29073e+06
1 0 0 3.79349e+06 0 1 0 5.02206e+06 0 0 1 5.29073e+06
1 0 0 3.79349e+06 0 1 0 5.02207e+06 0 0 1 5.29073e+06
1 0 0 3.79349e+06 0 1 0 5.02207e+06 0 0 1 5.29073e+06
1 0 0 3.79349e+06 0 1 0 5.02207e+06 0 0 1 5.29074e+06
1 0 0 3.79349e+06 0 1 0 5.02207e+06 0 0 1 5.29074e+06
1 0 0 3.79348e+06 0 1 0 5.02207e+06 0 0 1 5.29074e+06
1 0 0 3.79348e+06 0 1 0 5.02207e+06 0 0 1 5.29074e+06
1 0 0 3.79348e+06 0 1 0 5.02207e+06 0 0 1 5.29074e+06
1 0 0 3.79348e+06 0 1 0 5.02207e+06 0 0 1 5.29074e+06
1 0 0 3.79348e+06 0 1 0 5.02207e+06 0 0 1 5.29074e+06
1 0 0 3.79348e+06 0 1 0 5.02207e+06 0 0 1 5.29075e+06
1 0 0 3.79348e+06 0 1 0 5.02207e+06 0 0 1 5.29075e+06
1 0 0 3.79348e+06 0 1 0 5.02208e+06 0 0 1 5.29075e+06
1 0 0 3.79348e+06 0 1 0 5.02208e+06 0 0 1 5.29075e+06
1 0 0 3.79348e+06 0 1 0 5.02208e+06 0 0 1 5.29075e+06
1 0 0 3.79348e+06 0 1 0 5.02208e+06 0 0 1 5.29075e+06
1 0 0 3.79348e+06 0 1 0 5.02208e+06 0 0 1 5.29075e+06
1 0 0 3.79348e+06 0 1 0 5.02208e+06 0 0 1 5.29075e+06
1 0 0 3.79347e+06 0 1 0 5.02208e+06 0 0 1 5.29076e+06
1 0 0 3.79347e+06 0 1 0 5.02208e+06 0 0 1 5.29076e+06
1 0 0 3.79347e+06 0 1 0 5.02208e+06 0 0 1 5.29076e+06
1 0 0 3.79347e+06 0 1 0 5.02208e+06 0 0 1 5.29076e+06
1 0 0 3.79347e+06 0 1 0 5.02208e+06 0 0 1 5.29076e+06
1 0 0 3.79347e+06 0 1 0 5.02208e+06 0 0 1 5.29076e+06
1 0 0 3.79347e+06 0 1 0 5.02208e+06 0 0 1 5.29076e+06
1 0 0 3.79347e+06 0 1 0 5.02208e+06 0 0 1 5.29076e+06
1 0 0 3.79347e+06 0 1 0 5.02209e+06 0 0 1 5.29077e+06
1 0 0 3.79347e+06 0 1 0 5.02209e+06 0 0 1 5.29077e+06
1 0 0 3.79347e+06 0 1 0 5.02209e+06 0 0 1 5.29077e+06
1 0 0 3.79347e+06 0 1 0 5.02209e+06 0 0 1 5.29077e+06
1 0 0 3.79347e+06 0 1 0 5.02209e+06 0 0 1 5.29077e+06
1 0 0 3.79347e+06 0 1 0 5.02209e+06 0 0 1 5.29077e+06
1 0 0 3.79347e+06 0 1 0 5.02209e+06 0 0 1 5.29077e+06
1 0 0 3.79347e+06 0 1 0 5.02209e+06 0 0 1 5.29078e+06
1 0 0 3.79346e+06 0 1 0 5.02209e+06 0 0 1 5.29078e+06
1 0 0 3.79347e+06 0 1 0 5.02209e+06 0 0 1 5.29078e+06
1 0 0 3.79346e+06 0 1 0 5.02209e+06 0 0 1 5.29078e+06
1 0 0 3.79346e+06 0 1 0 5.02209e+06 0 0 1 5.29078e+06
1 0 0 3.79346e+06 0 1 0 5.02209e+06 0 0 1 5.29078e+06
1 0 0 3.79346e+06 0 1 0 5.0221e+06 0 0 1 5.29078e+06
1 0 0 3.79346e+06 0 1 0 5.0221e+06 0 0 1 5.29078e+06
1 0 0 3.79346e+06 0 1 0 5.0221e+06 0 0 1 5.29078e+06
1 0 0 3.79346e+06 0 1 0 5.0221e+06 0 0 1 5.29078e+06
1 0 0 3.79346e+06 0 1 0 5.0221e+06 0 0 1 5.29078e+06
1 0 0 3.79346e+06 0 1 0 5.0221e+06 0 0 1 5.29078e+06
1 0 0 3.79346e+06 0 1 0 5.0221e+06 0 0 1 5.29079e+06
1 0 0 3.79346e+06 0 1 0 5.0221e+06 0 0 1 5.29079e+06
1 0 0 3.79346e+06 0 1 0 5.0221e+06 0 0 1 5.29079e+06
1 0 0 3.79346e+06 0 1 0 5.0221e+06 0 0 1 5.29079e+06
1 0 0 3.79346e+06 0 1 0 5.0221e+06 0 0 1 5.29079e+06
1 0 0 3.79346e+06 0 1 0 5.0221e+06 0 0 1 5.29079e+06
1 0 0 3.79346e+06 0 1 0 5.0221e+06 0 0 1 5.29079e+06
1 0 0 3.79346e+06 0 1 0 5.0221e+06 0 0 1 5.29079e+06
1 0 0 3.79345e+06 0 1 0 5.0221e+06 0 0 1 5.2908e+06
1 0 0 3.79345e+06 0 1 0 5.0221e+06 0 0 1 5.2908e+06
1 0 0 3.79345e+06 0 1 0 5.02211e+06 0 0 1 5.2908e+06
1 0 0 3.79345e+06 0 1 0 5.02211e+06 0 0 1 5.2908e+06
1 0 0 3.79345e+06 0 1 0 5.02211e+06 0 0 1 5.2908e+06
1 0 0 3.79345e+06 0 1 0 5.02211e+06 0 0 1 5.2908e+06
1 0 0 3.79345e+06 0 1 0 5.02211e+06 0 0 1 5.2908e+06
1 0 0 3.79345e+06 0 1 0 5.02211e+06 0 0 1 5.2908e+06
1 0 0 3.79345e+06 0 1 0 5.02211e+06 0 0 1 5.2908e+06
1 0 0 3.79345e+06 0 1 0 5.02211e+06 0 0 1 5.2908e+06
1 0 0 3.79345e+06 0 1 0 5.02211e+06 0 0 1 5.2908e+06
1 0 0 3.79345e+06 0 1 0 5.02211e+06 0 0 1 5.29081e+06
1 0 0 3.79345e+06 0 1 0 5.02211e+06 0 0 1 5.29081e+06
1 0 0 3.79345e+06 0 1 0 5.02211e+06 0 0 1 5.29081e+06
1 0 0 3.79345e+06 0 1 0 5.02211e+06 0 0 1 5.29081e+06
1 0 0 3.79345e+06 0 1 0 5.02211e+06 0 0 1 5.29081e+06
1 0 0 3.79345e+06 0 1 0 5.02211e+06 0 0 1 5.29081e+06
1 0 0 3.79345e+06 0 1 0 5.02212e+06 0 0 1 5.29081e+06
1 0 0 3.79345e+06 0 1 0 5.02211e+06 0 0 1 5.29081e+06
1 0 0 3.79345e+06 0 1 0 5.02211e+06 0 0 1 5.29081e+06
1 0 0 3.79345e+06 0 1 0 5.02212e+06 0 0 1 5.29081e+06
1 0 0 3.79344e+06 0 1 0 5.02212e+06 0 0 1 5.29081e+06
1 0 0 3.79344e+06 0 1 0 5.02212e+06 0 0 1 5.29082e+06
1 0 0 3.79344e+06 0 1 0 5.02212e+06 0 0 1 5.29082e+06
1 0 0 3.79344e+06 0 1 0 5.02212e+06 0 0 1 5.29082e+06
1 0 0 3.79344e+06 0 1 0 5.02212e+06 0 0 1 5.29082e+06
1 0 0 3.79344e+06 0 1 0 5.02212e+06 0 0 1 5.29082e+06
1 0 0 3.79344e+06 0 1 0 5.02212e+06 0 0 1 5.29082e+06
1 0 0 3.79344e+06 0 1 0 5.02212e+06 0 0 1 5.29082e+06
1 0 0 3.79344e+06 0 1 0 5.02212e+06 0 0 1 5.29082e+06
1 0 0 3.79344e+06 0 1 0 5.02212e+06 0 0 1 5.29082e+06
1 0 0 3.79344e+06 0 1 0 5.02212e+06 0 0 1 5.29082e+06
1 0 0 3.79344e+06 0 1 0 5.02212e+06 0 0 1 5.29082e+06
1 0 0 3.79344e+06 0 1 0 5.02212e+06 0 0 1 5.29082e+06
1 0 0 3.79344e+06 0 1 0 5.02212e+06 0 0 1 5.29082e+06
1 0 0 3.79344e+06 0 1 0 5.02212e+06 0 0 1 5.29083e+06
1 0 0 3.79344e+06 0 1 0 5.02212e+06 0 0 1 5.29083e+06
1 0 0 3.79344e+06 0 1 0 5.02212e+06 0 0 1 5.29083e+06
1 0 0 3.79344e+06 0 1 0 5.02212e+06 0 0 1 5.29083e+06
1 0 0 3.79344e+06 0 1 0 5.02212e+06 0 0 1 5.29083e+06
1 0 0 3.79344e+06 0 1 0 5.02212e+06 0 0 1 5.29083e+06
1 0 0 3.79344e+06 0 1 0 5.02213e+06 0 0 1 5.29083e+06
1 0 0 3.79344e+06 0 1 0 5.02212e+06 0 0 1 5.29083e+06
1 0 0 3.79344e+06 0 1 0 5.02213e+06 0 0 1 5.29083e+06
1 0 0 3.79344e+06 0 1 0 5.02213e+06 0 0 1 5.29083e+06
1 0 0 3.79343e+06 0 1 0 5.02213e+06 0 0 1 5.29083e+06
1 0 0 3.79343e+06 0 1 0 5.02213e+06 0 0 1 5.29083e+06
1 0 0 3.79343e+06 0 1 0 5.02213e+06 0 0 1 5.29084e+06
1 0 0 3.79343e+06 0 1 0 5.02213e+06 0 0 1 5.29084e+06
1 0 0 3.79343e+06 0 1 0 5.02213e+06 0 0 1 5.29084e+06
1 0 0 3.79343e+06 0 1 0 5.02213e+06 0 0 1 5.29084e+06
1 0 0 3.79343e+06 0 1 0 5.02213e+06 0 0 1 5.29084e+06
1 0 0 3.79343e+06 0 1 0 5.02213e+06 0 0 1 5.29084e+06
1 0 0 3.79343e+06 0 1 0 5.02213e+06 0 0 1 5.29084e+06
1 0 0 3.79343e+06 0 1 0 5.02213e+06 0 0 1 5.29084e+06
1 0 0 3.79343e+06 0 1 0 5.02213e+06 0 0 1 5.29084e+06
1 0 0 3.79343e+06 0 1 0 5.02213e+06 0 0 1 5.29084e+06
1 0 0 3.79343e+06 0 1 0 5.02213e+06 0 0 1 5.29084e+06
1 0 0 3.79343e+06 0 1 0 5.02213e+06 0 0 1 5.29084e+06
1 0 0 3.79343e+06 0 1 0 5.02213e+06 0 0 1 5.29084e+06
1 0 0 3.79343e+06 0 1 0 5.02213e+06 0 0 1 5.29085e+06
1 0 0 3.79343e+06 0 1 0 5.02213e+06 0 0 1 5.29085e+06
1 0 0 3.79343e+06 0 1 0 5.02214e+06 0 0 1 5.29085e+06
1 0 0 3.79343e+06 0 1 0 5.02214e+06 0 0 1 5.29085e+06
1 0 0 3.79343e+06 0 1 0 5.02214e+06 0 0 1 5.29085e+06
1 0 0 3.79343e+06 0 1 0 5.02214e+06 0 0 1 5.29085e+06
1 0 0 3.79343e+06 0 1 0 5.02214e+06 0 0 1 5.29085e+06
1 0 0 3.79343e+06 0 1 0 5.02214e+06 0 0 1 5.29085e+06
1 0 0 3.79342e+06 0 1 0 5.02214e+06 0 0 1 5.29085e+06
1 0 0 3.79343e+06 0 1 0 5.02214e+06 0 0 1 5.29085e+06
1 0 0 3.79342e+06 0 1 0 5.02214e+06 0 0 1 5.29085e+06
1 0 0 3.79342e+06 0 1 0 5.02214e+06 0 0 1 5.29085e+06
1 0 0 3.79342e+06 0 1 0 5.02214e+06 0 0 1 5.29085e+06
1 0 0 3.79342e+06 0 1 0 5.02214e+06 0 0 1 5.29085e+06
1 0 0 3.79342e+06 0 1 0 5.02214e+06 0 0 1 5.29086e+06
1 0 0 3.79342e+06 0 1 0 5.02214e+06 0 0 1 5.29086e+06
1 0 0 3.79342e+06 0 1 0 5.02214e+06 0 0 1 5.29086e+06
1 0 0 3.79342e+06 0 1 0 5.02214e+06 0 0 1 5.29086e+06
1 0 0 3.79342e+06 0 1 0 5.02214e+06 0 0 1 5.29086e+06
1 0 0 3.79342e+06 0 1 0 5.02214e+06 0 0 1 5.29086e+06
1 0 0 3.79342e+06 0 1 0 5.02214e+06 0 0 1 5.29086e+06
1 0 0 3.79342e+06 0 1 0 5.02214e+06 0 0 1 5.29086e+06
1 0 0 3.79342e+06 0 1 0 5.02214e+06 0 0 1 5.29086e+06
1 0 0 3.79342e+06 0 1 0 5.02214e+06 0 0 1 5.29086e+06
1 0 0 3.79342e+06 0 1 0 5.02215e+06 0 0 1 5.29086e+06
1 0 0 3.79342e+06 0 1 0 5.02215e+06 0 0 1 5.29086e+06
1 0 0 3.79342e+06 0 1 0 5.02215e+06 0 0 1 5.29087e+06
1 0 0 3.79342e+06 0 1 0 5.02215e+06 0 0 1 5.29087e+06
1 0 0 3.79342e+06 0 1 0 5.02215e+06 0 0 1 5.29087e+06
1 0 0 3.79342e+06 0 1 0 5.02215e+06 0 0 1 5.29087e+06
1 0 0 3.79342e+06 0 1 0 5.02215e+06 0 0 1 5.29087e+06
1 0 0 3.79342e+06 0 1 0 5.02215e+06 0 0 1 5.29087e+06
1 0 0 3.79342e+06 0 1 0 5.02215e+06 0 0 1 5.29087e+06
1 0 0 3.79341e+06 0 1 0 5.02215e+06 0 0 1 5.29087e+06
1 0 0 3.79341e+06 0 1 0 5.02215e+06 0 0 1 5.29087e+06
1 0 0 3.79341e+06 0 1 0 5.02215e+06 0 0 1 5.29087e+06
1 0 0 3.79341e+06 0 1 0 5.02215e+06 0 0 1 5.29087e+06
1 0 0 3.79341e+06 0 1 0 5.02215e+06 0 0 1 5.29087e+06
1 0 0 3.79341e+06 0 1 0 5.02215e+06 0 0 1 5.29087e+06
1 0 0 3.79341e+06 0 1 0 5.02215e+06 0 0 1 5.29088e+06
1 0 0 3.79341e+06 0 1 0 5.02215e+06 0 0 1 5.29088e+06
1 0 0 3.79341e+06 0 1 0 5.02215e+06 0 0 1 5.29088e+06
1 0 0 3.79341e+06 0 1 0 5.02216e+06 0 0 1 5.29088e+06
1 0 0 3.79341e+06 0 1 0 5.02215e+06 0 0 1 5.29088e+06
1 0 0 3.79341e+06 0 1 0 5.02216e+06 0 0 1 5.29088e+06
1 0 0 3.79341e+06 0 1 0 5.02216e+06 0 0 1 5.29088e+06
1 0 0 3.79341e+06 0 1 0 5.02216e+06 0 0 1 5.29088e+06
1 0 0 3.79341e+06 0 1 0 5.02216e+06 0 0 1 5.29088e+06
1 0 0 3.79341e+06 0 1 0 5.02216e+06 0 0 1 5.29088e+06
1 0 0 3.79341e+06 0 1 0 5.02216e+06 0 0 1 5.29088e+06
1 0 0 3.79341e+06 0 1 0 5.02216e+06 0 0 1 5.29088e+06
1 0 0 3.79341e+06 0 1 0 5.02216e+06 0 0 1 5.29088e+06
1 0 0 3.79341e+06 0 1 0 5.02216e+06 0 0 1 5.29089e+06
1 0 0 3.79341e+06 0 1 0 5.02216e+06 0 0 1 5.29089e+06
1 0 0 3.79341e+06 0 1 0 5.02216e+06 0 0 1 5.29089e+06
1 0 0 3.79341e+06 0 1 0 5.02216e+06 0 0 1 5.29089e+06
1 0 0 3.79341e+06 0 1 0 5.02216e+06 0 0 1 5.29089e+06
1 0 0 3.7934e+06 0 1 0 5.02216e+06 0 0 1 5.29089e+06
1 0 0 3.79341e+06 0 1 0 5.02216e+06 0 0 1 5.29089e+06
1 0 0 3.7934e+06 0 1 0 5.02216e+06 0 0 1 5.29089e+06
1 0 0 3.7934e+06 0 1 0 5.02216e+06 0 0 1 5.29089e+06
1 0 0 3.7934e+06 0 1 0 5.02216e+06 0 0 1 5.29089e+06
1 0 0 3.7934e+06 0 1 0 5.02216e+06 0 0 1 5.29089e+06
1 0 0 3.7934e+06 0 1 0 5.02216e+06 0 0 1 5.29089e+06
1 0 0 3.7934e+06 0 1 0 5.02217e+06 0 0 1 5.2909e+06
1 0 0 3.7934e+06 0 1 0 5.02217e+06 0 0 1 5.2909e+06
1 0 0 3.7934e+06 0 1 0 5.02217e+06 0 0 1 5.2909e+06
1 0 0 3.7934e+06 0 1 0 5.02217e+06 0 0 1 5.2909e+06
1 0 0 3.7934e+06 0 1 0 5.02217e+06 0 0 1 5.2909e+06
1 0 0 3.7934e+06 0 1 0 5.02217e+06 0 0 1 5.2909e+06
1 0 0 3.7934e+06 0 1 0 5.02217e+06 0 0 1 5.2909e+06
1 0 0 3.7934e+06 0 1 0 5.02217e+06 0 0 1 5.2909e+06
1 0 0 3.7934e+06 0 1 0 5.02217e+06 0 0 1 5.2909e+06
1 0 0 3.7934e+06 0 1 0 5.02217e+06 0 0 1 5.2909e+06
1 0 0 3.7934e+06 0 1 0 5.02217e+06 0 0 1 5.2909e+06
1 0 0 3.7934e+06 0 1 0 5.02217e+06 0 0 1 5.2909e+06
1 0 0 3.7934e+06 0 1 0 5.02217e+06 0 0 1 5.2909e+06
1 0 0 3.7934e+06 0 1 0 5.02217e+06 0 0 1 5.2909e+06
1 0 0 3.79339e+06 0 1 0 5.02217e+06 0 0 1 5.2909e+06
1 0 0 3.7934e+06 0 1 0 5.02217e+06 0 0 1 5.29091e+06
1 0 0 3.79339e+06 0 1 0 5.02217e+06 0 0 1 5.29091e+06
1 0 0 3.79339e+06 0 1 0 5.02217e+06 0 0 1 5.29091e+06
1 0 0 3.79339e+06 0 1 0 5.02217e+06 0 0 1 5.29091e+06
1 0 0 3.79339e+06 0 1 0 5.02218e+06 0 0 1 5.29091e+06
1 0 0 3.79339e+06 0 1 0 5.02218e+06 0 0 1 5.29091e+06
1 0 0 3.79339e+06 0 1 0 5.02218e+06 0 0 1 5.29091e+06
1 0 0 3.79339e+06 0 1 0 5.02218e+06 0 0 1 5.29091e+06
1 0 0 3.79339e+06 0 1 0 5.02218e+06 0 0 1 5.29091e+06
1 0 0 3.79339e+06 0 1 0 5.02218e+06 0 0 1 5.29091e+06
1 0 0 3.79339e+06 0 1 0 5.02218e+06 0 0 1 5.29091e+06
1 0 0 3.79339e+06 0 1 0 5.02218e+06 0 0 1 5.29091e+06
1 0 0 3.79339e+06 0 1 0 5.02218e+06 0 0 1 5.29091e+06
1 0 0 3.79339e+06 0 1 0 5.02218e+06 0 0 1 5.29091e+06
1 0 0 3.79339e+06 0 1 0 5.02218e+06 0 0 1 5.29091e+06
1 0 0 3.79339e+06 0 1 0 5.02218e+06 0 0 1 5.29091e+06
1 0 0 3.79338e+06 0 1 0 5.02218e+06 0 0 1 5.29091e+06
1 0 0 3.79338e+06 0 1 0 5.02218e+06 0 0 1 5.29091e+06
1 0 0 3.79338e+06 0 1 0 5.02218e+06 0 0 1 5.29091e+06
1 0 0 3.79338e+06 0 1 0 5.02218e+06 0 0 1 5.29091e+06
1 0 0 3.79338e+06 0 1 0 5.02219e+06 0 0 1 5.29091e+06
1 0 0 3.79338e+06 0 1 0 5.02219e+06 0 0 1 5.29091e+06
1 0 0 3.79338e+06 0 1 0 5.02219e+06 0 0 1 5.29091e+06
1 0 0 3.79338e+06 0 1 0 5.02219e+06 0 0 1 5.29091e+06
1 0 0 3.79338e+06 0 1 0 5.02219e+06 0 0 1 5.29091e+06
1 0 0 3.79338e+06 0 1 0 5.02219e+06 0 0 1 5.29091e+06
1 0 0 3.79338e+06 0 1 0 5.02219e+06 0 0 1 5.29091e+06
1 0 0 3.79338e+06 0 1 0 5.02219e+06 0 0 1 5.29091e+06
1 0 0 3.79337e+06 0 1 0 5.02219e+06 0 0 1 5.29091e+06
1 0 0 3.79337e+06 0 1 0 5.02219e+06 0 0 1 5.29091e+06
1 0 0 3.79337e+06 0 1 0 5.02219e+06 0 0 1 5.29091e+06
1 0 0 3.79337e+06 0 1 0 5.02219e+06 0 0 1 5.29091e+06
1 0 0 3.79337e+06 0 1 0 5.02219e+06 0 0 1 5.29091e+06
1 0 0 3.79337e+06 0 1 0 5.02219e+06 0 0 1 5.29091e+06
1 0 0 3.79337e+06 0 1 0 5.02219e+06 0 0 1 5.29091e+06
1 0 0 3.79337e+06 0 1 0 5.0222e+06 0 0 1 5.29091e+06
1 0 0 3.79337e+06 0 1 0 5.02219e+06 0 0 1 5.29091e+06
1 0 0 3.79337e+06 0 1 0 5.0222e+06 0 0 1 5.29091e+06
1 0 0 3.79337e+06 0 1 0 5.0222e+06 0 0 1 5.29091e+06
1 0 0 3.79337e+06 0 1 0 5.0222e+06 0 0 1 5.29091e+06
1 0 0 3.79337e+06 0 1 0 5.0222e+06 0 0 1 5.29091e+06
1 0 0 3.79336e+06 0 1 0 5.0222e+06 0 0 1 5.29091e+06
1 0 0 3.79336e+06 0 1 0 5.0222e+06 0 0 1 5.29091e+06
1 0 0 3.79336e+06 0 1 0 5.0222e+06 0 0 1 5.29091e+06
1 0 0 3.79336e+06 0 1 0 5.0222e+06 0 0 1 5.29091e+06
1 0 0 3.79336e+06 0 1 0 5.0222e+06 0 0 1 5.29091e+06
1 0 0 3.79336e+06 0 1 0 5.0222e+06 0 0 1 5.29091e+06
1 0 0 3.79336e+06 0 1 0 5.0222e+06 0 0 1 5.29091e+06
1 0 0 3.79336e+06 0 1 0 5.0222e+06 0 0 1 5.29091e+06
1 0 0 3.79336e+06 0 1 0 5.0222e+06 0 0 1 5.2909e+06
1 0 0 3.79336e+06 0 1 0 5.0222e+06 0 0 1 5.2909e+06
1 0 0 3.79336e+06 0 1 0 5.0222e+06 0 0 1 5.2909e+06
1 0 0 3.79336e+06 0 1 0 5.0222e+06 0 0 1 5.2909e+06
1 0 0 3.79336e+06 0 1 0 5.0222e+06 0 0 1 5.2909e+06
1 0 0 3.79336e+06 0 1 0 5.0222e+06 0 0 1 5.2909e+06
1 0 0 3.79335e+06 0 1 0 5.0222e+06 0 0 1 5.2909e+06
1 0 0 3.79335e+06 0 1 0 5.0222e+06 0 0 1 5.2909e+06
1 0 0 3.79335e+06 0 1 0 5.0222e+06 0 0 1 5.2909e+06
1 0 0 3.79335e+06 0 1 0 5.0222e+06 0 0 1 5.2909e+06
1 0 0 3.79335e+06 0 1 0 5.0222e+06 0 0 1 5.2909e+06
1 0 0 3.79335e+06 0 1 0 5.0222e+06 0 0 1 5.2909e+06
1 0 0 3.79335e+06 0 1 0 5.0222e+06 0 0 1 5.2909e+06
1 0 0 3.79335e+06 0 1 0 5.02221e+06 0 0 1 5.2909e+06
1 0 0 3.79335e+06 0 1 0 5.02221e+06 0 0 1 5.2909e+06
1 0 0 3.79335e+06 0 1 0 5.02221e+06 0 0 1 5.2909e+06
1 0 0 3.79335e+06 0 1 0 5.02221e+06 0 0 1 5.2909e+06
1 0 0 3.79335e+06 0 1 0 5.02221e+06 0 0 1 5.2909e+06
1 0 0 3.79335e+06 0 1 0 5.02221e+06 0 0 1 5.29089e+06
1 0 0 3.79335e+06 0 1 0 5.02221e+06 0 0 1 5.29089e+06
1 0 0 3.79334e+06 0 1 0 5.02221e+06 0 0 1 5.29089e+06
1 0 0 3.79334e+06 0 1 0 5.02221e+06 0 0 1 5.29089e+06
1 0 0 3.79334e+06 0 1 0 5.02221e+06 0 0 1 5.29089e+06
1 0 0 3.79334e+06 0 1 0 5.02221e+06 0 0 1 5.29089e+06
1 0 0 3.79334e+06 0 1 0 5.02221e+06 0 0 1 5.29089e+06
1 0 0 3.79334e+06 0 1 0 5.02221e+06 0 0 1 5.29089e+06
1 0 0 3.79334e+06 0 1 0 5.02221e+06 0 0 1 5.29089e+06
1 0 0 3.79334e+06 0 1 0 5.02221e+06 0 0 1 5.29089e+06
1 0 0 3.79334e+06 0 1 0 5.02221e+06 0 0 1 5.29089e+06
1 0 0 3.79334e+06 0 1 0 5.02221e+06 0 0 1 5.29089e+06
1 0 0 3.79334e+06 0 1 0 5.02221e+06 0 0 1 5.29089e+06
1 0 0 3.79334e+06 0 1 0 5.02221e+06 0 0 1 5.29089e+06
1 0 0 3.79334e+06 0 1 0 5.02221e+06 0 0 1 5.29089e+06
1 0 0 3.79334e+06 0 1 0 5.02221e+06 0 0 1 5.29089e+06
1 0 0 3.79333e+06 0 1 0 5.02221e+06 0 0 1 5.29088e+06
1 0 0 3.79333e+06 0 1 0 5.02221e+06 0 0 1 5.29088e+06
1 0 0 3.79333e+06 0 1 0 5.02222e+06 0 0 1 5.29088e+06
1 0 0 3.79333e+06 0 1 0 5.02222e+06 0 0 1 5.29088e+06
1 0 0 3.79333e+06 0 1 0 5.02222e+06 0 0 1 5.29088e+06
1 0 0 3.79333e+06 0 1 0 5.02222e+06 0 0 1 5.29088e+06
1 0 0 3.79333e+06 0 1 0 5.02222e+06 0 0 1 5.29088e+06
1 0 0 3.79333e+06 0 1 0 5.02222e+06 0 0 1 5.29088e+06
1 0 0 3.79333e+06 0 1 0 5.02222e+06 0 0 1 5.29088e+06
1 0 0 3.79333e+06 0 1 0 5.02222e+06 0 0 1 5.29088e+06
1 0 0 3.79333e+06 0 1 0 5.02222e+06 0 0 1 5.29088e+06
1 0 0 3.79333e+06 0 1 0 5.02222e+06 0 0 1 5.29088e+06
1 0 0 3.79333e+06 0 1 0 5.02222e+06 0 0 1 5.29088e+06
1 0 0 3.79333e+06 0 1 0 5.02222e+06 0 0 1 5.29088e+06
1 0 0 3.79333e+06 0 1 0 5.02222e+06 0 0 1 5.29088e+06
1 0 0 3.79332e+06 0 1 0 5.02222e+06 0 0 1 5.29088e+06
1 0 0 3.79332e+06 0 1 0 5.02222e+06 0 0 1 5.29087e+06
1 0 0 3.79332e+06 0 1 0 5.02222e+06 0 0 1 5.29087e+06
1 0 0 3.79332e+06 0 1 0 5.02222e+06 0 0 1 5.29087e+06
1 0 0 3.79332e+06 0 1 0 5.02222e+06 0 0 1 5.29087e+06
1 0 0 3.79332e+06 0 1 0 5.02222e+06 0 0 1 5.29087e+06
1 0 0 3.79332e+06 0 1 0 5.02222e+06 0 0 1 5.29087e+06
1 0 0 3.79332e+06 0 1 0 5.02222e+06 0 0 1 5.29087e+06
1 0 0 3.79332e+06 0 1 0 5.02222e+06 0 0 1 5.29087e+06
1 0 0 3.79332e+06 0 1 0 5.02222e+06 0 0 1 5.29087e+06
1 0 0 3.79332e+06 0 1 0 5.02222e+06 0 0 1 5.29087e+06
1 0 0 3.79332e+06 0 1 0 5.02222e+06 0 0 1 5.29087e+06
1 0 0 3.79332e+06 0 1 0 5.02222e+06 0 0 1 5.29087e+06
1 0 0 3.79331e+06 0 1 0 5.02222e+06 0 0 1 5.29087e+06
1 0 0 3.79331e+06 0 1 0 5.02222e+06 0 0 1 5.29087e+06
1 0 0 3.79331e+06 0 1 0 5.02222e+06 0 0 1 5.29087e+06
1 0 0 3.79331e+06 0 1 0 5.02222e+06 0 0 1 5.29087e+06
1 0 0 3.79331e+06 0 1 0 5.02222e+06 0 0 1 5.29087e+06
1 0 0 3.79331e+06 0 1 0 5.02222e+06 0 0 1 5.29087e+06
1 0 0 3.79331e+06 0 1 0 5.02222e+06 0 0 1 5.29086e+06
1 0 0 3.79331e+06 0 1 0 5.02222e+06 0 0 1 5.29086e+06
1 0 0 3.79331e+06 0 1 0 5.02222e+06 0 0 1 5.29086e+06
1 0 0 3.79331e+06 0 1 0 5.02222e+06 0 0 1 5.29086e+06
1 0 0 3.7933e+06 0 1 0 5.02222e+06 0 0 1 5.29086e+06
1 0 0 3.79331e+06 0 1 0 5.02222e+06 0 0 1 5.29086e+06
1 0 0 3.7933e+06 0 1 0 5.02222e+06 0 0 1 5.29086e+06
1 0 0 3.7933e+06 0 1 0 5.02222e+06 0 0 1 5.29086e+06
1 0 0 3.7933e+06 0 1 0 5.02222e+06 0 0 1 5.29086e+06
1 0 0 3.7933e+06 0 1 0 5.02222e+06 0 0 1 5.29086e+06
1 0 0 3.7933e+06 0 1 0 5.02222e+06 0 0 1 5.29086e+06
1 0 0 3.7933e+06 0 1 0 5.02222e+06 0 0 1 5.29086e+06
1 0 0 3.7933e+06 0 1 0 5.02222e+06 0 0 1 5.29086e+06
1 0 0 3.7933e+06 0 1 0 5.02222e+06 0 0 1 5.29086e+06
1 0 0 3.7933e+06 0 1 0 5.02222e+06 0 0 1 5.29086e+06
1 0 0 3.7933e+06 0 1 0 5.02222e+06 0 0 1 5.29086e+06
1 0 0 3.79329e+06 0 1 0 5.02222e+06 0 0 1 5.29086e+06
1 0 0 3.79329e+06 0 1 0 5.02222e+06 0 0 1 5.29086e+06
1 0 0 3.79329e+06 0 1 0 5.02222e+06 0 0 1 5.29086e+06
1 0 0 3.79329e+06 0 1 0 5.02222e+06 0 0 1 5.29086e+06
1 0 0 3.79329e+06 0 1 0 5.02222e+06 0 0 1 5.29086e+06
1 0 0 3.79329e+06 0 1 0 5.02222e+06 0 0 1 5.29086e+06
1 0 0 3.79329e+06 0 1 0 5.02222e+06 0 0 1 5.29086e+06
1 0 0 3.79329e+06 0 1 0 5.02222e+06 0 0 1 5.29086e+06
1 0 0 3.79329e+06 0 1 0 5.02222e+06 0 0 1 5.29086e+06
1 0 0 3.79329e+06 0 1 0 5.02222e+06 0 0 1 5.29086e+06
1 0 0 3.79329e+06 0 1 0 5.02222e+06 0 0 1 5.29086e+06
1 0 0 3.79328e+06 0 1 0 5.02222e+06 0 0 1 5.29086e+06
1 0 0 3.79328e+06 0 1 0 5.02222e+06 0 0 1 5.29086e+06
1 0 0 3.79328e+06 0 1 0 5.02222e+06 0 0 1 5.29086e+06
1 0 0 3.79328e+06 0 1 0 5.02222e+06 0 0 1 5.29086e+06
1 0 0 3.79328e+06 0 1 0 5.02222e+06 0 0 1 5.29085e+06
1 0 0 3.79328e+06 0 1 0 5.02222e+06 0 0 1 5.29085e+06
1 0 0 3.79328e+06 0 1 0 5.02222e+06 0 0 1 5.29086e+06
1 0 0 3.79328e+06 0 1 0 5.02222e+06 0 0 1 5.29085e+06
1 0 0 3.79328e+06 0 1 0 5.02222e+06 0 0 1 5.29085e+06
1 0 0 3.79328e+06 0 1 0 5.02222e+06 0 0 1 5.29085e+06
1 0 0 3.79328e+06 0 1 0 5.02221e+06 0 0 1 5.29085e+06
1 0 0 3.79328e+06 0 1 0 5.02221e+06 0 0 1 5.29085e+06
1 0 0 3.79327e+06 0 1 0 5.02222e+06 0 0 1 5.29085e+06
1 0 0 3.79327e+06 0 1 0 5.02221e+06 0 0 1 5.29085e+06
1 0 0 3.79327e+06 0 1 0 5.02221e+06 0 0 1 5.29085e+06
1 0 0 3.79327e+06 0 1 0 5.02221e+06 0 0 1 5.29085e+06
1 0 0 3.79327e+06 0 1 0 5.02221e+06 0 0 1 5.29085e+06
1 0 0 3.79327e+06 0 1 0 5.02221e+06 0 0 1 5.29085e+06
1 0 0 3.79327e+06 0 1 0 5.02221e+06 0 0 1 5.29085e+06
1 0 0 3.79327e+06 0 1 0 5.02221e+06 0 0 1 5.29085e+06
1 0 0 3.79327e+06 0 1 0 5.02221e+06 0 0 1 5.29085e+06
1 0 0 3.79327e+06 0 1 0 5.02221e+06 0 0 1 5.29085e+06
1 0 0 3.79326e+06 0 1 0 5.02221e+06 0 0 1 5.29085e+06
1 0 0 3.79326e+06 0 1 0 5.02221e+06 0 0 1 5.29085e+06
1 0 0 3.79326e+06 0 1 0 5.02221e+06 0 0 1 5.29085e+06
1 0 0 3.79326e+06 0 1 0 5.02221e+06 0 0 1 5.29085e+06
1 0 0 3.79326e+06 0 1 0 5.02221e+06 0 0 1 5.29085e+06
1 0 0 3.79326e+06 0 1 0 5.02221e+06 0 0 1 5.29085e+06
1 0 0 3.79326e+06 0 1 0 5.02221e+06 0 0 1 5.29085e+06
1 0 0 3.79326e+06 0 1 0 5.02221e+06 0 0 1 5.29085e+06
1 0 0 3.79326e+06 0 1 0 5.02221e+06 0 0 1 5.29085e+06
1 0 0 3.79326e+06 0 1 0 5.02221e+06 0 0 1 5.29085e+06
1 0 0 3.79326e+06 0 1 0 5.02221e+06 0 0 1 5.29085e+06
1 0 0 3.79325e+06 0 1 0 5.02221e+06 0 0 1 5.29084e+06
1 0 0 3.79325e+06 0 1 0 5.02221e+06 0 0 1 5.29085e+06
1 0 0 3.79325e+06 0 1 0 5.02221e+06 0 0 1 5.29084e+06
1 0 0 3.79325e+06 0 1 0 5.02221e+06 0 0 1 5.29084e+06
1 0 0 3.79325e+06 0 1 0 5.02221e+06 0 0 1 5.29084e+06
1 0 0 3.79325e+06 0 1 0 5.02221e+06 0 0 1 5.29084e+06
1 0 0 3.79325e+06 0 1 0 5.02221e+06 0 0 1 5.29084e+06
1 0 0 3.79325e+06 0 1 0 5.02221e+06 0 0 1 5.29084e+06
1 0 0 3.79325e+06 0 1 0 5.02221e+06 0 0 1 5.29084e+06
1 0 0 3.79325e+06 0 1 0 5.02221e+06 0 0 1 5.29084e+06
1 0 0 3.79324e+06 0 1 0 5.02221e+06 0 0 1 5.29084e+06
1 0 0 3.79324e+06 0 1 0 5.02221e+06 0 0 1 5.29084e+06
1 0 0 3.79324e+06 0 1 0 5.02221e+06 0 0 1 5.29084e+06
1 0 0 3.79324e+06 0 1 0 5.02221e+06 0 0 1 5.29084e+06
1 0 0 3.79324e+06 0 1 0 5.02221e+06 0 0 1 5.29084e+06
1 0 0 3.79324e+06 0 1 0 5.0222e+06 0 0 1 5.29084e+06
1 0 0 3.79324e+06 0 1 0 5.0222e+06 0 0 1 5.29084e+06
1 0 0 3.79324e+06 0 1 0 5.0222e+06 0 0 1 5.29084e+06
1 0 0 3.79324e+06 0 1 0 5.0222e+06 0 0 1 5.29084e+06
1 0 0 3.79324e+06 0 1 0 5.0222e+06 0 0 1 5.29084e+06
1 0 0 3.79324e+06 0 1 0 5.0222e+06 0 0 1 5.29084e+06
1 0 0 3.79323e+06 0 1 0 5.0222e+06 0 0 1 5.29084e+06
1 0 0 3.79323e+06 0 1 0 5.0222e+06 0 0 1 5.29084e+06
1 0 0 3.79323e+06 0 1 0 5.0222e+06 0 0 1 5.29084e+06
1 0 0 3.79323e+06 0 1 0 5.0222e+06 0 0 1 5.29084e+06
1 0 0 3.79323e+06 0 1 0 5.0222e+06 0 0 1 5.29084e+06
1 0 0 3.79323e+06 0 1 0 5.0222e+06 0 0 1 5.29084e+06
1 0 0 3.79323e+06 0 1 0 5.0222e+06 0 0 1 5.29084e+06
1 0 0 3.79323e+06 0 1 0 5.0222e+06 0 0 1 5.29084e+06
1 0 0 3.79323e+06 0 1 0 5.0222e+06 0 0 1 5.29084e+06
1 0 0 3.79323e+06 0 1 0 5.0222e+06 0 0 1 5.29084e+06
1 0 0 3.79323e+06 0 1 0 5.0222e+06 0 0 1 5.29084e+06
1 0 0 3.79323e+06 0 1 0 5.0222e+06 0 0 1 5.29084e+06
1 0 0 3.79322e+06 0 1 0 5.0222e+06 0 0 1 5.29084e+06
1 0 0 3.79322e+06 0 1 0 5.0222e+06 0 0 1 5.29083e+06
1 0 0 3.79322e+06 0 1 0 5.0222e+06 0 0 1 5.29084e+06
1 0 0 3.79322e+06 0 1 0 5.0222e+06 0 0 1 5.29084e+06
1 0 0 3.79322e+06 0 1 0 5.0222e+06 0 0 1 5.29083e+06
1 0 0 3.79322e+06 0 1 0 5.0222e+06 0 0 1 5.29083e+06
1 0 0 3.79322e+06 0 1 0 5.0222e+06 0 0 1 5.29083e+06
1 0 0 3.79322e+06 0 1 0 5.0222e+06 0 0 1 5.29083e+06
1 0 0 3.79322e+06 0 1 0 5.0222e+06 0 0 1 5.29083e+06
1 0 0 3.79322e+06 0 1 0 5.0222e+06 0 0 1 5.29083e+06
1 0 0 3.79322e+06 0 1 0 5.0222e+06 0 0 1 5.29083e+06
1 0 0 3.79321e+06 0 1 0 5.0222e+06 0 0 1 5.29083e+06
1 0 0 3.79321e+06 0 1 0 5.0222e+06 0 0 1 5.29083e+06
1 0 0 3.79321e+06 0 1 0 5.0222e+06 0 0 1 5.29083e+06
1 0 0 3.79321e+06 0 1 0 5.0222e+06 0 0 1 5.29083e+06
1 0 0 3.79321e+06 0 1 0 5.0222e+06 0 0 1 5.29083e+06
1 0 0 3.79321e+06 0 1 0 5.0222e+06 0 0 1 5.29083e+06
1 0 0 3.79321e+06 0 1 0 5.02219e+06 0 0 1 5.29083e+06
1 0 0 3.79321e+06 0 1 0 5.02219e+06 0 0 1 5.29083e+06
1 0 0 3.79321e+06 0 1 0 5.02219e+06 0 0 1 5.29083e+06
1 0 0 3.79321e+06 0 1 0 5.02219e+06 0 0 1 5.29083e+06
1 0 0 3.79321e+06 0 1 0 5.02219e+06 0 0 1 5.29083e+06
1 0 0 3.7932e+06 0 1 0 5.02219e+06 0 0 1 5.29083e+06
1 0 0 3.7932e+06 0 1 0 5.02219e+06 0 0 1 5.29083e+06
1 0 0 3.7932e+06 0 1 0 5.02219e+06 0 0 1 5.29083e+06
1 0 0 3.7932e+06 0 1 0 5.02219e+06 0 0 1 5.29083e+06
1 0 0 3.7932e+06 0 1 0 5.02219e+06 0 0 1 5.29083e+06
1 0 0 3.7932e+06 0 1 0 5.02219e+06 0 0 1 5.29083e+06
1 0 0 3.7932e+06 0 1 0 5.02219e+06 0 0 1 5.29083e+06
1 0 0 3.7932e+06 0 1 0 5.02219e+06 0 0 1 5.29083e+06
1 0 0 3.7932e+06 0 1 0 5.02219e+06 0 0 1 5.29083e+06
1 0 0 3.7932e+06 0 1 0 5.02219e+06 0 0 1 5.29082e+06
1 0 0 3.7932e+06 0 1 0 5.02219e+06 0 0 1 5.29082e+06
1 0 0 3.79319e+06 0 1 0 5.02219e+06 0 0 1 5.29082e+06
1 0 0 3.79319e+06 0 1 0 5.02219e+06 0 0 1 5.29082e+06
1 0 0 3.79319e+06 0 1 0 5.02219e+06 0 0 1 5.29082e+06
1 0 0 3.79319e+06 0 1 0 5.02219e+06 0 0 1 5.29082e+06
1 0 0 3.79319e+06 0 1 0 5.02219e+06 0 0 1 5.29082e+06
1 0 0 3.79319e+06 0 1 0 5.02219e+06 0 0 1 5.29082e+06
1 0 0 3.79319e+06 0 1 0 5.02219e+06 0 0 1 5.29082e+06
1 0 0 3.79319e+06 0 1 0 5.02219e+06 0 0 1 5.29082e+06
1 0 0 3.79319e+06 0 1 0 5.02219e+06 0 0 1 5.29082e+06
1 0 0 3.79319e+06 0 1 0 5.02219e+06 0 0 1 5.29082e+06
1 0 0 3.79319e+06 0 1 0 5.02219e+06 0 0 1 5.29082e+06
1 0 0 3.79319e+06 0 1 0 5.02219e+06 0 0 1 5.29082e+06
1 0 0 3.79318e+06 0 1 0 5.02219e+06 0 0 1 5.29082e+06
1 0 0 3.79318e+06 0 1 0 5.0222e+06 0 0 1 5.29082e+06
1 0 0 3.79318e+06 0 1 0 5.0222e+06 0 0 1 5.29082e+06
1 0 0 3.79318e+06 0 1 0 5.02219e+06 0 0 1 5.29082e+06
1 0 0 3.79318e+06 0 1 0 5.0222e+06 0 0 1 5.29082e+06
1 0 0 3.79318e+06 0 1 0 5.0222e+06 0 0 1 5.29081e+06
1 0 0 3.79318e+06 0 1 0 5.0222e+06 0 0 1 5.29081e+06
1 0 0 3.79318e+06 0 1 0 5.0222e+06 0 0 1 5.29081e+06
1 0 0 3.79318e+06 0 1 0 5.0222e+06 0 0 1 5.29081e+06
1 0 0 3.79318e+06 0 1 0 5.0222e+06 0 0 1 5.29081e+06
1 0 0 3.79318e+06 0 1 0 5.0222e+06 0 0 1 5.29081e+06
1 0 0 3.79318e+06 0 1 0 5.0222e+06 0 0 1 5.29081e+06
1 0 0 3.79318e+06 0 1 0 5.0222e+06 0 0 1 5.29081e+06
1 0 0 3.79318e+06 0 1 0 5.0222e+06 0 0 1 5.29081e+06
1 0 0 3.79318e+06 0 1 0 5.0222e+06 0 0 1 5.29081e+06
1 0 0 3.79317e+06 0 1 0 5.0222e+06 0 0 1 5.29081e+06
1 0 0 3.79317e+06 0 1 0 5.0222e+06 0 0 1 5.29081e+06
1 0 0 3.79317e+06 0 1 0 5.0222e+06 0 0 1 5.29081e+06
1 0 0 3.79317e+06 0 1 0 5.0222e+06 0 0 1 5.29081e+06
1 0 0 3.79317e+06 0 1 0 5.0222e+06 0 0 1 5.29081e+06
1 0 0 3.79317e+06 0 1 0 5.0222e+06 0 0 1 5.29081e+06
1 0 0 3.79317e+06 0 1 0 5.0222e+06 0 0 1 5.29081e+06
1 0 0 3.79317e+06 0 1 0 5.0222e+06 0 0 1 5.2908e+06
1 0 0 3.79317e+06 0 1 0 5.0222e+06 0 0 1 5.2908e+06
1 0 0 3.79317e+06 0 1 0 5.0222e+06 0 0 1 5.2908e+06
1 0 0 3.79317e+06 0 1 0 5.0222e+06 0 0 1 5.2908e+06
1 0 0 3.79317e+06 0 1 0 5.0222e+06 0 0 1 5.2908e+06
1 0 0 3.79317e+06 0 1 0 5.0222e+06 0 0 1 5.2908e+06
1 0 0 3.79316e+06 0 1 0 5.0222e+06 0 0 1 5.2908e+06
1 0 0 3.79316e+06 0 1 0 5.02221e+06 0 0 1 5.2908e+06
1 0 0 3.79316e+06 0 1 0 5.0222e+06 0 0 1 5.2908e+06
1 0 0 3.79316e+06 0 1 0 5.02221e+06 0 0 1 5.2908e+06
1 0 0 3.79316e+06 0 1 0 5.02221e+06 0 0 1 5.2908e+06
1 0 0 3.79316e+06 0 1 0 5.02221e+06 0 0 1 5.2908e+06
1 0 0 3.79316e+06 0 1 0 5.02221e+06 0 0 1 5.2908e+06
1 0 0 3.79316e+06 0 1 0 5.02221e+06 0 0 1 5.2908e+06
1 0 0 3.79316e+06 0 1 0 5.02221e+06 0 0 1 5.2908e+06
1 0 0 3.79316e+06 0 1 0 5.02221e+06 0 0 1 5.2908e+06
1 0 0 3.79316e+06 0 1 0 5.02221e+06 0 0 1 5.2908e+06
1 0 0 3.79316e+06 0 1 0 5.02221e+06 0 0 1 5.2908e+06
1 0 0 3.79316e+06 0 1 0 5.02221e+06 0 0 1 5.29079e+06
1 0 0 3.79316e+06 0 1 0 5.02221e+06 0 0 1 5.29079e+06
1 0 0 3.79315e+06 0 1 0 5.02221e+06 0 0 1 5.29079e+06
1 0 0 3.79315e+06 0 1 0 5.02221e+06 0 0 1 5.29079e+06
1 0 0 3.79315e+06 0 1 0 5.02221e+06 0 0 1 5.29079e+06
1 0 0 3.79315e+06 0 1 0 5.02221e+06 0 0 1 5.29079e+06
1 0 0 3.79315e+06 0 1 0 5.02221e+06 0 0 1 5.29079e+06
1 0 0 3.79315e+06 0 1 0 5.02221e+06 0 0 1 5.29079e+06
1 0 0 3.79315e+06 0 1 0 5.02221e+06 0 0 1 5.29079e+06
1 0 0 3.79315e+06 0 1 0 5.02221e+06 0 0 1 5.29079e+06
1 0 0 3.79315e+06 0 1 0 5.02221e+06 0 0 1 5.29079e+06
1 0 0 3.79315e+06 0 1 0 5.02221e+06 0 0 1 5.29079e+06
1 0 0 3.79315e+06 0 1 0 5.02222e+06 0 0 1 5.29079e+06
1 0 0 3.79315e+06 0 1 0 5.02222e+06 0 0 1 5.29079e+06
1 0 0 3.79315e+06 0 1 0 5.02222e+06 0 0 1 5.29079e+06
1 0 0 3.79315e+06 0 1 0 5.02222e+06 0 0 1 5.29079e+06
1 0 0 3.79314e+06 0 1 0 5.02222e+06 0 0 1 5.29078e+06
1 0 0 3.79314e+06 0 1 0 5.02222e+06 0 0 1 5.29078e+06
1 0 0 3.79314e+06 0 1 0 5.02222e+06 0 0 1 5.29078e+06
1 0 0 3.79314e+06 0 1 0 5.02222e+06 0 0 1 5.29078e+06
1 0 0 3.79314e+06 0 1 0 5.02222e+06 0 0 1 5.29078e+06
1 0 0 3.79314e+06 0 1 0 5.02222e+06 0 0 1 5.29078e+06
1 0 0 3.79314e+06 0 1 0 5.02222e+06 0 0 1 5.29078e+06
1 0 0 3.79314e+06 0 1 0 5.02222e+06 0 0 1 5.29078e+06
1 0 0 3.79314e+06 0 1 0 5.02222e+06 0 0 1 5.29078e+06
1 0 0 3.79314e+06 0 1 0 5.02222e+06 0 0 1 5.29078e+06
1 0 0 3.79314e+06 0 1 0 5.02222e+06 0 0 1 5.29078e+06
1 0 0 3.79314e+06 0 1 0 5.02222e+06 0 0 1 5.29078e+06
1 0 0 3.79314e+06 0 1 0 5.02222e+06 0 0 1 5.29078e+06
1 0 0 3.79314e+06 0 1 0 5.02222e+06 0 0 1 5.29078e+06
1 0 0 3.79313e+06 0 1 0 5.02222e+06 0 0 1 5.29078e+06
1 0 0 3.79313e+06 0 1 0 5.02222e+06 0 0 1 5.29078e+06
1 0 0 3.79313e+06 0 1 0 5.02222e+06 0 0 1 5.29078e+06
1 0 0 3.79313e+06 0 1 0 5.02223e+06 0 0 1 5.29078e+06
1 0 0 3.79313e+06 0 1 0 5.02222e+06 0 0 1 5.29078e+06
1 0 0 3.79313e+06 0 1 0 5.02223e+06 0 0 1 5.29078e+06
1 0 0 3.79313e+06 0 1 0 5.02223e+06 0 0 1 5.29078e+06
1 0 0 3.79313e+06 0 1 0 5.02223e+06 0 0 1 5.29078e+06
1 0 0 3.79313e+06 0 1 0 5.02223e+06 0 0 1 5.29078e+06
1 0 0 3.79313e+06 0 1 0 5.02223e+06 0 0 1 5.29078e+06
1 0 0 3.79313e+06 0 1 0 5.02223e+06 0 0 1 5.29078e+06
1 0 0 3.79313e+06 0 1 0 5.02223e+06 0 0 1 5.29078e+06
1 0 0 3.79312e+06 0 1 0 5.02223e+06 0 0 1 5.29078e+06
1 0 0 3.79312e+06 0 1 0 5.02223e+06 0 0 1 5.29078e+06
1 0 0 3.79312e+06 0 1 0 5.02223e+06 0 0 1 5.29078e+06
1 0 0 3.79312e+06 0 1 0 5.02223e+06 0 0 1 5.29078e+06
1 0 0 3.79312e+06 0 1 0 5.02223e+06 0 0 1 5.29078e+06
1 0 0 3.79312e+06 0 1 0 5.02223e+06 0 0 1 5.29078e+06
1 0 0 3.79312e+06 0 1 0 5.02223e+06 0 0 1 5.29078e+06
1 0 0 3.79312e+06 0 1 0 5.02223e+06 0 0 1 5.29078e+06
1 0 0 3.79312e+06 0 1 0 5.02224e+06 0 0 1 5.29078e+06
1 0 0 3.79312e+06 0 1 0 5.02224e+06 0 0 1 5.29078e+06
1 0 0 3.79312e+06 0 1 0 5.02224e+06 0 0 1 5.29078e+06
1 0 0 3.79312e+06 0 1 0 5.02224e+06 0 0 1 5.29078e+06
1 0 0 3.79312e+06 0 1 0 5.02224e+06 0 0 1 5.29078e+06
1 0 0 3.79312e+06 0 1 0 5.02224e+06 0 0 1 5.29078e+06
1 0 0 3.79311e+06 0 1 0 5.02224e+06 0 0 1 5.29078e+06
1 0 0 3.79311e+06 0 1 0 5.02224e+06 0 0 1 5.29078e+06
1 0 0 3.79311e+06 0 1 0 5.02224e+06 0 0 1 5.29078e+06
1 0 0 3.79311e+06 0 1 0 5.02224e+06 0 0 1 5.29078e+06
1 0 0 3.79311e+06 0 1 0 5.02224e+06 0 0 1 5.29078e+06
1 0 0 3.79311e+06 0 1 0 5.02224e+06 0 0 1 5.29078e+06
1 0 0 3.79311e+06 0 1 0 5.02224e+06 0 0 1 5.29078e+06
1 0 0 3.79311e+06 0 1 0 5.02224e+06 0 0 1 5.29078e+06
1 0 0 3.79311e+06 0 1 0 5.02224e+06 0 0 1 5.29078e+06
1 0 0 3.79311e+06 0 1 0 5.02224e+06 0 0 1 5.29079e+06
1 0 0 3.79311e+06 0 1 0 5.02224e+06 0 0 1 5.29078e+06
1 0 0 3.79311e+06 0 1 0 5.02224e+06 0 0 1 5.29079e+06
1 0 0 3.79311e+06 0 1 0 5.02225e+06 0 0 1 5.29079e+06
1 0 0 3.79311e+06 0 1 0 5.02225e+06 0 0 1 5.29079e+06
1 0 0 3.79311e+06 0 1 0 5.02225e+06 0 0 1 5.29079e+06
1 0 0 3.79311e+06 0 1 0 5.02225e+06 0 0 1 5.29079e+06
1 0 0 3.79311e+06 0 1 0 5.02225e+06 0 0 1 5.29079e+06
1 0 0 3.79311e+06 0 1 0 5.02225e+06 0 0 1 5.29079e+06
1 0 0 3.7931e+06 0 1 0 5.02225e+06 0 0 1 5.29079e+06
1 0 0 3.7931e+06 0 1 0 5.02225e+06 0 0 1 5.29079e+06
1 0 0 3.7931e+06 0 1 0 5.02225e+06 0 0 1 5.29079e+06
1 0 0 3.7931e+06 0 1 0 5.02225e+06 0 0 1 5.29079e+06
1 0 0 3.7931e+06 0 1 0 5.02225e+06 0 0 1 5.29079e+06
1 0 0 3.7931e+06 0 1 0 5.02225e+06 0 0 1 5.2908e+06
1 0 0 3.7931e+06 0 1 0 5.02225e+06 0 0 1 5.2908e+06
1 0 0 3.7931e+06 0 1 0 5.02225e+06 0 0 1 5.2908e+06
1 0 0 3.7931e+06 0 1 0 5.02225e+06 0 0 1 5.2908e+06
1 0 0 3.7931e+06 0 1 0 5.02225e+06 0 0 1 5.2908e+06
1 0 0 3.7931e+06 0 1 0 5.02225e+06 0 0 1 5.2908e+06
1 0 0 3.7931e+06 0 1 0 5.02225e+06 0 0 1 5.2908e+06
1 0 0 3.7931e+06 0 1 0 5.02226e+06 0 0 1 5.2908e+06
1 0 0 3.7931e+06 0 1 0 5.02225e+06 0 0 1 5.2908e+06
1 0 0 3.7931e+06 0 1 0 5.02226e+06 0 0 1 5.2908e+06
1 0 0 3.7931e+06 0 1 0 5.02226e+06 0 0 1 5.2908e+06
1 0 0 3.7931e+06 0 1 0 5.02226e+06 0 0 1 5.2908e+06
1 0 0 3.7931e+06 0 1 0 5.02226e+06 0 0 1 5.2908e+06
1 0 0 3.7931e+06 0 1 0 5.02226e+06 0 0 1 5.29081e+06
1 0 0 3.7931e+06 0 1 0 5.02226e+06 0 0 1 5.29081e+06
1 0 0 3.7931e+06 0 1 0 5.02226e+06 0 0 1 5.29081e+06
1 0 0 3.7931e+06 0 1 0 5.02226e+06 0 0 1 5.29081e+06
1 0 0 3.7931e+06 0 1 0 5.02226e+06 0 0 1 5.29081e+06
1 0 0 3.7931e+06 0 1 0 5.02226e+06 0 0 1 5.29081e+06
1 0 0 3.79309e+06 0 1 0 5.02226e+06 0 0 1 5.29081e+06
1 0 0 3.7931e+06 0 1 0 5.02226e+06 0 0 1 5.29081e+06
1 0 0 3.79309e+06 0 1 0 5.02226e+06 0 0 1 5.29081e+06
1 0 0 3.79309e+06 0 1 0 5.02226e+06 0 0 1 5.29081e+06
1 0 0 3.79309e+06 0 1 0 5.02226e+06 0 0 1 5.29081e+06
1 0 0 3.79309e+06 0 1 0 5.02226e+06 0 0 1 5.29081e+06
1 0 0 3.79309e+06 0 1 0 5.02226e+06 0 0 1 5.29082e+06
1 0 0 3.79309e+06 0 1 0 5.02226e+06 0 0 1 5.29082e+06
1 0 0 3.79309e+06 0 1 0 5.02226e+06 0 0 1 5.29082e+06
1 0 0 3.79309e+06 0 1 0 5.02227e+06 0 0 1 5.29082e+06
1 0 0 3.79309e+06 0 1 0 5.02226e+06 0 0 1 5.29082e+06
1 0 0 3.79309e+06 0 1 0 5.02226e+06 0 0 1 5.29082e+06
1 0 0 3.79309e+06 0 1 0 5.02227e+06 0 0 1 5.29082e+06
1 0 0 3.79309e+06 0 1 0 5.02227e+06 0 0 1 5.29082e+06
1 0 0 3.79309e+06 0 1 0 5.02227e+06 0 0 1 5.29082e+06
1 0 0 3.79309e+06 0 1 0 5.02227e+06 0 0 1 5.29082e+06
1 0 0 3.79309e+06 0 1 0 5.02227e+06 0 0 1 5.29082e+06
1 0 0 3.79309e+06 0 1 0 5.02227e+06 0 0 1 5.29082e+06
1 0 0 3.79309e+06 0 1 0 5.02227e+06 0 0 1 5.29082e+06
1 0 0 3.79309e+06 0 1 0 5.02227e+06 0 0 1 5.29083e+06
1 0 0 3.79309e+06 0 1 0 5.02227e+06 0 0 1 5.29083e+06
1 0 0 3.79309e+06 0 1 0 5.02227e+06 0 0 1 5.29083e+06
1 0 0 3.79309e+06 0 1 0 5.02227e+06 0 0 1 5.29083e+06
1 0 0 3.79308e+06 0 1 0 5.02227e+06 0 0 1 5.29083e+06
1 0 0 3.79308e+06 0 1 0 5.02227e+06 0 0 1 5.29083e+06
1 0 0 3.79308e+06 0 1 0 5.02227e+06 0 0 1 5.29083e+06
1 0 0 3.79308e+06 0 1 0 5.02227e+06 0 0 1 5.29083e+06
1 0 0 3.79308e+06 0 1 0 5.02227e+06 0 0 1 5.29083e+06
1 0 0 3.79308e+06 0 1 0 5.02227e+06 0 0 1 5.29083e+06
1 0 0 3.79308e+06 0 1 0 5.02227e+06 0 0 1 5.29083e+06
1 0 0 3.79308e+06 0 1 0 5.02228e+06 0 0 1 5.29083e+06
1 0 0 3.79308e+06 0 1 0 5.02228e+06 0 0 1 5.29083e+06
1 0 0 3.79308e+06 0 1 0 5.02228e+06 0 0 1 5.29084e+06
1 0 0 3.79308e+06 0 1 0 5.02228e+06 0 0 1 5.29084e+06
1 0 0 3.79308e+06 0 1 0 5.02228e+06 0 0 1 5.29084e+06
1 0 0 3.79308e+06 0 1 0 5.02228e+06 0 0 1 5.29084e+06
1 0 0 3.79308e+06 0 1 0 5.02228e+06 0 0 1 5.29084e+06
1 0 0 3.79308e+06 0 1 0 5.02228e+06 0 0 1 5.29084e+06
1 0 0 3.79308e+06 0 1 0 5.02228e+06 0 0 1 5.29084e+06
1 0 0 3.79308e+06 0 1 0 5.02228e+06 0 0 1 5.29084e+06
1 0 0 3.79308e+06 0 1 0 5.02228e+06 0 0 1 5.29084e+06
1 0 0 3.79308e+06 0 1 0 5.02228e+06 0 0 1 5.29084e+06
1 0 0 3.79308e+06 0 1 0 5.02228e+06 0 0 1 5.29084e+06
1 0 0 3.79308e+06 0 1 0 5.02228e+06 0 0 1 5.29084e+06
1 0 0 3.79308e+06 0 1 0 5.02228e+06 0 0 1 5.29084e+06
1 0 0 3.79308e+06 0 1 0 5.02228e+06 0 0 1 5.29084e+06
1 0 0 3.79308e+06 0 1 0 5.02228e+06 0 0 1 5.29085e+06
1 0 0 3.79308e+06 0 1 0 5.02229e+06 0 0 1 5.29085e+06
1 0 0 3.79308e+06 0 1 0 5.02229e+06 0 0 1 5.29085e+06
1 0 0 3.79308e+06 0 1 0 5.02229e+06 0 0 1 5.29085e+06
1 0 0 3.79308e+06 0 1 0 5.02229e+06 0 0 1 5.29085e+06
1 0 0 3.79308e+06 0 1 0 5.02229e+06 0 0 1 5.29085e+06
1 0 0 3.79308e+06 0 1 0 5.02229e+06 0 0 1 5.29085e+06
1 0 0 3.79308e+06 0 1 0 5.02229e+06 0 0 1 5.29085e+06
1 0 0 3.79308e+06 0 1 0 5.02229e+06 0 0 1 5.29085e+06
1 0 0 3.79308e+06 0 1 0 5.02229e+06 0 0 1 5.29085e+06
1 0 0 3.79308e+06 0 1 0 5.02229e+06 0 0 1 5.29085e+06
1 0 0 3.79308e+06 0 1 0 5.0223e+06 0 0 1 5.29085e+06
1 0 0 3.79308e+06 0 1 0 5.0223e+06 0 0 1 5.29085e+06
1 0 0 3.79308e+06 0 1 0 5.0223e+06 0 0 1 5.29085e+06
1 0 0 3.79308e+06 0 1 0 5.0223e+06 0 0 1 5.29085e+06
1 0 0 3.79308e+06 0 1 0 5.0223e+06 0 0 1 5.29085e+06
1 0 0 3.79308e+06 0 1 0 5.0223e+06 0 0 1 5.29085e+06
1 0 0 3.79308e+06 0 1 0 5.0223e+06 0 0 1 5.29085e+06
1 0 0 3.79308e+06 0 1 0 5.0223e+06 0 0 1 5.29085e+06
1 0 0 3.79308e+06 0 1 0 5.0223e+06 0 0 1 5.29085e+06
1 0 0 3.79308e+06 0 1 0 5.0223e+06 0 0 1 5.29085e+06
1 0 0 3.79308e+06 0 1 0 5.0223e+06 0 0 1 5.29086e+06
1 0 0 3.79308e+06 0 1 0 5.0223e+06 0 0 1 5.29086e+06
1 0 0 3.79308e+06 0 1 0 5.02231e+06 0 0 1 5.29085e+06
1 0 0 3.79308e+06 0 1 0 5.02231e+06 0 0 1 5.29086e+06
1 0 0 3.79308e+06 0 1 0 5.02231e+06 0 0 1 5.29086e+06
1 0 0 3.79308e+06 0 1 0 5.02231e+06 0 0 1 5.29086e+06
1 0 0 3.79308e+06 0 1 0 5.02231e+06 0 0 1 5.29086e+06
1 0 0 3.79308e+06 0 1 0 5.02231e+06 0 0 1 5.29086e+06
1 0 0 3.79308e+06 0 1 0 5.02231e+06 0 0 1 5.29086e+06
1 0 0 3.79308e+06 0 1 0 5.02231e+06 0 0 1 5.29086e+06
1 0 0 3.79308e+06 0 1 0 5.02231e+06 0 0 1 5.29086e+06
1 0 0 3.79308e+06 0 1 0 5.02232e+06 0 0 1 5.29086e+06
1 0 0 3.79308e+06 0 1 0 5.02232e+06 0 0 1 5.29086e+06
1 0 0 3.79308e+06 0 1 0 5.02232e+06 0 0 1 5.29086e+06
1 0 0 3.79308e+06 0 1 0 5.02232e+06 0 0 1 5.29086e+06
1 0 0 3.79308e+06 0 1 0 5.02232e+06 0 0 1 5.29086e+06
1 0 0 3.79308e+06 0 1 0 5.02232e+06 0 0 1 5.29086e+06
1 0 0 3.79308e+06 0 1 0 5.02232e+06 0 0 1 5.29086e+06
1 0 0 3.79308e+06 0 1 0 5.02232e+06 0 0 1 5.29086e+06
1 0 0 3.79308e+06 0 1 0 5.02232e+06 0 0 1 5.29086e+06
1 0 0 3.79308e+06 0 1 0 5.02232e+06 0 0 1 5.29086e+06
1 0 0 3.79308e+06 0 1 0 5.02232e+06 0 0 1 5.29086e+06
1 0 0 3.79309e+06 0 1 0 5.02232e+06 0 0 1 5.29086e+06
1 0 0 3.79308e+06 0 1 0 5.02232e+06 0 0 1 5.29086e+06
1 0 0 3.79308e+06 0 1 0 5.02232e+06 0 0 1 5.29087e+06
1 0 0 3.79308e+06 0 1 0 5.02233e+06 0 0 1 5.29086e+06
1 0 0 3.79308e+06 0 1 0 5.02233e+06 0 0 1 5.29087e+06
1 0 0 3.79308e+06 0 1 0 5.02233e+06 0 0 1 5.29087e+06
1 0 0 3.79308e+06 0 1 0 5.02233e+06 0 0 1 5.29087e+06
1 0 0 3.79309e+06 0 1 0 5.02233e+06 0 0 1 5.29087e+06
1 0 0 3.79308e+06 0 1 0 5.02233e+06 0 0 1 5.29087e+06
1 0 0 3.79308e+06 0 1 0 5.02233e+06 0 0 1 5.29087e+06
1 0 0 3.79309e+06 0 1 0 5.02233e+06 0 0 1 5.29087e+06
1 0 0 3.79309e+06 0 1 0 5.02233e+06 0 0 1 5.29087e+06
1 0 0 3.79309e+06 0 1 0 5.02233e+06 0 0 1 5.29087e+06
1 0 0 3.79309e+06 0 1 0 5.02234e+06 0 0 1 5.29087e+06
1 0 0 3.79309e+06 0 1 0 5.02234e+06 0 0 1 5.29087e+06
1 0 0 3.79309e+06 0 1 0 5.02234e+06 0 0 1 5.29087e+06
1 0 0 3.79309e+06 0 1 0 5.02234e+06 0 0 1 5.29087e+06
1 0 0 3.79309e+06 0 1 0 5.02234e+06 0 0 1 5.29087e+06
1 0 0 3.79309e+06 0 1 0 5.02234e+06 0 0 1 5.29087e+06
1 0 0 3.79309e+06 0 1 0 5.02234e+06 0 0 1 5.29087e+06
1 0 0 3.79309e+06 0 1 0 5.02234e+06 0 0 1 5.29087e+06
1 0 0 3.79309e+06 0 1 0 5.02234e+06 0 0 1 5.29087e+06
1 0 0 3.79309e+06 0 1 0 5.02234e+06 0 0 1 5.29087e+06
1 0 0 3.79309e+06 0 1 0 5.02234e+06 0 0 1 5.29087e+06
1 0 0 3.79309e+06 0 1 0 5.02235e+06 0 0 1 5.29087e+06
1 0 0 3.79309e+06 0 1 0 5.02235e+06 0 0 1 5.29088e+06
1 0 0 3.79309e+06 0 1 0 5.02235e+06 0 0 1 5.29088e+06
1 0 0 3.79309e+06 0 1 0 5.02235e+06 0 0 1 5.29088e+06
1 0 0 3.79309e+06 0 1 0 5.02235e+06 0 0 1 5.29088e+06
1 0 0 3.79309e+06 0 1 0 5.02235e+06 0 0 1 5.29088e+06
1 0 0 3.79309e+06 0 1 0 5.02235e+06 0 0 1 5.29088e+06
1 0 0 3.79309e+06 0 1 0 5.02235e+06 0 0 1 5.29088e+06
1 0 0 3.79309e+06 0 1 0 5.02235e+06 0 0 1 5.29088e+06
1 0 0 3.79309e+06 0 1 0 5.02235e+06 0 0 1 5.29088e+06
1 0 0 3.79309e+06 0 1 0 5.02235e+06 0 0 1 5.29088e+06
1 0 0 3.79309e+06 0 1 0 5.02236e+06 0 0 1 5.29088e+06
1 0 0 3.79309e+06 0 1 0 5.02236e+06 0 0 1 5.29088e+06
1 0 0 3.79309e+06 0 1 0 5.02236e+06 0 0 1 5.29088e+06
1 0 0 3.79309e+06 0 1 0 5.02236e+06 0 0 1 5.29088e+06
1 0 0 3.79309e+06 0 1 0 5.02236e+06 0 0 1 5.29088e+06
1 0 0 3.79309e+06 0 1 0 5.02236e+06 0 0 1 5.29088e+06
1 0 0 3.79309e+06 0 1 0 5.02236e+06 0 0 1 5.29088e+06
1 0 0 3.79309e+06 0 1 0 5.02236e+06 0 0 1 5.29088e+06
1 0 0 3.79309e+06 0 1 0 5.02236e+06 0 0 1 5.29088e+06
1 0 0 3.79309e+06 0 1 0 5.02236e+06 0 0 1 5.29088e+06
1 0 0 3.79309e+06 0 1 0 5.02236e+06 0 0 1 5.29088e+06
1 0 0 3.79309e+06 0 1 0 5.02237e+06 0 0 1 5.29088e+06
1 0 0 3.79309e+06 0 1 0 5.02237e+06 0 0 1 5.29088e+06
1 0 0 3.79309e+06 0 1 0 5.02237e+06 0 0 1 5.29088e+06
1 0 0 3.79309e+06 0 1 0 5.02237e+06 0 0 1 5.29088e+06
1 0 0 3.79309e+06 0 1 0 5.02237e+06 0 0 1 5.29088e+06
1 0 0 3.79309e+06 0 1 0 5.02237e+06 0 0 1 5.29089e+06
1 0 0 3.79309e+06 0 1 0 5.02237e+06 0 0 1 5.29089e+06
1 0 0 3.79309e+06 0 1 0 5.02237e+06 0 0 1 5.29089e+06
1 0 0 3.79309e+06 0 1 0 5.02237e+06 0 0 1 5.29089e+06
1 0 0 3.79309e+06 0 1 0 5.02237e+06 0 0 1 5.29089e+06
1 0 0 3.79309e+06 0 1 0 5.02237e+06 0 0 1 5.29089e+06
1 0 0 3.79309e+06 0 1 0 5.02238e+06 0 0 1 5.29089e+06
1 0 0 3.79309e+06 0 1 0 5.02238e+06 0 0 1 5.29089e+06
1 0 0 3.79309e+06 0 1 0 5.02238e+06 0 0 1 5.29089e+06
1 0 0 3.79309e+06 0 1 0 5.02238e+06 0 0 1 5.29089e+06
1 0 0 3.79309e+06 0 1 0 5.02238e+06 0 0 1 5.29089e+06
1 0 0 3.79309e+06 0 1 0 5.02238e+06 0 0 1 5.29089e+06
1 0 0 3.79309e+06 0 1 0 5.02238e+06 0 0 1 5.29089e+06
1 0 0 3.79309e+06 0 1 0 5.02238e+06 0 0 1 5.29089e+06
1 0 0 3.79309e+06 0 1 0 5.02238e+06 0 0 1 5.29089e+06
1 0 0 3.79309e+06 0 1 0 5.02238e+06 0 0 1 5.29089e+06
1 0 0 3.79309e+06 0 1 0 5.02238e+06 0 0 1 5.29089e+06
1 0 0 3.79309e+06 0 1 0 5.02238e+06 0 0 1 5.29089e+06
1 0 0 3.79309e+06 0 1 0 5.02239e+06 0 0 1 5.29089e+06
1 0 0 3.79309e+06 0 1 0 5.02239e+06 0 0 1 5.29089e+06
1 0 0 3.79309e+06 0 1 0 5.02239e+06 0 0 1 5.29089e+06
1 0 0 3.79309e+06 0 1 0 5.02239e+06 0 0 1 5.2909e+06
1 0 0 3.79309e+06 0 1 0 5.02239e+06 0 0 1 5.2909e+06
1 0 0 3.79309e+06 0 1 0 5.02239e+06 0 0 1 5.2909e+06
1 0 0 3.79309e+06 0 1 0 5.02239e+06 0 0 1 5.2909e+06
1 0 0 3.79309e+06 0 1 0 5.02239e+06 0 0 1 5.2909e+06
1 0 0 3.79309e+06 0 1 0 5.02239e+06 0 0 1 5.2909e+06
1 0 0 3.79309e+06 0 1 0 5.02239e+06 0 0 1 5.2909e+06
1 0 0 3.79309e+06 0 1 0 5.02239e+06 0 0 1 5.2909e+06
1 0 0 3.79309e+06 0 1 0 5.0224e+06 0 0 1 5.2909e+06
1 0 0 3.79309e+06 0 1 0 5.0224e+06 0 0 1 5.2909e+06
1 0 0 3.79309e+06 0 1 0 5.0224e+06 0 0 1 5.2909e+06
1 0 0 3.79309e+06 0 1 0 5.0224e+06 0 0 1 5.2909e+06
1 0 0 3.79309e+06 0 1 0 5.0224e+06 0 0 1 5.2909e+06
1 0 0 3.79309e+06 0 1 0 5.0224e+06 0 0 1 5.2909e+06
1 0 0 3.79309e+06 0 1 0 5.0224e+06 0 0 1 5.2909e+06
1 0 0 3.79309e+06 0 1 0 5.0224e+06 0 0 1 5.2909e+06
1 0 0 3.79309e+06 0 1 0 5.0224e+06 0 0 1 5.2909e+06
1 0 0 3.79309e+06 0 1 0 5.0224e+06 0 0 1 5.29091e+06
1 0 0 3.79309e+06 0 1 0 5.0224e+06 0 0 1 5.29091e+06
1 0 0 3.79309e+06 0 1 0 5.0224e+06 0 0 1 5.29091e+06
1 0 0 3.79309e+06 0 1 0 5.0224e+06 0 0 1 5.29091e+06
1 0 0 3.79309e+06 0 1 0 5.0224e+06 0 0 1 5.29091e+06
1 0 0 3.79309e+06 0 1 0 5.0224e+06 0 0 1 5.29091e+06
1 0 0 3.79309e+06 0 1 0 5.0224e+06 0 0 1 5.29091e+06
1 0 0 3.79309e+06 0 1 0 5.0224e+06 0 0 1 5.29091e+06
1 0 0 3.79309e+06 0 1 0 5.0224e+06 0 0 1 5.29091e+06
1 0 0 3.79309e+06 0 1 0 5.0224e+06 0 0 1 5.29091e+06
1 0 0 3.79309e+06 0 1 0 5.02241e+06 0 0 1 5.29091e+06
1 0 0 3.79309e+06 0 1 0 5.02241e+06 0 0 1 5.29091e+06
1 0 0 3.79309e+06 0 1 0 5.02241e+06 0 0 1 5.29092e+06
1 0 0 3.79309e+06 0 1 0 5.02241e+06 0 0 1 5.29092e+06
1 0 0 3.79309e+06 0 1 0 5.02241e+06 0 0 1 5.29092e+06
1 0 0 3.79309e+06 0 1 0 5.02241e+06 0 0 1 5.29092e+06
1 0 0 3.79308e+06 0 1 0 5.02241e+06 0 0 1 5.29092e+06
1 0 0 3.79308e+06 0 1 0 5.02241e+06 0 0 1 5.29092e+06
1 0 0 3.79308e+06 0 1 0 5.02241e+06 0 0 1 5.29092e+06
1 0 0 3.79308e+06 0 1 0 5.02241e+06 0 0 1 5.29092e+06
1 0 0 3.79308e+06 0 1 0 5.02241e+06 0 0 1 5.29092e+06
1 0 0 3.79308e+06 0 1 0 5.02241e+06 0 0 1 5.29092e+06
1 0 0 3.79308e+06 0 1 0 5.02241e+06 0 0 1 5.29092e+06
1 0 0 3.79308e+06 0 1 0 5.02241e+06 0 0 1 5.29092e+06
1 0 0 3.79308e+06 0 1 0 5.02241e+06 0 0 1 5.29092e+06
1 0 0 3.79308e+06 0 1 0 5.02241e+06 0 0 1 5.29092e+06
1 0 0 3.79308e+06 0 1 0 5.02241e+06 0 0 1 5.29093e+06
1 0 0 3.79308e+06 0 1 0 5.02241e+06 0 0 1 5.29093e+06
1 0 0 3.79308e+06 0 1 0 5.02242e+06 0 0 1 5.29093e+06
1 0 0 3.79308e+06 0 1 0 5.02242e+06 0 0 1 5.29093e+06
1 0 0 3.79308e+06 0 1 0 5.02242e+06 0 0 1 5.29093e+06
1 0 0 3.79308e+06 0 1 0 5.02242e+06 0 0 1 5.29093e+06
1 0 0 3.79308e+06 0 1 0 5.02242e+06 0 0 1 5.29093e+06
1 0 0 3.79308e+06 0 1 0 5.02242e+06 0 0 1 5.29093e+06
1 0 0 3.79308e+06 0 1 0 5.02242e+06 0 0 1 5.29093e+06
1 0 0 3.79308e+06 0 1 0 5.02242e+06 0 0 1 5.29093e+06
1 0 0 3.79308e+06 0 1 0 5.02242e+06 0 0 1 5.29093e+06
1 0 0 3.79308e+06 0 1 0 5.02242e+06 0 0 1 5.29094e+06
1 0 0 3.79308e+06 0 1 0 5.02242e+06 0 0 1 5.29094e+06
1 0 0 3.79307e+06 0 1 0 5.02242e+06 0 0 1 5.29094e+06
1 0 0 3.79308e+06 0 1 0 5.02242e+06 0 0 1 5.29094e+06
1 0 0 3.79308e+06 0 1 0 5.02242e+06 0 0 1 5.29094e+06
1 0 0 3.79307e+06 0 1 0 5.02242e+06 0 0 1 5.29094e+06
1 0 0 3.79307e+06 0 1 0 5.02242e+06 0 0 1 5.29094e+06
1 0 0 3.79307e+06 0 1 0 5.02242e+06 0 0 1 5.29094e+06
1 0 0 3.79307e+06 0 1 0 5.02242e+06 0 0 1 5.29094e+06
1 0 0 3.79307e+06 0 1 0 5.02242e+06 0 0 1 5.29094e+06
1 0 0 3.79307e+06 0 1 0 5.02242e+06 0 0 1 5.29094e+06
1 0 0 3.79307e+06 0 1 0 5.02242e+06 0 0 1 5.29094e+06
1 0 0 3.79307e+06 0 1 0 5.02242e+06 0 0 1 5.29094e+06
1 0 0 3.79307e+06 0 1 0 5.02243e+06 0 0 1 5.29094e+06
1 0 0 3.79307e+06 0 1 0 5.02243e+06 0 0 1 5.29095e+06
1 0 0 3.79307e+06 0 1 0 5.02243e+06 0 0 1 5.29095e+06
1 0 0 3.79307e+06 0 1 0 5.02243e+06 0 0 1 5.29095e+06
1 0 0 3.79307e+06 0 1 0 5.02243e+06 0 0 1 5.29095e+06
1 0 0 3.79307e+06 0 1 0 5.02243e+06 0 0 1 5.29095e+06
1 0 0 3.79307e+06 0 1 0 5.02243e+06 0 0 1 5.29095e+06
1 0 0 3.79307e+06 0 1 0 5.02243e+06 0 0 1 5.29095e+06
