0.148354	-0.003647	 0.001351	
0.238589	-0.021244	 0.001258	
0.308271	-0.114384	 -0.000614	
0.340537	-0.299438	 0.079110	
0.292435	-0.609237	 -0.038024	
0.361843	-0.694384	 0.113732	
0.132269	-1.306461	 0.006112	
-0.379634	-1.798977	 0.169853	
-0.554544	-2.052089	 0.332707	
-0.551817	-2.002766	 0.126302	
-0.188649	-0.764815	 0.361203	
0.481063	-0.942085	 -0.192673	
0.983960	-1.361308	 0.402159	
0.882215	-1.089582	 0.151224	
1.350744	-1.835916	 -0.067132	
1.244592	-1.446548	 -0.127587	
0.413726	-1.117030	 -0.837504	
1.168864	-1.079313	 -0.542978	
1.633091	-1.315365	 -0.352507	
1.843172	-1.322145	 -0.799598	
1.906506	-1.532463	 -0.997953	
1.739009	-0.460188	 -0.735716	
1.247638	-0.170133	 -0.844024	
0.968586	-0.346136	 -1.488162	
1.040126	-1.092413	 -2.107337	
0.786647	-1.100307	 -1.649334	
1.007117	-0.654893	 -1.856254	
1.322737	-0.640533	 -1.819439	
1.506255	-0.592589	 -2.290075	
1.732358	-0.507031	 -2.366918	
1.987274	-1.037614	 -1.940079	
2.419809	-0.908884	 -2.102008	
2.105186	-0.097456	 -1.706572	
2.409679	-0.265234	 -1.635484	
2.582948	-1.363904	 -1.544875	
2.451976	-0.850521	 -1.823202	
2.808958	-1.098663	 -1.334871	
2.835018	-0.815823	 -1.166985	
2.645427	-1.241572	 -1.592561	
2.534506	-1.689152	 -1.758823	
2.308366	-1.510567	 -1.967402	
2.697987	-1.172680	 -2.198375	
2.540100	-0.936915	 -2.448862	
2.262286	-0.762436	 -2.751141	
1.953416	-0.453966	 -1.759368	
2.281561	-1.282185	 -1.998309	
2.307648	-1.294354	 -2.524805	
2.655738	-1.143536	 -2.587297	
2.750167	-1.588257	 -2.735440	
2.777011	-1.384240	 -2.534982	
3.657078	-1.322714	 -2.264192	
3.339346	-1.545678	 -2.359279	
3.258401	-1.534280	 -2.544793	
3.636197	-1.614856	 -2.710527	
4.049179	-1.108824	 -2.240019	
4.531056	-1.341297	 -2.823944	
3.688641	-1.129480	 -2.382426	
3.439591	-1.486919	 -2.596937	
3.227645	-1.254583	 -2.744854	
4.482272	-1.630195	 -2.870562	
4.782164	-1.978633	 -2.652339	
4.721799	-1.819494	 -2.494749	
4.693467	-1.452113	 -2.665635	
5.107514	-1.338411	 -2.754660	
4.846758	-1.427808	 -2.741799	
4.654671	-1.307232	 -2.509698	
4.794353	-1.893811	 -2.804210	
4.885212	-1.195660	 -2.786300	
4.761840	-1.479199	 -2.536106	
5.022798	-1.243002	 -2.888521	
4.795670	-1.263600	 -2.863317	
5.072305	-1.598841	 -3.128310	
5.489039	-2.044281	 -3.305256	
5.437251	-1.710035	 -3.390659	
5.269173	-1.489830	 -2.916391	
5.445347	-1.134454	 -2.831008	
5.778040	-1.317881	 -2.736830	
5.446369	-1.605663	 -2.712733	
5.562547	-2.332317	 -2.973562	
5.447488	-1.647283	 -2.697570	
5.528094	-1.616947	 -2.632150	
5.735529	-1.468038	 -3.032183	
5.937014	-1.407488	 -3.128826	
6.072972	-1.888699	 -2.983055	
6.695927	-1.586023	 -2.948034	
6.901503	-1.736181	 -3.030079	
6.695925	-1.531468	 -3.156885	
7.147081	-1.249425	 -2.929797	
6.859664	-0.877873	 -2.895749	
6.472695	-1.241516	 -2.862605	
6.242774	-1.300226	 -2.845823	
6.716204	-1.287715	 -2.922429	
7.438990	-1.670307	 -2.979350	
7.215585	-1.320871	 -2.651054	
7.410188	-1.637751	 -2.959759	
7.745343	-1.513884	 -2.964221	
8.116264	-1.636570	 -3.023446	
8.043732	-1.621016	 -3.066799	
8.463325	-2.055672	 -3.193124	
8.789161	-1.765096	 -3.106708	
8.740456	-1.551358	 -2.696894	
9.079744	-1.392845	 -2.594430	
8.447743	-1.275239	 -2.493701	
7.687224	-1.479409	 -2.300503	
7.517151	-1.280569	 -2.101898	
7.839833	-1.378567	 -2.368836	
7.867922	-1.260092	 -2.586452	
7.390315	-1.227711	 -2.949868	
7.082749	-1.433800	 -2.842408	
6.824397	-1.341111	 -2.879934	
7.763011	-1.368391	 -3.149258	
7.804474	-1.513829	 -3.128745	
7.885213	-1.222819	 -2.883295	
7.745691	-1.474101	 -2.868442	
7.598315	-1.336771	 -2.542246	
7.750176	-1.543475	 -2.765281	
7.381858	-1.425499	 -2.511465	
7.617317	-1.543557	 -2.535879	
7.620876	-1.480924	 -2.649171	
8.191663	-1.779463	 -3.067088	
8.213105	-1.510939	 -2.990797	
8.069390	-1.355930	 -2.649797	
7.944848	-1.277740	 -2.558509	
7.908590	-0.872488	 -2.608100	
7.647999	-1.069126	 -2.753778	
7.922071	-1.483576	 -2.804851	
8.403691	-1.663593	 -3.317608	
8.501795	-1.890944	 -2.908646	
7.981546	-1.961763	 -2.927216	
7.546696	-1.656547	 -2.579953	
7.565784	-1.186652	 -2.545475	
8.184871	-1.194470	 -2.850547	
7.881702	-1.545619	 -2.802619	
8.070937	-1.598135	 -2.681952	
7.229961	-1.056578	 -2.681269	
7.718463	-1.539576	 -2.405751	
8.377190	-1.183981	 -2.738726	
8.542293	-1.271030	 -2.730749	
8.903351	-1.446117	 -2.829674	
8.279822	-1.455423	 -2.705634	
8.348861	-1.437414	 -2.761566	
8.095511	-1.272157	 -2.696440	
8.130328	-1.124026	 -2.717891	
7.953570	-1.351825	 -2.634406	
7.749193	-1.410508	 -2.968272	
7.894202	-1.397598	 -3.196479	
7.312333	-1.608537	 -2.570044	
8.405300	-1.703490	 -3.026216	
8.427064	-1.673011	 -2.989094	
8.073703	-1.549782	 -3.045779	
8.179469	-1.755652	 -2.824770	
8.072105	-1.846437	 -2.603636	
8.339710	-1.697795	 -2.711103	
8.080549	-1.381855	 -2.765478	
8.120425	-1.171201	 -2.708621	
8.116400	-1.281469	 -2.563337	
8.393097	-1.136892	 -2.743363	
8.249044	-1.016080	 -2.268099	
7.665201	-0.812168	 -2.384960	
7.574684	-0.933212	 -2.622314	
7.972781	-1.151437	 -2.620686	
7.750443	-1.183654	 -2.523068	
7.492915	-1.703722	 -2.808428	
7.444016	-1.755209	 -3.005196	
8.146339	-1.778342	 -3.138467	
7.835939	-1.731984	 -2.872989	
8.308237	-1.306628	 -3.467174	
8.331099	-1.388873	 -3.051949	
8.298796	-1.509118	 -2.935994	
7.859430	-1.508887	 -2.297056	
7.216582	-1.431493	 -2.159171	
7.294000	-1.583999	 -2.319122	
7.228114	-1.446845	 -2.518486	
7.460287	-1.234635	 -2.936335	
7.794139	-1.327423	 -2.976162	
8.095311	-1.561639	 -3.102460	
7.593888	-1.358367	 -2.959202	
7.460305	-1.243161	 -2.796207	
7.615822	-1.293718	 -3.047867	
7.379641	-1.286679	 -2.827375	
7.535619	-1.724153	 -2.721730	
7.941589	-1.511398	 -3.056364	
8.227877	-1.512651	 -2.891312	
8.443691	-1.619731	 -3.219979	
7.943574	-1.729447	 -2.932747	
8.041402	-1.556762	 -2.581297	
7.417964	-1.710917	 -2.586024	
8.453441	-1.872114	 -2.897051	
8.159017	-1.450583	 -2.623087	
8.232008	-1.305001	 -2.391073	
8.075323	-0.973583	 -2.998162	
8.088186	-1.124794	 -2.911447	
7.636421	-0.994540	 -2.570929	
7.345167	-1.478339	 -2.423993	
7.034221	-1.587820	 -2.549522	
7.670634	-1.206567	 -2.587584	
8.197211	-1.139746	 -2.932659	
8.164772	-1.505566	 -2.741701	
8.146613	-1.269805	 -3.045435	
8.142146	-1.453358	 -2.963510	
8.359001	-1.425355	 -2.942781	
8.280045	-1.244375	 -2.755210	
7.455958	-1.265250	 -2.458643	
7.431241	-1.168700	 -2.628793	
7.236427	-1.124937	 -2.393488	
7.435817	-1.318732	 -2.486496	
7.810809	-1.731459	 -2.559978	
8.077233	-1.426107	 -2.504508	
8.982569	-1.173823	 -2.692157	
9.224154	-1.304093	 -2.670241	
8.268193	-1.490818	 -2.249458	
8.029954	-1.457582	 -1.811913	
8.093891	-1.470838	 -2.323566	
7.326113	-1.029405	 -1.963032	
8.243409	-1.446566	 -2.218639	
8.879679	-1.194958	 -2.212600	
8.956783	-1.447231	 -1.957305	
8.393465	-1.677619	 -1.409763	
8.249320	-1.019252	 -1.630945	
8.839297	-1.195546	 -1.622412	
9.037286	-1.064159	 -1.410730	
9.122971	-0.980542	 -1.261876	
9.049458	-1.154556	 -1.053297	
9.062768	-1.214513	 -1.145395	
8.918273	-1.423930	 -1.092411	
8.430169	-1.188185	 -0.899127	
9.070278	-1.249412	 -0.805557	
8.950184	-1.126701	 -0.882745	
9.251656	-1.354500	 -0.882689	
9.404845	-1.453373	 -0.662787	
9.967909	-1.668083	 -0.820077	
9.745997	-1.267663	 -0.568165	
10.147527	-1.290573	 -0.324837	
9.786917	-1.347433	 -0.177756	
9.296586	-1.161992	 -0.074725	
9.151746	-1.198509	 -0.039730	
9.403632	-1.133742	 -0.329139	
9.827564	-0.853202	 -0.211292	
9.692161	-0.909801	 -0.178398	
10.330785	-1.031040	 -0.116215	
9.982586	-1.403314	 0.116330	
10.000028	-1.352503	 0.382124	
9.904553	-1.076763	 0.344087	
9.701253	-1.125069	 0.312937	
9.876145	-1.264618	 0.352341	
9.507760	-0.967200	 0.374577	
9.745474	-1.131729	 0.437012	
10.132768	-1.013826	 0.512853	
10.268443	-0.920382	 0.373718	
10.807457	-1.287031	 0.447805	
10.579867	-1.115873	 0.658010	
10.888212	-1.120011	 1.034415	
11.236193	-0.896102	 0.903745	
11.297689	-0.955525	 0.925254	
10.602215	-0.971281	 1.224240	
10.226559	-0.908695	 0.991688	
10.304562	-0.869767	 0.848319	
10.443376	-1.055522	 0.938849	
10.674379	-0.649575	 1.083762	
11.274042	-0.639745	 0.865444	
11.325758	-0.710609	 1.084401	
11.004969	-0.987370	 1.066716	
10.282179	-0.677687	 1.325808	
10.563620	-0.827387	 1.268041	
10.300082	-1.012892	 1.301579	
10.539600	-1.044697	 1.326775	
10.900117	-0.852228	 1.235098	
10.315997	-0.511011	 1.160830	
10.162507	-0.667099	 1.037591	
11.010544	-0.795959	 0.921850	
11.714493	-0.794285	 1.019303	
12.154278	-0.525673	 0.979426	
10.600935	-0.378942	 0.963742	
10.719902	0.041547	 1.002444	
10.441448	-0.220874	 1.007105	
11.502862	-0.495184	 1.139454	
11.610955	-0.452052	 1.311702	
11.254933	-0.624151	 1.151932	
11.032427	-0.793081	 1.167468	
10.839059	-0.510232	 1.091750	
10.714678	-0.730734	 0.901927	
11.242548	-0.657297	 0.979631	
11.158675	-0.466996	 0.752838	
11.108009	-0.277950	 0.952405	
11.819141	-0.610863	 1.057663	
10.981317	-0.532287	 1.250632	
10.962893	-0.635787	 1.333348	
10.844259	-0.712344	 1.198848	
11.374442	-0.705052	 1.246376	
12.245643	-0.503877	 1.184390	
12.436920	-0.332791	 0.909876	
12.004354	-0.720342	 1.036307	
11.877547	-0.630839	 1.009280	
11.958667	-0.599778	 1.094240	
11.706167	-0.777911	 1.046154	
11.172876	-0.222433	 1.142119	
11.014352	-0.165094	 1.151020	
10.658104	-0.098545	 1.200903	
11.519777	-0.225970	 1.228170	
11.470280	-0.723573	 1.140267	
10.912681	-0.494156	 1.222161	
10.973052	-0.502643	 1.269577	
10.791939	-0.515362	 0.919756	
10.296746	-0.837250	 0.846584	
10.437426	-0.739680	 0.693071	
10.826334	-0.343278	 0.844065	
10.474057	-0.259330	 0.781020	
11.037672	-0.378640	 0.769751	
11.073798	-0.522318	 0.840279	
10.958223	-0.721946	 1.071704	
11.657073	-1.038500	 1.118948	
11.803300	-0.618391	 1.317264	
11.442621	-0.401260	 1.137468	
11.326920	-0.500864	 1.181397	
11.246560	-0.593032	 1.141135	
11.223218	-0.683938	 1.218793	
11.389610	-0.715348	 1.182832	
11.279962	-0.610610	 1.161735	
11.624323	-0.820971	 1.164705	
11.374142	-0.763181	 1.404792	
11.764472	-0.649317	 1.461933	
11.519835	-0.239305	 0.896955	
11.921468	-0.360552	 0.881238	
11.749762	-0.227245	 0.646155	
11.199898	-0.250511	 0.766049	
10.414415	-0.018957	 0.725265	
10.752021	-0.310552	 0.916697	
10.661939	-0.624728	 1.090940	
10.598532	-0.695592	 1.349030	
11.218156	-0.849564	 0.926795	
10.732183	-0.848012	 1.080914	
11.412631	-0.717411	 1.196255	
11.567841	-0.351717	 1.213584	
11.554324	-0.244620	 1.239758	
11.973320	-0.632134	 1.273182	
12.179624	-0.711169	 1.205337	
12.559426	-0.687056	 1.079439	
12.368443	-0.776125	 1.214386	
11.701671	-0.489973	 0.969263	
11.818033	-0.631865	 1.043593	
11.225873	-0.497514	 1.038114	
10.743644	-0.451571	 0.870266	
10.268657	-0.681898	 0.799484	
10.459700	-0.477436	 1.186763	
11.023159	-0.345355	 1.055838	
11.630698	-0.444224	 1.076302	
11.382112	-0.322269	 1.196824	
11.288793	-0.312069	 1.216543	
11.321759	-0.501984	 1.148189	
11.740679	-0.585586	 1.116242	
11.737187	-0.468394	 1.429979	
10.790511	-0.296233	 1.093559	
11.196232	-0.496659	 0.964009	
10.513554	-0.625620	 0.933248	
10.725240	-0.781461	 0.780420	
11.272513	-0.845725	 0.932692	
11.336524	-0.911435	 1.070194	
10.901197	-0.337182	 0.994275	
10.694030	-0.545565	 0.996550	
10.664755	-0.341065	 1.071145	
11.281427	-0.736030	 1.145498	
11.171088	-0.597175	 1.283160	
11.980977	-0.418279	 1.186125	
12.153971	-0.528556	 1.209624	
11.636026	-0.409016	 1.157558	
11.903841	-0.575774	 0.936759	
12.436296	-0.663272	 1.014391	
12.538558	-0.585420	 0.949504	
12.432867	-0.412203	 0.892741	
11.895787	-0.584898	 1.111195	
12.043272	-0.635133	 1.075547	
12.163435	-0.585138	 1.313725	
12.042263	-0.357854	 1.208390	
12.338429	-0.403933	 1.036546	
12.676448	-0.329367	 1.003579	
13.002882	-0.313037	 1.043788	
12.462479	-0.258499	 0.886772	
13.382782	-0.521383	 0.809487	
12.959739	-0.475385	 0.514964	
13.195225	-0.631900	 0.800564	
13.054491	-0.609496	 0.886601	
13.190658	-0.813909	 0.852115	
13.907967	-0.647814	 0.783301	
13.249497	-0.672379	 0.842721	
13.722880	-0.525260	 1.129203	
13.915325	-0.411647	 1.241315	
14.179807	-0.247386	 1.263680	
14.793811	-0.551187	 1.108121	
14.548490	-0.396891	 0.885322	
15.566278	-0.370381	 0.952463	
15.648119	-0.383737	 0.938689	
15.757274	-0.270638	 0.916338	
14.819466	-0.180673	 1.154735	
14.165950	-0.445572	 0.909904	
14.426686	-0.530510	 0.835348	
15.051519	-0.472582	 0.750756	
15.035676	-0.382310	 0.847979	
15.033753	-0.425991	 0.744432	
14.758297	-0.527176	 0.912529	
14.803670	-0.530951	 0.982885	
15.163411	-0.460095	 0.860982	
15.849808	-0.459603	 0.685633	
15.537846	-0.402063	 0.761223	
15.914537	-0.308516	 0.726626	
16.304403	-0.182231	 0.722430	
16.169623	-0.330472	 0.761493	
15.904740	-0.474073	 0.823413	
15.706984	-0.378178	 0.685856	
16.744295	-0.441204	 0.692530	
16.600909	-0.420495	 0.771468	
16.886109	-0.378090	 0.865477	
16.961477	-0.265340	 0.947436	
16.812393	-0.437545	 1.039608	
17.136695	-0.568211	 0.955116	
17.049748	-0.519397	 0.883060	
17.101548	-0.425437	 0.797456	
17.428432	-0.302629	 0.562889	
17.541877	-0.496742	 0.552768	
17.086667	-0.387372	 0.764755	
18.088725	-0.214697	 0.692062	
17.943900	-0.223667	 0.693232	
17.223884	-0.256284	 0.557538	
16.789027	-0.175274	 0.620318	
17.484128	-0.486303	 0.605478	
17.863168	-0.549107	 0.660916	
17.832297	-0.554584	 0.756401	
17.666951	-0.498561	 0.742732	
17.857838	-0.419926	 0.777631	
17.857843	-0.313926	 0.685285	
17.892976	-0.355199	 0.760890	
18.881110	-0.369210	 0.706260	
19.452159	-0.403366	 0.686870	
19.091892	-0.411952	 0.609372	
19.599815	-0.371336	 0.704088	
19.970446	-0.197330	 0.595439	
19.492937	-0.288656	 0.702632	
19.928451	-0.362068	 0.691823	
19.866236	-0.140634	 0.699649	
19.488617	-0.273061	 0.664258	
18.996370	-0.385320	 0.667206	
18.910927	-0.417514	 0.730596	
19.699128	-0.407568	 0.516584	
19.673346	-0.411750	 0.504652	
20.318099	-0.258298	 0.593321	
19.984999	-0.286687	 0.740025	
20.347370	-0.315313	 0.733540	
20.743666	-0.339275	 0.665107	
20.521169	-0.382725	 0.699389	
20.357735	-0.371544	 0.490600	
19.783754	-0.389070	 0.531876	
20.570208	-0.260096	 0.527256	
20.389315	-0.124908	 0.541102	
20.327446	-0.205112	 0.640074	
19.894301	-0.365657	 0.608687	
20.147818	-0.369071	 0.598580	
21.062354	-0.313292	 0.471820	
21.877545	-0.313843	 0.553895	
21.824581	-0.309481	 0.611679	
21.938898	-0.327411	 0.600551	
22.051674	-0.278179	 0.604954	
21.634359	-0.216438	 0.540807	
21.045499	-0.188588	 0.546104	
21.400404	-0.247823	 0.496818	
21.321342	-0.268830	 0.565400	
21.435041	-0.314920	 0.567116	
21.729253	-0.234063	 0.643503	
21.771787	-0.288746	 0.659255	
22.295143	-0.383482	 0.602299	
22.065976	-0.463965	 0.489928	
22.295204	-0.363520	 0.564149	
21.785133	-0.248596	 0.372069	
21.217238	-0.171347	 0.517589	
21.386022	-0.250314	 0.576321	
21.352897	-0.329063	 0.523767	
21.896264	-0.289014	 0.591337	
21.383360	-0.274107	 0.599820	
21.512407	-0.090267	 0.489542	
22.008390	-0.026200	 0.581764	
22.157925	-0.096512	 0.590283	
22.180363	-0.190770	 0.557322	
22.033886	-0.369681	 0.454886	
22.102321	-0.526343	 0.598815	
21.592670	-0.487235	 0.344924	
22.090535	-0.383616	 0.474544	
21.951772	-0.433614	 0.466477	
22.048858	-0.396981	 0.499878	
21.507612	-0.253958	 0.642471	
21.227417	-0.195395	 0.652402	
21.176863	-0.222203	 0.612716	
20.965879	-0.225426	 0.598534	
20.994084	-0.158782	 0.581504	
21.127770	-0.250267	 0.536329	
21.839608	-0.344339	 0.600957	
21.468443	-0.274955	 0.586140	
21.852994	-0.259780	 0.659127	
21.303796	-0.181119	 0.634271	
21.256425	-0.391184	 0.474198	
20.937656	-0.419743	 0.516181	
21.009788	-0.327703	 0.482554	
21.535030	-0.220907	 0.439144	
21.843910	-0.255073	 0.505762	
21.432743	-0.219702	 0.604899	
21.562197	-0.237753	 0.641319	
21.326749	-0.367417	 0.550584	
21.804895	-0.329591	 0.548848	
21.286649	-0.251219	 0.574260	
21.882018	-0.262236	 0.512905	
22.038986	-0.228240	 0.487559	
22.146014	-0.253784	 0.589397	
22.175776	-0.323253	 0.622550	
22.148079	-0.316537	 0.622264	
22.161051	-0.234221	 0.614351	
22.489522	-0.309876	 0.679326	
22.260151	-0.337978	 0.452669	
21.713113	-0.483210	 0.482857	
21.955025	-0.351649	 0.634474	
21.521750	-0.492084	 0.564563	
21.483580	-0.097090	 0.567341	
20.753919	-0.176229	 0.561344	
20.963098	-0.241026	 0.511167	
20.907061	-0.196284	 0.581126	
21.274751	-0.235585	 0.506186	
21.390753	-0.303204	 0.482797	
21.587175	-0.386327	 0.517236	
21.583175	-0.139409	 0.554930	
21.891168	-0.184418	 0.669773	
21.251385	-0.159190	 0.583058	
21.379696	-0.302500	 0.425435	
21.644032	-0.252942	 0.464808	
21.911643	-0.289764	 0.596728	
21.762457	-0.289285	 0.629342	
21.916245	-0.222198	 0.682561	
21.732584	-0.147566	 0.675801	
21.364188	-0.197179	 0.602973	
21.338748	-0.340345	 0.496363	
21.673444	-0.390180	 0.428743	
22.011402	-0.408553	 0.405992	
21.407968	-0.491011	 0.502109	
21.526268	-0.370210	 0.519671	
21.816933	-0.468201	 0.561826	
21.379140	-0.344097	 0.579111	
22.122124	-0.219874	 0.569014	
21.222077	0.036662	 0.518580	
21.547872	-0.003624	 0.562705	
21.814920	-0.107845	 0.617961	
21.752135	-0.158194	 0.622747	
21.710642	-0.232916	 0.576847	
21.415352	-0.449714	 0.684660	
21.611379	-0.443098	 0.395345	
21.176971	-0.451050	 0.489715	
21.368828	-0.357719	 0.410205	
22.195289	-0.327986	 0.395943	
21.940719	-0.293874	 0.498291	
21.784750	-0.224827	 0.587741	
21.838648	-0.223232	 0.648634	
21.428632	-0.301650	 0.633220	
21.118077	-0.203588	 0.507257	
21.013113	-0.213554	 0.651270	
20.850167	-0.193303	 0.620174	
21.582673	-0.249981	 0.542128	
22.238938	-0.344026	 0.561637	
21.933106	-0.430755	 0.598706	
21.726477	-0.363109	 0.580594	
21.224912	-0.297668	 0.455337	
21.103168	-0.144705	 0.595283	
21.472120	-0.397570	 0.599273	
21.881604	-0.490453	 0.721659	
20.858117	-0.591353	 0.692502	
21.057045	-0.719738	 0.663984	
21.935543	-0.614148	 0.725685	
22.776687	-0.517149	 0.663594	
22.277989	-0.406102	 0.767855	
22.615023	-0.555298	 0.783615	
21.939248	-0.424115	 0.681470	
21.547456	-0.211158	 0.777035	
21.982123	-0.308818	 0.803482	
21.550129	-0.286342	 0.751230	
22.079740	-0.339841	 0.838446	
22.321901	-0.250523	 0.830898	
22.705971	-0.269933	 0.721454	
22.764697	-0.427168	 0.578245	
22.406735	-0.522445	 0.675664	
22.346333	-0.479166	 0.661263	
22.031050	-0.389806	 0.766497	
22.150279	-0.257892	 0.820639	
21.745425	-0.295510	 0.856911	
22.717960	-0.187080	 0.778482	
23.132229	-0.041680	 0.715522	
22.823303	-0.055080	 0.678611	
22.167369	-0.031555	 0.570242	
22.176250	-0.283011	 0.568792	
22.212102	-0.350382	 0.401057	
21.988935	-0.403376	 0.395420	
22.873767	-0.264173	 0.421436	
22.084596	-0.185700	 0.550813	
22.200887	-0.204051	 0.599658	
22.405046	-0.182913	 0.593532	
22.664754	-0.305106	 0.634711	
22.592396	-0.236729	 0.634892	
22.129554	-0.078324	 0.527101	
23.048964	-0.038372	 0.484987	
23.239055	-0.015049	 0.510689	
23.241521	-0.066205	 0.382264	
22.741085	-0.085597	 0.321958	
22.586164	-0.422142	 0.205039	
22.330424	-0.350866	 0.338409	
22.713135	-0.221790	 0.389329	
22.782252	-0.316811	 0.399928	
22.501162	-0.061880	 0.302503	
22.478956	0.058748	 0.306418	
21.645111	-0.080010	 0.205468	
22.040163	0.068212	 0.099401	
22.604718	-0.093638	 0.112915	
23.051216	-0.253596	 0.117406	
22.473931	-0.202131	 0.075458	
21.601369	-0.061435	 0.114687	
21.948177	-0.152331	 0.185803	
22.274872	0.035325	 0.003472	
22.790021	-0.181854	 0.093384	
22.830370	-0.132045	 0.036379	
22.645564	-0.173612	 -0.070307	
22.367823	-0.175275	 0.080548	
22.100766	-0.184870	 0.229429	
22.287722	-0.066565	 0.182660	
22.911373	0.117469	 -0.060417	
21.719552	-0.045190	 0.124022	
22.054062	-0.128849	 -0.051119	
22.102302	-0.009871	 0.064352	
22.534111	-0.122922	 -0.017776	
21.641924	-0.032263	 0.023902	
21.770900	-0.040264	 0.121571	
22.307425	0.138355	 -0.146660	
21.754518	0.099833	 -0.023475	
22.138350	-0.046872	 -0.006072	
21.981463	0.104324	 0.132799	
21.947724	0.008561	 0.087198	
22.308975	-0.184865	 0.109572	
22.558809	-0.080804	 0.102210	
22.018760	-0.114154	 -0.053489	
21.675226	0.015695	 0.047629	
22.758400	0.165863	 -0.037369	
23.032192	0.085114	 -0.062444	
22.496471	0.148734	 0.155020	
21.839510	0.268316	 0.153862	
21.710677	0.052779	 0.161680	
21.915889	0.082801	 0.041549	
21.273442	0.168096	 0.121885	
21.740518	0.030341	 -0.021981	
22.312091	-0.034935	 -0.034426	
22.315881	-0.094468	 0.112581	
22.304606	-0.311789	 0.266693	
22.766764	-0.036369	 -0.067669	
22.502929	-0.079519	 0.110647	
22.940614	0.066049	 0.091673	
22.658275	-0.240412	 -0.091847	
21.859034	0.174545	 0.023880	
21.921055	0.158314	 0.120037	
22.378404	-0.065063	 0.215913	
22.037327	-0.240674	 0.244514	
21.292001	0.082873	 0.006671	
22.108539	0.207412	 -0.023303	
21.776791	0.261976	 -0.040552	
22.339896	0.197474	 -0.099926	
22.236383	0.192773	 -0.008803	
22.703524	0.189306	 0.048456	
22.481094	-0.069544	 0.004668	
22.431014	-0.000419	 0.163209	
22.638453	-0.077086	 0.188084	
23.026146	-0.081918	 0.175605	
22.614272	-0.122222	 0.139485	
22.882351	-0.057459	 0.144174	
22.527510	-0.013572	 0.074561	
21.988757	0.006582	 0.115229	
21.725442	0.167062	 0.067035	
21.420885	0.002718	 0.124651	
21.431621	0.089777	 0.115547	
21.770692	0.122331	 0.192907	
22.335050	-0.008864	 0.075068	
21.932125	0.075205	 0.091899	
22.233166	-0.013944	 0.027830	
22.018155	0.141077	 0.075886	
22.150013	0.027116	 0.126111	
22.540516	0.133140	 0.094691	
22.335546	0.225839	 -0.010051	
21.976948	-0.028936	 -0.088833	
21.635269	0.105401	 -0.018288	
21.599358	0.011707	 0.020842	
22.029206	0.092825	 0.022889	
21.965905	0.066384	 0.077601	
21.700294	-0.083880	 0.073824	
22.158272	-0.083860	 0.057743	
22.964791	0.025227	 0.051542	
22.635434	0.168557	 0.060873	
22.228619	0.023213	 0.213747	
22.567698	-0.021342	 0.194762	
21.942586	-0.120534	 0.262303	
22.486770	0.060398	 0.121551	
21.674902	-0.060831	 0.253921	
21.434848	0.116495	 0.227253	
21.649104	-0.018918	 0.120449	
21.988975	0.145438	 -0.005839	
22.042616	0.130815	 -0.010122	
22.191883	0.176083	 -0.032143	
22.505089	-0.019107	 0.007993	
22.166883	-0.149698	 0.124261	
22.191281	-0.084746	 0.113634	
22.548875	0.030948	 -0.084409	
22.524211	-0.046267	 0.058939	
22.544598	-0.112056	 0.025246	
21.983243	0.072566	 -0.046038	
22.020277	-0.092693	 0.198788	
22.507671	-0.051424	 0.163161	
21.791728	0.206291	 0.161273	
21.824891	0.178587	 0.193318	
22.310526	-0.024858	 0.218899	
22.440182	0.013395	 0.159563	
22.740762	0.164458	 0.073586	
22.428500	0.129768	 0.149113	
22.196183	0.085895	 0.223333	
22.084144	0.170902	 0.067535	
22.068065	-0.082470	 -0.066668	
21.868435	-0.027698	 -0.031291	
21.686294	0.133840	 -0.006608	
21.365663	-0.222487	 0.077314	
21.643307	-0.004231	 0.215439	
21.606576	-0.022630	 0.092502	
21.700386	0.074060	 0.139299	
21.355343	0.228870	 0.216785	
21.668759	0.014034	 0.132678	
21.449419	-0.203553	 0.224418	
21.693520	-0.029537	 0.174434	
21.379526	0.166117	 0.238978	
21.461346	0.071167	 0.136610	
20.703525	0.025812	 -0.069839	
20.004234	0.227183	 -0.013882	
19.770330	0.006005	 -0.059073	
19.813465	0.213788	 -0.005710	
20.346448	0.103290	 -0.028457	
20.153524	0.041946	 0.133748	
19.645259	0.098574	 0.152498	
19.472195	0.063920	 0.237585	
19.831336	0.159367	 0.147100	
19.724515	0.009326	 0.186154	
20.162069	0.076022	 0.102877	
20.018434	0.192331	 0.130004	
20.551508	0.221945	 0.253417	
19.792877	0.250055	 0.408456	
19.345756	0.333661	 0.208893	
19.865373	0.363580	 0.246713	
19.530026	0.095793	 0.233376	
19.242356	-0.019161	 0.035429	
18.141477	0.026258	 0.210054	
18.409664	-0.214447	 -0.001330	
18.594401	-0.201886	 0.155560	
18.341704	-0.138276	 0.194336	
18.436067	0.036063	 0.335087	
18.741044	0.265609	 0.226318	
18.679644	0.226209	 0.210815	
19.096257	0.090371	 0.108646	
18.483715	0.196599	 0.214156	
17.201941	0.128296	 0.145344	
17.946841	0.217470	 0.245848	
17.940457	0.215013	 0.202101	
17.641958	0.089304	 0.399369	
17.906722	0.242419	 0.502298	
17.206994	0.436404	 0.314495	
17.536618	0.306357	 0.201143	
17.617335	-0.053237	 0.342426	
17.207746	-0.158436	 0.311411	
16.807375	0.080965	 0.328302	
16.375410	0.021066	 0.381005	
17.273709	0.111368	 0.390288	
17.200650	0.332896	 0.412921	
16.296099	0.182764	 0.231536	
15.350404	0.070109	 0.278472	
15.926706	0.376674	 0.474604	
16.290645	0.162040	 0.335207	
15.643970	0.437699	 0.218563	
16.428317	0.410270	 0.351630	
16.632590	0.373221	 0.316533	
15.962330	0.241280	 0.343300	
15.897974	0.219195	 0.376713	
15.057356	0.116220	 0.223532	
15.422379	0.188071	 0.175988	
14.868333	0.052771	 0.630699	
15.202353	0.251741	 0.513999	
15.327646	0.533238	 0.344078	
15.486212	0.654356	 0.598140	
15.372423	0.283153	 0.420085	
14.793886	0.341538	 0.358373	
14.725990	0.070444	 0.509854	
15.228905	0.267733	 0.549564	
15.600700	0.098586	 0.473932	
15.625945	-0.028512	 0.432855	
15.486232	0.084350	 0.560465	
15.220649	0.324608	 0.579874	
15.483012	0.239982	 0.596910	
14.531087	0.450301	 0.567756	
13.763338	0.460004	 0.688346	
13.235726	0.660843	 0.779456	
12.996905	0.403123	 0.746716	
13.020861	0.264457	 0.594292	
12.857554	0.279079	 0.530304	
13.716111	0.404045	 0.620726	
13.570622	0.538623	 0.830074	
13.154580	0.331591	 0.799260	
13.864111	0.368525	 0.747063	
13.341615	0.289112	 0.669228	
13.931482	0.510044	 0.525270	
13.372382	0.321443	 0.635518	
13.129445	0.290813	 0.769458	
13.028426	0.371704	 0.377614	
11.794796	0.574180	 0.362680	
11.734166	0.464873	 0.553701	
11.414107	0.566120	 0.898880	
11.714168	0.782905	 0.888406	
11.575594	0.994874	 1.192654	
11.457448	0.670918	 1.143758	
11.408864	0.641484	 0.955794	
12.129974	0.714675	 0.801301	
12.327345	0.623115	 1.075241	
11.880254	0.480763	 1.031875	
11.718334	0.552924	 0.717516	
12.165518	0.326217	 0.771726	
11.739969	0.095464	 0.718951	
11.724818	0.368412	 0.997918	
11.613889	0.568632	 1.091752	
10.741990	0.200693	 0.735145	
11.975190	0.309262	 0.985859	
11.797791	0.584719	 1.332753	
12.084152	0.543591	 0.841886	
11.551408	0.633219	 0.670515	
11.522593	0.624227	 0.485813	
11.229750	0.511451	 0.868094	
11.331031	0.327012	 0.867194	
11.405413	0.493261	 0.851410	
11.644353	0.356395	 1.096835	
11.947751	0.656599	 1.211850	
12.001769	0.850666	 1.072462	
12.108472	0.807950	 0.971870	
12.002032	0.689888	 0.811198	
11.174970	0.481477	 0.612710	
11.610939	0.457966	 0.743751	
11.752710	0.834289	 0.830129	
11.707777	0.612562	 1.190437	
11.768959	0.654108	 0.689414	
11.709348	0.576138	 1.036314	
12.184478	0.688785	 1.182938	
11.988050	0.560786	 1.239575	
12.733035	0.711677	 1.200690	
12.052334	0.741059	 1.210072	
11.968444	0.526344	 1.140115	
11.495879	0.281126	 1.089572	
12.229789	0.236078	 1.097736	
11.824720	0.290311	 0.858207	
11.849740	0.516075	 0.732677	
11.819260	0.828731	 0.776332	
12.051977	0.734898	 0.928342	
11.488655	0.292656	 0.562888	
11.065695	0.472157	 0.694176	
11.441135	0.182584	 0.864022	
11.462869	0.526863	 0.997744	
11.223992	0.802077	 1.192032	
11.091958	0.473231	 1.000489	
11.054143	0.745332	 0.700873	
11.246886	0.729907	 0.817870	
11.360457	0.589663	 1.013864	
11.939179	0.838030	 0.870942	
12.304119	0.767193	 1.081655	
12.121829	0.945181	 1.228030	
12.065404	0.804732	 1.190705	
12.198528	0.333912	 1.138362	
11.876738	0.326900	 0.961851	
11.712270	0.268844	 0.990838	
10.990420	0.343583	 1.043991	
11.324510	0.168355	 1.095631	
11.291674	0.451616	 1.053621	
11.326508	0.506269	 1.083735	
11.477800	0.734980	 0.817540	
11.595583	0.469552	 0.898654	
12.026900	0.340703	 0.791478	
12.264687	0.586221	 0.810549	
12.375184	0.783973	 1.039959	
12.746837	0.671070	 1.237694	
12.177674	0.781094	 1.263979	
11.732317	0.923461	 1.053279	
12.108527	0.952385	 0.946750	
11.917012	0.729271	 0.849929	
11.580788	0.238428	 0.754930	
10.719975	0.415992	 0.790330	
11.022303	0.256514	 0.853762	
10.641905	0.357022	 1.028389	
11.303454	0.595216	 1.019968	
11.603492	0.705442	 0.968859	
11.517726	0.367960	 0.999975	
11.173704	0.835123	 0.899097	
11.617228	0.289253	 0.811793	
11.950713	0.452113	 0.911951	
11.983329	0.673358	 1.127753	
12.393850	0.734088	 0.935413	
11.193512	1.024746	 0.943719	
11.459130	0.728425	 1.070044	
11.452871	0.768594	 0.967983	
11.524480	0.278485	 0.866510	
11.063284	0.423234	 1.146822	
11.641368	0.536884	 1.080762	
12.152665	0.555786	 1.025777	
11.886087	0.257280	 0.867214	
11.954794	0.447752	 1.092917	
12.413182	0.317607	 1.095565	
12.211586	0.468151	 1.097166	
11.438031	0.268825	 1.121686	
11.387370	0.615542	 0.877746	
10.910196	0.728617	 0.927665	
10.335006	0.899085	 1.155630	
10.993165	0.534595	 0.858994	
11.379829	0.760971	 1.132850	
11.456624	0.908537	 0.815653	
11.946672	0.867102	 1.110108	
11.735052	0.814031	 1.282955	
12.198997	0.463006	 0.929805	
11.784269	0.375974	 0.888635	
11.980468	0.510330	 0.902095	
12.186919	0.409420	 0.854761	
11.682994	0.545062	 0.579629	
11.882905	0.619365	 0.689598	
11.327321	0.261414	 0.735063	
11.587643	0.415375	 1.190485	
11.890648	0.357774	 1.162503	
12.036135	0.606996	 0.866554	
12.020140	0.219691	 0.727152	
11.810666	0.069060	 0.692225	
10.940075	0.022091	 0.819608	
10.914976	0.386641	 0.845726	
10.804515	0.372523	 0.634507	
11.248538	0.463025	 0.394167	
10.752820	0.220311	 0.759268	
10.865463	0.173841	 0.731841	
10.972641	0.381172	 0.602505	
10.808662	0.393059	 0.611961	
11.356476	0.285335	 0.491383	
10.590233	0.357524	 0.518713	
10.553187	0.506673	 0.484006	
10.665851	0.601629	 0.492080	
10.541006	0.561865	 0.320239	
10.535006	0.592297	 0.343027	
10.227756	0.688459	 0.407345	
10.605197	0.647415	 0.109458	
10.572774	0.860810	 0.296541	
11.200333	0.859049	 0.296515	
11.241631	0.804436	 0.016709	
11.398945	0.731371	 0.141453	
10.924925	0.846293	 0.347803	
10.660353	1.078615	 0.278174	
10.156603	0.486049	 0.519073	
9.797317	0.649307	 0.229827	
9.598562	0.735776	 0.045479	
9.913931	0.708716	 0.048069	
10.203510	0.792998	 0.073823	
10.378382	0.585910	 -0.118557	
9.407482	0.505904	 0.089558	
10.118537	1.283118	 0.019003	
9.817659	0.931626	 -0.142762	
9.962883	0.816714	 -0.067705	
9.864440	0.729038	 0.030214	
10.492687	0.786023	 -0.201856	
9.934958	0.820777	 -0.319371	
9.646986	0.939124	 -0.313618	
8.950727	0.591436	 -0.479233	
9.161221	1.241384	 -0.814158	
9.263822	0.928057	 -0.709168	
9.007458	1.104341	 -0.790847	
9.261509	1.807615	 -0.639996	
9.678485	1.872837	 -0.732729	
10.117371	1.401374	 -0.609010	
9.712995	1.190678	 -0.649039	
9.128108	0.727305	 -0.136862	
9.037862	1.112145	 -0.538822	
8.441967	0.780366	 -0.704872	
8.184675	0.692578	 -0.995823	
8.458251	1.435554	 -1.043793	
7.914216	1.533893	 -1.002456	
8.593804	1.655754	 -1.228325	
8.341767	1.734692	 -0.998232	
8.119121	1.367490	 -1.352398	
8.040723	1.128374	 -1.144624	
7.964737	0.994638	 -1.179795	
7.749663	0.815639	 -1.170662	
7.992159	1.399013	 -1.105740	
8.298679	1.862640	 -1.138832	
8.048570	1.936607	 -1.306163	
7.388887	2.055666	 -1.091427	
7.909141	2.172017	 -1.293430	
8.813145	2.267878	 -1.366728	
8.302756	2.247129	 -1.521265	
8.399350	2.134500	 -1.413529	
7.860480	1.968762	 -1.526774	
8.253656	2.188915	 -1.651561	
8.482168	2.173006	 -1.435964	
8.179554	2.235052	 -1.534407	
8.540310	2.388828	 -1.688009	
8.476205	2.181856	 -1.801849	
8.469247	2.395275	 -1.706759	
7.928876	2.197502	 -1.780822	
7.865119	2.407405	 -1.180698	
8.149340	2.318593	 -1.238745	
8.825392	2.919267	 -1.873167	
8.439140	2.709728	 -1.766851	
8.105153	2.536413	 -1.528199	
8.219924	2.770618	 -1.704573	
7.969633	2.792664	 -1.343248	
8.452997	2.717421	 -1.539155	
8.497122	2.638569	 -1.626192	
8.620042	2.448418	 -1.961833	
8.004357	2.112702	 -2.090568	
8.241596	2.230915	 -1.812353	
8.428421	2.276399	 -1.976095	
8.103432	1.971746	 -1.677327	
7.861072	2.230764	 -1.638439	
7.749842	2.209886	 -1.747277	
7.524226	2.136967	 -1.506118	
7.461313	3.029445	 -1.980668	
7.043300	2.830161	 -1.749178	
8.040140	3.090198	 -2.078854	
8.031595	2.395680	 -1.883469	
8.152706	2.245123	 -1.616113	
7.876013	2.090612	 -1.867929	
8.097482	2.052137	 -2.055510	
7.916836	2.371221	 -1.788678	
8.049525	2.459637	 -1.959603	
7.954228	2.440875	 -1.902038	
7.889838	2.612206	 -1.894311	
7.585304	2.844702	 -1.588395	
8.340114	3.076282	 -1.955150	
8.505066	3.162492	 -2.097093	
8.435909	3.235446	 -1.850630	
8.466300	2.897529	 -1.530731	
8.719156	3.384007	 -2.015281	
8.245375	2.905824	 -1.595839	
7.507316	2.720731	 -1.913334	
7.211239	2.553864	 -1.976477	
7.971790	2.707613	 -1.932720	
7.460583	2.310157	 -1.691795	
7.009756	2.652180	 -1.538442	
7.086243	2.824490	 -1.554206	
6.669786	2.184250	 -1.058226	
6.620762	2.627836	 -1.421960	
6.678354	2.576327	 -1.737958	
7.125425	2.735183	 -1.691609	
7.668542	2.502973	 -1.889970	
7.635019	2.215949	 -1.642372	
7.892422	2.268562	 -1.185819	
7.290652	2.001265	 -1.133308	
7.144338	1.966334	 -1.360920	
7.167680	2.056179	 -0.856322	
7.313814	1.770940	 -0.826569	
7.000186	1.581341	 -0.853608	
7.067324	1.363066	 -0.665611	
7.538402	1.226277	 -0.682826	
8.211143	0.835573	 -0.648823	
8.121892	0.610996	 -0.694413	
6.840576	0.430270	 -0.402993	
7.390500	0.134306	 -0.542271	
7.863472	0.432989	 -0.786678	
7.533622	0.140740	 -0.229530	
7.915406	0.107131	 -0.361998	
7.787792	-0.072511	 -0.451179	
8.016796	0.035364	 -0.453873	
8.161089	-0.191612	 -0.632114	
7.485781	-0.333862	 -0.532063	
7.080867	-0.790708	 -0.532199	
6.842988	-0.675984	 -0.643204	
6.626522	-0.452001	 -0.123533	
6.931223	-0.835353	 -0.630157	
7.004405	-0.598513	 -0.533406	
7.148304	-0.687223	 -0.131274	
7.097105	-0.953704	 -0.017174	
7.503555	-1.145169	 -0.156537	
7.530323	-1.488118	 -0.450543	
7.623878	-1.547752	 -0.838071	
7.404102	-1.053129	 -0.276588	
7.897215	-0.846390	 -0.560282	
7.216662	-1.020181	 -0.421427	
7.004537	-1.150081	 -0.446258	
7.316565	-0.766159	 -0.239620	
7.291564	-0.770938	 -0.197827	
7.369701	-1.622661	 -0.797629	
7.330629	-1.694301	 -0.703932	
7.212123	-1.727566	 -0.686689	
7.590371	-1.745367	 -0.681166	
7.187740	-1.093370	 -0.147775	
8.010156	-1.326369	 -0.235992	
7.902878	-1.341118	 -0.487489	
6.660103	-1.223463	 -0.258398	
6.576144	-0.743834	 0.081718	
6.860075	-1.087067	 -0.083773	
7.139414	-1.165824	 -0.319269	
7.412102	-0.870086	 -0.361375	
7.981058	-0.707981	 -0.505202	
8.141742	-1.083733	 -0.698644	
7.879318	-1.410345	 -0.417702	
7.885175	-1.282067	 -0.386509	
7.182982	-1.109827	 -0.028893	
6.863698	-1.268852	 -0.202209	
7.390976	-0.974777	 -0.085470	
7.302553	-1.311884	 -0.260014	
6.788821	-1.452869	 -0.442079	
7.259759	-1.395560	 -0.829592	
7.434701	-1.167244	 -0.445773	
7.620537	-1.088753	 -0.711547	
7.213616	-1.431235	 -0.587459	
7.347429	-1.300167	 -0.438185	
7.399045	-1.359872	 -0.206264	
7.252545	-1.411744	 -0.398504	
7.228311	-1.013942	 -0.212755	
7.017991	-0.686245	 -0.244231	
7.098864	-0.628287	 -0.371403	
7.388935	-1.129388	 -0.450527	
7.719421	-1.306546	 -0.548008	
7.334303	-1.310825	 -0.214462	
7.320430	-1.462940	 -0.581675	
7.456703	-1.591801	 -0.403226	
7.587268	-1.070541	 -0.230990	
7.705107	-0.357510	 -0.411005	
7.729903	-1.119149	 0.019001	
7.815102	-0.783582	 -0.039764	
7.595319	-1.284278	 -0.480007	
7.569977	-1.338328	 -0.386907	
7.563823	-1.500044	 -0.394443	
7.424128	-1.396329	 -0.476927	
7.140043	-1.313750	 -0.776058	
7.262683	-0.650869	 -0.837023	
7.097328	-0.970844	 -0.522598	
7.817310	-1.316159	 -0.123090	
8.088134	-1.498716	 -0.572619	
7.559091	-1.452438	 -0.189401	
6.751758	-1.089840	 -0.371276	
6.638795	-1.153742	 -0.320617	
7.311252	-0.859925	 0.164794	
7.165796	-0.731795	 0.005391	
7.630816	-1.059809	 -0.017188	
8.118584	-1.523608	 -0.674870	
7.262365	-1.382419	 -0.588561	
6.897810	-1.390806	 -0.256566	
7.018412	-1.171040	 -0.615681	
6.704037	-1.303102	 -0.796913	
6.509162	-0.929885	 -0.550177	
6.721928	-1.249467	 -0.656805	
7.093616	-1.360304	 -0.335054	
7.646240	-1.324045	 -0.533923	
7.653294	-1.251672	 -0.437130	
7.292795	-0.979708	 -0.252940	
7.182042	-0.548080	 -0.136376	
7.417181	-0.919280	 -0.340808	
7.266893	-1.114595	 -0.103626	
7.256412	-1.166368	 -0.340629	
7.195275	-1.224806	 -0.332791	
7.609548	-1.072003	 -0.449190	
7.622912	-1.087011	 -0.332828	
7.344236	-1.122507	 -0.751755	
6.938769	-0.898593	 -0.474084	
6.722786	-0.768952	 -0.471646	
6.204870	-1.260541	 -0.564330	
7.161594	-1.281886	 -0.771649	
6.903445	-1.123813	 -1.321191	
6.578643	-1.168297	 -0.902471	
6.749780	-1.419124	 -0.609830	
7.574865	-1.207763	 -0.854721	
7.729720	-1.174765	 -1.154229	
7.593289	-1.426069	 -0.849110	
7.698550	-1.716276	 -0.635164	
8.081277	-2.062215	 -1.285245	
7.764261	-2.196184	 -1.227993	
8.149518	-1.676531	 -1.269589	
8.114866	-1.758148	 -1.145704	
8.409228	-1.377981	 -1.053699	
8.127204	-1.340600	 -1.212319	
7.651869	-1.214194	 -1.340304	
7.594741	-1.176377	 -1.158387	
8.737301	-1.199785	 -1.634658	
8.263157	-1.078883	 -1.206055	
8.117987	-0.876071	 -1.172442	
7.383953	-0.601450	 -1.192609	
7.265738	-0.819760	 -1.063181	
7.550662	-0.890946	 -1.244838	
8.271782	-0.621853	 -1.201148	
8.994872	-0.709898	 -1.249706	
8.722013	-0.549916	 -1.357766	
7.929387	0.322366	 -1.429626	
8.225160	0.681010	 -1.368118	
8.022026	0.648298	 -1.483451	
8.119073	0.525048	 -1.185301	
8.116132	0.938957	 -0.756899	
8.374044	0.734074	 -0.605036	
8.617130	0.917189	 -0.865681	
8.946311	1.284353	 -1.132436	
8.808129	1.072859	 -1.167143	
9.038749	1.269793	 -0.955255	
8.447861	1.167437	 -1.186399	
8.225884	1.366985	 -1.301073	
8.658001	1.860795	 -1.335257	
8.033526	1.374788	 -1.225300	
8.276004	1.924958	 -1.391635	
8.207237	1.648587	 -1.517629	
8.048937	1.980793	 -1.424491	
7.603323	2.210005	 -1.248221	
7.717772	2.237479	 -1.095766	
8.259244	2.359289	 -1.045426	
8.416965	2.368276	 -1.192823	
8.901558	2.517937	 -1.288332	
9.272655	2.890443	 -1.594603	
8.585809	2.560965	 -1.636662	
8.075490	2.179243	 -1.656167	
8.084906	2.103609	 -1.765667	
8.508911	1.650816	 -1.617386	
7.983454	2.076383	 -1.267082	
7.567346	1.808648	 -1.433564	
7.945187	1.831375	 -1.396534	
8.661969	1.453454	 -1.659098	
8.526384	1.884041	 -1.538006	
8.401541	2.298623	 -1.542548	
8.465700	2.533779	 -1.751750	
8.085242	2.967519	 -1.569187	
7.688496	2.501261	 -1.511513	
7.251500	2.479043	 -1.404807	
6.962274	2.441085	 -1.432925	
7.158876	2.211288	 -1.556233	
7.891006	2.572762	 -2.085501	
8.589978	2.236025	 -2.060678	
8.163443	2.352871	 -1.658786	
8.241393	2.408193	 -1.608518	
8.090816	2.898816	 -1.849066	
8.906355	2.743777	 -1.981172	
8.463027	1.960334	 -1.886371	
8.659416	2.229045	 -1.784237	
8.314678	1.901049	 -1.786875	
8.216997	2.051048	 -1.767768	
7.972115	2.243628	 -1.735213	
7.777616	2.703138	 -1.718535	
7.784640	3.149430	 -1.687232	
7.381921	3.008082	 -1.530387	
7.571755	3.298152	 -1.957583	
8.193394	3.240103	 -2.014044	
8.475299	3.270784	 -2.096634	
8.937607	2.971937	 -2.282300	
8.713813	2.719323	 -2.305367	
8.153115	2.654683	 -2.122293	
8.271280	2.728134	 -1.943011	
8.080991	2.168940	 -1.615225	
7.987981	2.628629	 -1.528889	
7.636753	2.615808	 -1.220682	
7.581642	2.531391	 -0.863747	
8.337327	2.699886	 -1.443871	
8.455657	2.893174	 -1.405618	
7.878803	2.679953	 -0.936356	
8.139098	3.137331	 -1.113762	
7.987795	3.334290	 -1.316617	
7.999996	2.871067	 -1.630579	
8.626705	2.799009	 -1.157414	
8.273672	3.290683	 -0.938336	
8.429238	3.273223	 -0.767738	
8.628590	2.914804	 -1.200637	
9.089558	2.834981	 -1.473649	
8.875709	2.932733	 -1.284041	
8.487673	2.769074	 -1.042916	
8.592894	3.046923	 -0.808480	
9.370315	2.982463	 -0.535414	
9.809418	3.227079	 -0.423729	
9.470964	3.036345	 -0.202770	
9.311320	2.956280	 0.014192	
9.426954	2.535284	 -0.257862	
9.233631	2.481948	 -0.337098	
9.272432	2.583385	 -0.238962	
9.735687	2.769118	 -0.115846	
9.652226	2.614028	 0.000138	
10.128832	2.811444	 0.201291	
10.230917	2.430104	 0.405049	
9.457999	2.192120	 0.631722	
9.604383	2.132923	 0.324917	
9.139460	2.234603	 0.228261	
9.940331	1.798594	 0.344300	
9.621682	1.983107	 0.530890	
9.845886	1.937806	 0.715125	
9.817967	2.091217	 0.589258	
10.363052	2.357252	 0.607405	
10.130593	2.123205	 0.600891	
10.647665	1.638970	 0.863693	
10.480415	1.674489	 0.491963	
10.370741	1.782595	 0.567446	
10.922773	1.971990	 0.664113	
11.874770	1.996334	 0.797861	
11.045067	1.651089	 0.714636	
11.375787	1.374003	 1.064345	
11.666488	1.215919	 0.904270	
10.627214	1.599956	 1.015393	
11.118073	1.764188	 1.210015	
11.676816	1.442981	 1.152524	
11.446680	1.478122	 1.207155	
11.276291	1.385279	 0.990763	
11.344488	1.369367	 1.188659	
11.702652	1.155887	 1.127520	
10.985127	1.220703	 1.074439	
11.072787	1.117980	 1.120572	
10.689618	1.029816	 0.972243	
11.968998	0.729139	 1.035606	
11.743995	0.868054	 1.270730	
12.148642	0.677219	 1.170186	
11.818250	0.985278	 0.969084	
10.682109	1.270611	 0.860188	
10.594787	0.928066	 0.898574	
11.118809	0.794544	 1.085835	
11.626184	0.805157	 0.912932	
11.769444	0.654889	 1.033163	
11.586833	0.314163	 0.863699	
11.550954	0.772971	 1.089777	
11.743398	0.694833	 0.917210	
11.577326	0.740932	 0.949408	
11.873457	0.679609	 1.049590	
12.263505	0.345682	 1.129757	
11.618104	0.258863	 1.143960	
11.068537	0.573372	 0.777384	
11.224659	0.707762	 0.745894	
11.693752	0.780888	 0.692769	
11.907992	0.697774	 0.807266	
11.847699	0.361369	 0.902537	
11.091248	0.839827	 0.910786	
11.433081	0.877765	 0.991065	
11.432476	0.659391	 1.252334	
11.743338	0.889866	 1.231225	
12.611367	0.925496	 1.128053	
12.168422	0.800053	 0.778656	
12.511983	0.577066	 0.779540	
12.676303	0.512657	 0.687930	
12.186389	0.333253	 0.799624	
11.738618	0.136502	 1.021938	
11.378730	0.334617	 1.249850	
11.120455	-0.100245	 1.107298	
11.048853	0.138683	 1.059835	
11.461494	0.291195	 1.113222	
11.262151	0.571439	 1.118964	
11.603904	0.438169	 0.987424	
11.846154	0.697569	 0.944631	
12.141591	0.898256	 1.017560	
12.825289	1.012329	 0.897441	
11.821793	0.623369	 0.991314	
11.577809	0.683449	 1.146109	
11.377182	0.787445	 1.200389	
11.081256	0.716092	 1.058149	
11.005439	0.629985	 1.005444	
11.295192	0.399285	 1.136182	
11.179711	0.518617	 1.232298	
11.535738	0.704912	 1.209503	
11.968650	0.719808	 1.073114	
11.738327	0.797076	 0.960745	
11.995044	0.633061	 0.996605	
11.995284	0.552435	 1.059147	
11.039827	0.480301	 1.261909	
10.918219	0.045934	 0.932912	
12.139416	0.104118	 1.267781	
11.930591	0.480623	 1.233714	
12.423253	0.875979	 1.154766	
12.033928	0.733672	 1.224382	
12.618419	0.861472	 1.427861	
12.703303	1.061660	 1.642589	
12.306816	1.165976	 1.674525	
12.164289	0.862970	 1.905551	
12.300917	0.827180	 1.624049	
11.988976	0.950989	 1.455056	
11.411167	1.127963	 1.528119	
12.270395	0.439869	 1.920017	
12.319696	0.325657	 2.128223	
12.570054	0.617248	 1.985109	
12.780661	0.593554	 1.566203	
12.237259	0.730118	 1.534077	
12.223445	0.730998	 1.789694	
12.001289	0.741634	 1.655471	
12.283249	0.788603	 1.528997	
12.835845	0.900545	 1.765694	
12.727353	1.125592	 1.908052	
12.897325	1.445304	 1.892861	
13.440806	1.324329	 2.050331	
12.737259	1.520111	 2.050609	
12.859677	1.269102	 1.844347	
12.749876	1.050577	 1.776730	
12.858470	0.639037	 2.096800	
13.390337	0.936512	 1.895499	
13.393241	1.091647	 1.692917	
12.418492	0.772876	 1.333451	
12.606264	0.871834	 1.361100	
13.301640	0.791800	 1.230497	
13.611277	0.796353	 1.500049	
13.059383	0.671722	 1.657032	
12.627655	0.969911	 1.537134	
12.900669	1.079318	 1.734659	
12.631853	0.809960	 1.860644	
12.341141	1.021823	 1.710284	
12.798964	1.036156	 1.822916	
13.357690	0.869578	 2.135439	
12.971918	1.073786	 1.832278	
13.170886	0.970418	 1.806098	
13.406417	0.858615	 1.640003	
13.901608	1.072890	 1.647646	
13.741942	1.158621	 1.775300	
13.488526	1.107141	 1.876217	
13.430530	0.991084	 1.605338	
13.352297	1.080493	 1.659626	
12.226680	1.140149	 1.525470	
12.470800	0.961712	 1.684830	
12.735497	1.018201	 1.447656	
12.341673	0.992447	 1.566435	
12.347315	1.111825	 1.546164	
12.049140	1.078486	 1.460280	
12.459157	0.719804	 1.430455	
12.817866	0.748085	 1.619355	
12.571458	0.792114	 1.878135	
12.664624	1.098813	 1.760397	
12.958208	1.355208	 1.785851	
13.375545	1.255350	 1.738807	
13.280631	1.298445	 1.571482	
12.693122	0.977639	 1.230869	
12.525873	0.990450	 1.471586	
12.514319	1.139493	 1.736586	
12.535549	1.018867	 1.655602	
12.770882	0.752854	 1.669055	
13.658306	0.743152	 1.903008	
13.663383	1.013184	 1.804503	
13.714546	1.017960	 1.769993	
13.455507	1.160347	 1.595295	
12.614206	1.256787	 1.573651	
12.658768	1.021702	 1.756238	
12.187965	0.962793	 1.684511	
12.878013	0.926840	 1.680346	
12.177078	1.086431	 1.576982	
12.504193	1.189367	 1.322955	
12.742662	1.033955	 1.610327	
12.889529	1.076569	 1.602911	
13.067985	1.059552	 1.581707	
13.321651	1.197302	 1.735932	
13.893857	1.252994	 1.825664	
13.308206	0.875865	 1.694150	
13.481447	0.966151	 1.689682	
13.852268	0.756982	 1.451193	
12.924365	0.924229	 1.535328	
12.536660	0.726158	 1.529240	
12.908151	0.894551	 1.587199	
12.736917	0.870966	 1.819941	
12.893766	0.864399	 2.181807	
13.041865	1.070458	 1.989512	
13.296569	1.114092	 1.804860	
13.268298	1.182790	 1.847316	
13.430323	1.147008	 1.836685	
12.986746	1.046262	 1.604554	
12.543706	1.064868	 1.353489	
12.417384	1.000222	 1.523049	
13.164228	1.091272	 1.878022	
12.172985	1.200349	 1.737714	
12.410947	1.279686	 1.500658	
12.906731	1.268769	 1.543443	
13.339855	1.084858	 1.557169	
13.118794	0.717536	 1.365220	
13.126640	0.635978	 1.501356	
12.891299	0.731987	 1.577472	
12.302635	0.881511	 1.525676	
12.724764	0.714633	 1.660432	
12.914843	0.864699	 1.579241	
12.861467	1.274417	 1.589821	
12.845771	1.186920	 1.575254	
13.144791	1.097901	 1.719435	
12.518910	1.208405	 1.687746	
12.957889	1.236185	 1.831304	
13.350439	1.293903	 1.921277	
13.662570	1.283093	 1.972126	
12.794564	1.021322	 1.542197	
12.351048	0.926187	 1.156571	
12.924682	1.041087	 1.594715	
12.725806	0.853123	 1.753606	
13.358128	0.982559	 1.638905	
12.696927	0.732986	 1.467431	
12.936570	0.579128	 1.494764	
12.707018	0.749891	 1.489909	
12.491156	1.083282	 1.374542	
13.464387	1.154154	 1.545644	
14.094259	1.341873	 1.506286	
13.755970	1.196649	 1.351989	
13.563780	1.040284	 1.364822	
12.921429	1.154057	 1.218244	
12.519026	1.055128	 1.204111	
12.986739	0.923985	 1.161879	
13.548060	1.015679	 1.128619	
13.017325	0.765367	 1.295065	
12.574440	1.099293	 1.079577	
12.399541	1.129499	 0.978516	
12.734141	1.212346	 1.133078	
12.987370	0.956310	 1.175008	
12.293932	0.863189	 1.133639	
12.376986	0.910148	 1.044405	
12.961649	0.800103	 1.008040	
13.194801	0.640992	 1.071436	
12.965024	0.836829	 0.871033	
12.804492	0.790282	 0.744089	
12.322866	0.920476	 0.875339	
12.575607	0.970418	 0.799114	
12.678941	0.756967	 0.722237	
12.720633	0.527501	 0.988012	
12.965268	0.547975	 0.917259	
11.778492	0.556406	 0.884492	
11.927330	0.743560	 0.856296	
11.920219	0.755250	 0.715089	
11.755447	0.886612	 0.659628	
11.224610	0.818714	 0.687656	
11.585350	0.615525	 0.971873	
12.097983	0.340845	 0.829384	
11.591830	0.550255	 0.810296	
12.119530	0.907460	 0.885230	
12.156319	0.892062	 0.468973	
12.687994	0.731049	 0.589011	
11.724620	0.579548	 0.746791	
12.000122	0.617302	 0.788443	
12.283872	0.412449	 1.074450	
11.959425	0.329340	 0.955649	
11.580427	0.096182	 1.085041	
11.255267	0.299421	 0.850713	
11.041559	0.411405	 0.895753	
11.422776	0.529169	 1.095463	
11.666175	0.586625	 0.989278	
11.633425	0.793206	 1.111897	
11.333165	0.835675	 1.080114	
11.190967	0.879439	 0.891915	
11.418029	0.477614	 1.200129	
10.988248	0.408432	 0.823877	
11.896500	0.457265	 1.023584	
11.685149	0.659988	 1.167157	
11.485412	0.596608	 1.261038	
11.612936	0.556439	 1.143214	
11.580309	0.541913	 0.994260	
12.028889	0.618892	 0.674761	
11.665203	0.522490	 0.723819	
11.539653	0.640650	 0.702804	
11.760773	0.634266	 0.950348	
11.582505	0.452081	 0.934045	
12.468847	0.943504	 0.927413	
12.426849	0.735417	 1.097331	
11.682486	0.403869	 0.905811	
11.507805	0.535146	 1.079520	
11.750203	0.569689	 1.003479	
11.312112	0.352504	 1.053317	
11.367353	0.475528	 0.649448	
11.650555	0.732652	 0.729853	
11.337061	0.294973	 0.901994	
11.029261	0.230546	 1.068747	
11.532859	0.339391	 1.173587	
11.940321	0.600845	 1.107291	
12.330954	0.831559	 1.127789	
12.334042	0.943191	 1.128520	
12.106930	0.704940	 1.245828	
11.597404	0.664777	 1.039575	
11.198797	0.788755	 0.972878	
11.040739	0.494860	 0.718961	
11.496299	0.504913	 0.478176	
